L of Background 1
0.442248
0.691241
0.759497
0.806638
0.903299
0.956128
0.968456
0.975628
0.828095
1.04628
1.06597
1.17579
1.25754
1.30162
1.3556
1.36306
1.36494
1.36101
1.37989
1.3932
1.35057
1.32471
1.37527
1.39301
1.38172
1.49579
1.60324
1.61239
1.76049
2.00304
2.22149
2.30761
2.45221
2.47755
2.55302
2.60582
2.58635
2.54189
2.42836
2.29408
2.20065
2.11658
2.06352
1.80626
1.81628
1.83744
1.84838
1.82055
1.72506
1.68038
1.6668
1.59969
1.57898
1.57697
1.53923
1.45402
1.3551
1.30095
1.30298
1.31296
1.28525
1.26512
1.26498
1.36032
1.4455
1.98441
2.80629
3.3109
4.13567
4.91058
5.07315
4.39285
5.10141
5.54722
7.28483
8.28221
9.1737
9.67165
9.85496
8.90204
4.36957
8.28812
10.0574
10.256
10.2455
9.95796
9.46937
9.49495
9.39952
9.58024
8.94986
6.87564
7.2924
7.59298
7.7612
8.33328
9.06588
9.28379
9.05985
8.49178
9.2187
9.07134
8.69357
9.03754
8.98377
8.80438
8.62385
8.03022
5.76854
5.39353
5.6223
5.00374
4.74475
5.86414
5.10228
2.19789
0.895768
1.69012
1.73855
2.1102
2.9151
4.29534
4.48385
5.0623
5.97764
6.46711
6.69408
6.74115
6.87147
6.82117
6.80052
6.77891
6.71975
6.65231
6.56777
6.42317
6.27289
6.11052
5.96568
5.61338
5.25666
4.71806
3.93428
3.25352
1.9055
0.694467
0.448787
0.578962
0.980138
0.818277
1.03218
1.72636
2.45368
2.98338
3.27043
3.20302
3.34496
3.53317
3.37061
3.5381
3.61739
3.88075
3.99421
4.14624
4.20499
4.14931
4.03576
3.77962
3.3257
3.24831
3.56653
3.61276
3.55533
3.25213
2.88982
2.46826
2.10839
1.73987
1.23944
0.824466
0.585615
0.133471
0.00620705
4.22202e-005
1.31081e-007
5.44221e-006
9.70992e-006
1.56378e-006
2.98929e-006
7.74404e-006
2.95132e-005
0.000503883
0.00288978
0.00858248
0.0203192
0.0214841
0.0323962
0.0545144
0.0993406
0.130251
0.0930728
0.0914508
0.123687
0.198448
0.365665
0.538904
0.622267
0.739171
0.813954
0.921092
0.987951
1.056
1.1042
1.14287
1.16275
1.1812
1.1661
1.13319
1.18454
1.2267
1.24591
1.23423
1.22636
1.27284
1.32899
1.36046
1.36641
1.34206
1.33105
1.34226
1.36034
1.34896
1.32086
1.31006
1.27239
1.24477
1.19487
1.14818
1.09114
1.05352
0.998404
0.941649
0.916484
0.840499
0.789909
0.761948
0.720675
0.621296
0.548081
0.440912
0.323319
0.225869
0.120546
0.0467277
0.00962414
0.001998
0.000185257
8.84454e-006
2.95872e-007
9.03282e-009
1.60053e-009
4.77764e-009
1.5896e-008
3.76647e-008
1.39615e-007
1.34184e-007
4.26843e-007
6.01925e-007
1.7418e-007
1.33781e-008
7.47432e-008
3.30906e-007
4.43518e-006
2.79278e-005
0.000134682
0.000676817
0.00217986
0.00288281
0.00558841
0.0168355
0.0352786
0.0573673
0.0840065
0.0891636
0.0690321
0.0335023
0.0377583
0.0428126
0.071751
0.124007
0.162446
0.169695
0.149238
0.109202
0.109814
0.114927
0.134262
0.171214
0.190535
0.20195
0.201681
0.208862
0.215043
0.216117
0.220608
0.226507
0.231521
0.234546
0.222378
0.219478
0.217067
0.209967
0.216716
0.220767
0.203318
0.220023
0.214612
0.21054
0.21717
0.225363
0.227455
0.227421
0.21945
0.210039
0.202187
0.193421
0.180198
0.172214
0.164763
0.158725
0.152998
0.146376
0.13654
0.134207
0.127912
0.118345
0.105443
0.104046
0.0893796
0.0749014
0.0655635
0.0586695
0.0600906
0.0541507
0.0356211
0.0290299
0.0283973
0.0291104
0.0268871
0.0182322
0.00962278
0.0119167
0.0140333
0.00926859
0.00850897
0.00720673
0.0018262
0.00412867
0.0038277
0.00221274
L of Background Average
0.442248
0.691241
0.759497
0.806638
0.903299
0.956128
0.968456
0.975628
0.828095
1.04628
1.06597
1.17579
1.25754
1.30162
1.3556
1.36306
1.36494
1.36101
1.37989
1.3932
1.35057
1.32471
1.37527
1.39301
1.38172
1.49579
1.60324
1.61239
1.76049
2.00304
2.22149
2.30761
2.45221
2.47755
2.55302
2.60582
2.58635
2.54189
2.42836
2.29408
2.20065
2.11658
2.06352
1.80626
1.81628
1.83744
1.84838
1.82055
1.72506
1.68038
1.6668
1.59969
1.57898
1.57697
1.53923
1.45402
1.3551
1.30095
1.30298
1.31296
1.28525
1.26512
1.26498
1.36032
1.4455
1.98441
2.80629
3.3109
4.13567
4.91058
5.07315
4.39285
5.10141
5.54722
7.28483
8.28221
9.1737
9.67165
9.85496
8.90204
4.36957
8.28812
10.0574
10.256
10.2455
9.95796
9.46937
9.49495
9.39952
9.58024
8.94986
6.87564
7.2924
7.59298
7.7612
8.33328
9.06588
9.28379
9.05985
8.49178
9.2187
9.07134
8.69357
9.03754
8.98377
8.80438
8.62385
8.03022
5.76854
5.39353
5.6223
5.00374
4.74475
5.86414
5.10228
2.19789
0.895768
1.69012
1.73855
2.1102
2.9151
4.29534
4.48385
5.0623
5.97764
6.46711
6.69408
6.74115
6.87147
6.82117
6.80052
6.77891
6.71975
6.65231
6.56777
6.42317
6.27289
6.11052
5.96568
5.61338
5.25666
4.71806
3.93428
3.25352
1.9055
0.694467
0.448787
0.578962
0.980138
0.818277
1.03218
1.72636
2.45368
2.98338
3.27043
3.20302
3.34496
3.53317
3.37061
3.5381
3.61739
3.88075
3.99421
4.14624
4.20499
4.14931
4.03576
3.77962
3.3257
3.24831
3.56653
3.61276
3.55533
3.25213
2.88982
2.46826
2.10839
1.73987
1.23944
0.824466
0.585615
0.133471
0.00620705
4.22202e-005
1.31081e-007
5.44221e-006
9.70992e-006
1.56378e-006
2.98929e-006
7.74404e-006
2.95132e-005
0.000503883
0.00288978
0.00858248
0.0203192
0.0214841
0.0323962
0.0545144
0.0993406
0.130251
0.0930728
0.0914508
0.123687
0.198448
0.365665
0.538904
0.622267
0.739171
0.813954
0.921092
0.987951
1.056
1.1042
1.14287
1.16275
1.1812
1.1661
1.13319
1.18454
1.2267
1.24591
1.23423
1.22636
1.27284
1.32899
1.36046
1.36641
1.34206
1.33105
1.34226
1.36034
1.34896
1.32086
1.31006
1.27239
1.24477
1.19487
1.14818
1.09114
1.05352
0.998404
0.941649
0.916484
0.840499
0.789909
0.761948
0.720675
0.621296
0.548081
0.440912
0.323319
0.225869
0.120546
0.0467277
0.00962414
0.001998
0.000185257
8.84454e-006
2.95872e-007
9.03282e-009
1.60053e-009
4.77764e-009
1.5896e-008
3.76647e-008
1.39615e-007
1.34184e-007
4.26843e-007
6.01925e-007
1.7418e-007
1.33781e-008
7.47432e-008
3.30906e-007
4.43518e-006
2.79278e-005
0.000134682
0.000676817
0.00217986
0.00288281
0.00558841
0.0168355
0.0352786
0.0573673
0.0840065
0.0891636
0.0690321
0.0335023
0.0377583
0.0428126
0.071751
0.124007
0.162446
0.169695
0.149238
0.109202
0.109814
0.114927
0.134262
0.171214
0.190535
0.20195
0.201681
0.208862
0.215043
0.216117
0.220608
0.226507
0.231521
0.234546
0.222378
0.219478
0.217067
0.209967
0.216716
0.220767
0.203318
0.220023
0.214612
0.21054
0.21717
0.225363
0.227455
0.227421
0.21945
0.210039
0.202187
0.193421
0.180198
0.172214
0.164763
0.158725
0.152998
0.146376
0.13654
0.134207
0.127912
0.118345
0.105443
0.104046
0.0893796
0.0749014
0.0655635
0.0586695
0.0600906
0.0541507
0.0356211
0.0290299
0.0283973
0.0291104
0.0268871
0.0182322
0.00962278
0.0119167
0.0140333
0.00926859
0.00850897
0.00720673
0.0018262
0.00412867
0.0038277
0.00221274
L of Target
0.442248
0.691241
0.759497
0.806638
0.903299
0.956128
0.968456
0.975628
0.828095
1.04628
1.06597
1.17579
1.25754
1.30162
1.3556
1.36306
1.36494
1.36101
1.37989
1.3932
1.35057
1.32471
1.37527
1.39301
1.38172
1.49579
1.60324
1.61239
1.76049
2.00304
2.22149
2.30761
2.45221
2.47755
2.55302
2.60582
2.58635
2.54189
2.42836
2.29408
2.20065
2.11658
2.06352
1.80626
1.81628
1.83744
1.84838
1.82055
1.72506
1.68038
1.6668
1.59969
1.57898
1.57697
1.53923
1.45402
1.3551
1.30095
1.30298
1.31296
1.28525
1.26512
1.26498
1.36032
1.4455
1.98441
2.80629
3.3109
4.13567
4.91058
5.07315
4.39285
5.10141
5.54722
7.28483
8.28221
9.1737
9.67165
9.85496
8.90204
4.36957
8.28812
10.0574
10.256
10.2455
9.95796
9.46937
9.49495
9.39952
9.58024
8.94986
6.87564
7.2924
7.59298
7.7612
8.33328
9.06588
9.28379
9.05985
8.49178
9.2187
9.07134
8.69357
9.03754
8.98377
8.80438
8.62385
8.03022
5.76854
5.39353
5.6223
5.00374
4.74475
5.86414
5.10228
2.19789
0.895768
1.69012
1.73855
2.1102
2.9151
4.29534
4.48385
5.0623
5.97764
6.46711
6.69408
6.74115
6.87147
6.82117
6.80052
6.77891
6.71975
6.65231
6.56777
6.42317
6.27289
6.11052
5.96568
5.61338
5.25666
4.71806
3.93428
3.25352
1.9055
0.694467
0.448787
0.578962
0.980138
0.818277
1.03218
1.72636
2.45368
2.98338
3.27043
3.20302
3.34496
3.53317
3.37061
3.5381
3.61739
3.88075
3.99421
4.14624
4.20499
4.14931
4.03576
3.77962
3.3257
3.24831
3.56653
3.61276
3.55533
3.25213
2.88982
2.46826
2.10839
1.73987
1.23944
0.824466
0.585615
0.133471
0.00620705
4.22202e-005
1.31081e-007
5.44221e-006
9.70992e-006
1.56378e-006
2.98929e-006
7.74404e-006
2.95132e-005
0.000503883
0.00288978
0.00858248
0.0203192
0.0214841
0.0323962
0.0545144
0.0993406
0.130251
0.0930728
0.0914508
0.123687
0.198448
0.365665
0.538904
0.622267
0.739171
0.813954
0.921092
0.987951
1.056
1.1042
1.14287
1.16275
1.1812
1.1661
1.13319
1.18454
1.2267
1.24591
1.23423
1.22636
1.27284
1.32899
1.36046
1.36641
1.34206
1.33105
1.34226
1.36034
1.34896
1.32086
1.31006
1.27239
1.24477
1.19487
1.14818
1.09114
1.05352
0.998404
0.941649
0.916484
0.840499
0.789909
0.761948
0.720675
0.621296
0.548081
0.440912
0.323319
0.225869
0.120546
0.0467277
0.00962414
0.001998
0.000185257
8.84454e-006
2.95872e-007
9.03282e-009
1.60053e-009
4.77764e-009
1.5896e-008
3.76647e-008
1.39615e-007
1.34184e-007
4.26843e-007
6.01925e-007
1.7418e-007
1.33781e-008
7.47432e-008
3.30906e-007
4.43518e-006
2.79278e-005
0.000134682
0.000676817
0.00217986
0.00288281
0.00558841
0.0168355
0.0352786
0.0573673
0.0840065
0.0891636
0.0690321
0.0335023
0.0377583
0.0428126
0.071751
0.124007
0.162446
0.169695
0.149238
0.109202
0.109814
0.114927
0.134262
0.171214
0.190535
0.20195
0.201681
0.208862
0.215043
0.216117
0.220608
0.226507
0.231521
0.234546
0.222378
0.219478
0.217067
0.209967
0.216716
0.220767
0.203318
0.220023
0.214612
0.21054
0.21717
0.225363
0.227455
0.227421
0.21945
0.210039
0.202187
0.193421
0.180198
0.172214
0.164763
0.158725
0.152998
0.146376
0.13654
0.134207
0.127912
0.118345
0.105443
0.104046
0.0893796
0.0749014
0.0655635
0.0586695
0.0600906
0.0541507
0.0356211
0.0290299
0.0283973
0.0291104
0.0268871
0.0182322
0.00962278
0.0119167
0.0140333
0.00926859
0.00850897
0.00720673
0.0018262
0.00412867
0.0038277
0.00221274
