L of Background 1
0.912133
1.40358
1.5129
1.55492
1.68255
1.72217
1.6863
1.6553
1.38408
1.74041
1.76937
1.94068
2.05987
2.11477
2.1787
2.17183
2.16917
2.16405
2.18834
2.19187
2.10607
2.05251
2.11502
2.11552
2.06494
2.19392
2.29065
2.2353
2.36906
2.61957
2.83395
2.89189
3.0384
3.04485
3.11488
3.16047
3.12636
3.07485
2.952
2.81404
2.72714
2.64187
2.58349
2.26533
2.28385
2.31629
2.33186
2.29896
2.18357
2.13407
2.12245
2.03886
2.01194
2.01101
1.96897
1.86964
1.75116
1.68839
1.69969
1.72123
1.69002
1.66293
1.65627
1.73818
1.72729
2.24165
3.06132
3.53971
4.34236
5.09217
5.20326
4.42592
5.11382
5.54728
7.30643
8.29245
9.16582
9.64931
9.82316
8.85248
4.25112
8.15139
9.99699
10.1916
10.178
9.88903
9.39793
9.42284
9.32634
9.50636
8.86947
6.73053
7.18989
7.45728
7.62578
8.2405
8.98449
9.2017
8.97896
8.41504
9.1347
8.98858
8.6139
8.95363
8.89929
8.72113
8.54193
7.94571
5.6666
5.2934
5.50459
4.90944
4.65462
5.7626
5.0194
2.13349
0.856558
1.63244
1.679
2.04506
2.84394
4.22448
4.40717
4.99063
5.92072
6.41199
6.63403
6.6773
6.80492
6.75474
6.73388
6.71217
6.65336
6.58642
6.50274
6.35962
6.21076
6.04988
5.90567
5.55498
5.19895
4.66016
3.87307
3.19283
1.86414
0.67259
0.433756
0.562181
0.956022
0.794665
1.00461
1.69182
2.41804
2.9356
3.21915
3.16078
3.30168
3.48664
3.3153
3.47554
3.56762
3.83793
3.95402
4.10767
4.16738
4.11264
4.0002
3.74548
3.29129
3.21379
3.53441
3.58173
3.52428
3.21726
2.85175
2.44057
2.08398
1.71816
1.22157
0.809949
0.575153
0.130551
0.00605715
4.15332e-005
1.43637e-007
5.78413e-006
1.03864e-005
1.76107e-006
3.40516e-006
8.56191e-006
3.12835e-005
0.000506379
0.00286735
0.00848594
0.020134
0.0212916
0.0321703
0.0542429
0.0992014
0.130167
0.092865
0.0913271
0.123303
0.19794
0.366017
0.540751
0.624704
0.742137
0.817203
0.924896
0.99177
1.05957
1.10727
1.14551
1.16501
1.18306
1.16719
1.13339
1.1845
1.22669
1.24574
1.23348
1.22499
1.27123
1.32732
1.35869
1.36445
1.33984
1.32856
1.33967
1.35772
1.34632
1.31821
1.30747
1.26991
1.24228
1.19204
1.14524
1.08507
1.04547
0.993431
0.937863
0.913081
0.837631
0.787561
0.760238
0.719224
0.619358
0.546101
0.438886
0.321297
0.224358
0.119585
0.0463486
0.00954357
0.0019878
0.000186501
9.1962e-006
3.48549e-007
1.15831e-008
2.15072e-009
6.62546e-009
2.20719e-008
7.25959e-008
3.66329e-007
2.57734e-007
5.45353e-007
7.62415e-007
2.23481e-007
1.75813e-008
9.823e-008
4.17536e-007
5.00627e-006
3.05152e-005
0.000143742
0.000712713
0.00228237
0.00299367
0.00575674
0.0173573
0.0363464
0.0590358
0.0863883
0.0913542
0.0703513
0.0338649
0.038137
0.0432456
0.0727676
0.126087
0.165175
0.172421
0.151509
0.110644
0.111228
0.116405
0.136019
0.173518
0.19318
0.204674
0.204187
0.211435
0.217722
0.218713
0.223139
0.229008
0.234154
0.237194
0.224725
0.221691
0.219126
0.211778
0.218571
0.22263
0.204969
0.22166
0.216073
0.211919
0.218624
0.226941
0.229118
0.229085
0.221054
0.2116
0.203724
0.194926
0.181634
0.173602
0.16602
0.159868
0.154035
0.147288
0.137211
0.134645
0.128172
0.118563
0.106075
0.104849
0.0901142
0.0754584
0.065825
0.0590431
0.0606267
0.0547148
0.036017
0.0293627
0.0287299
0.0295046
0.0272953
0.0185694
0.00981739
0.0122333
0.014452
0.00954833
0.00889153
0.00757021
0.00193254
0.00449075
0.00417565
0.00243034
L of Background 2
13.8877
21.3862
22.9429
23.1914
24.5648
24.5652
23.4555
22.585
18.7562
23.7129
24.3156
26.7701
28.447
29.1946
29.9464
29.7978
29.9583
30.2146
30.7521
30.7406
29.4243
28.6716
29.4748
29.1521
27.9465
28.9759
29.0597
26.8838
26.8678
27.8988
28.4168
27.711
28.2956
27.8006
27.9479
28.014
27.6493
27.5403
27.173
26.9904
27.3413
27.3815
27.292
24.2463
24.894
25.6811
26.1878
26.1501
25.2626
25.1683
25.4462
24.7285
24.6002
24.8635
24.7872
24.0852
23.081
22.7145
23.4102
24.2476
24.2124
23.9994
23.8524
23.5411
19.506
19.4623
20.6983
20.4568
21.1639
21.586
19.6059
14.6731
15.479
15.3306
18.6704
19.7554
20.6335
20.9255
20.8116
18.4309
8.61752
16.2863
19.7187
19.8545
19.6664
18.9782
17.9237
17.8768
17.5945
17.8523
16.5591
12.4575
13.2531
13.6808
13.9217
14.9796
16.284
16.6411
16.1886
15.1103
16.3513
16.0995
15.4099
15.9398
15.7502
15.4043
15.1023
14.0665
10.0181
9.37043
9.76262
8.71571
8.27295
10.2692
8.94322
3.79591
1.53264
2.94851
3.05783
3.75424
5.25533
7.869
8.26063
9.42424
11.2361
12.0328
12.0665
11.7577
11.7865
11.642
11.5411
11.44
11.2902
11.1373
10.9773
10.7249
10.452
10.1778
9.99154
9.51986
9.05852
8.22908
6.88104
5.67428
3.31196
1.20056
0.786605
1.0374
1.79587
1.51699
1.96132
3.34702
4.79427
5.73053
6.09435
5.79743
5.9191
6.16357
5.76029
5.91738
5.99723
6.46599
6.75801
7.14642
7.35522
7.31754
7.14658
6.71365
5.92766
5.81455
6.40194
6.49427
6.44226
5.97682
5.40684
4.74673
4.20947
3.64784
2.73233
1.90454
1.3906
0.320554
0.0150008
0.00010234
2.75114e-007
1.25902e-005
2.77327e-005
4.58291e-006
8.80472e-006
3.2827e-005
0.000128316
0.00239697
0.0144943
0.0456647
0.113897
0.124909
0.197846
0.343237
0.63283
0.827592
0.587533
0.574273
0.744537
1.10543
1.90702
2.70927
3.03995
3.50444
3.74649
4.11328
4.26381
4.39856
4.44749
4.47785
4.45329
4.41586
4.20513
3.92328
3.99507
4.09455
4.10076
3.95057
3.78773
3.83078
3.94916
4.00365
3.95411
3.7929
3.67998
3.6629
3.68377
3.62062
3.51214
3.46081
3.36179
3.31177
3.20049
3.05681
2.82061
2.60404
2.34196
2.07589
1.9654
1.89583
1.95046
2.02479
1.96944
1.69083
1.50061
1.24939
0.967921
0.709607
0.39388
0.157781
0.0357253
0.00831759
0.000903503
4.88957e-005
1.87623e-006
4.82785e-008
4.08237e-009
1.40376e-008
6.56722e-008
1.32336e-007
3.89011e-007
9.67673e-007
5.11912e-006
6.93165e-006
1.69871e-006
8.09346e-008
5.16097e-007
3.70728e-006
8.68648e-005
0.000600509
0.00322269
0.0168187
0.0517456
0.0633026
0.105271
0.280911
0.52741
0.775698
1.03758
1.00695
0.712139
0.319386
0.344995
0.38297
0.628021
1.05643
1.34364
1.36386
1.16905
0.832408
0.824385
0.853934
0.989919
1.25368
1.37939
1.43781
1.40376
1.43244
1.46141
1.44535
1.44802
1.46252
1.48743
1.49319
1.3909
1.34342
1.30459
1.2406
1.25953
1.2511
1.13298
1.19729
1.14721
1.11201
1.13934
1.1772
1.18123
1.17142
1.13198
1.09285
1.06221
1.02758
0.973145
0.934523
0.868491
0.811775
0.755505
0.683868
0.566865
0.473536
0.417487
0.398567
0.473638
0.539487
0.485711
0.413304
0.348802
0.299767
0.341563
0.338017
0.247431
0.218342
0.209279
0.222261
0.219391
0.183032
0.118377
0.154865
0.185942
0.133732
0.158107
0.14649
0.0503047
0.146272
0.142736
0.0979242
L of Background Average
3.33879
5.14305
5.52575
5.60945
5.97371
6.00931
5.77554
5.59012
4.65273
5.87766
6.01775
6.62337
7.03959
7.22895
7.42685
7.39717
7.42908
7.47725
7.6025
7.60707
7.29162
7.10901
7.31571
7.25848
6.99376
7.29895
7.39538
6.93907
7.04844
7.45267
7.72954
7.64504
7.87903
7.79361
7.88105
7.93254
7.83738
7.77694
7.60922
7.46581
7.46369
7.40282
7.34094
6.5102
6.65164
6.82487
6.932
6.89939
6.63664
6.57996
6.62552
6.423
6.37843
6.42855
6.38089
6.16913
5.88451
5.76201
5.9042
6.08251
6.05144
5.98963
5.95713
5.96508
5.18845
5.60054
6.50195
6.84296
7.62811
8.31551
8.0247
6.44636
7.15773
7.47764
9.54376
10.5487
11.4232
11.87
11.9881
10.7412
5.1181
9.75932
11.9156
12.0989
12.0513
11.6844
11.0832
11.094
10.9613
11.1564
10.391
7.86725
8.39217
8.69133
8.87409
9.57572
10.4296
10.6741
10.406
9.74041
10.5634
10.3964
9.95949
10.3371
10.2562
10.045
9.84166
9.15917
6.53184
6.10417
6.35118
5.66669
5.37464
6.65798
5.79961
2.46516
0.991667
1.89524
1.95435
2.38623
3.3247
4.94949
5.17361
5.87155
6.97533
7.52672
7.7117
7.68553
7.79373
7.72492
7.68831
7.65093
7.57411
7.49023
7.39146
7.22673
7.05332
6.87002
6.71759
6.34298
5.96614
5.36984
4.47175
3.68719
2.15299
0.778089
0.504284
0.657134
1.12376
0.939
1.19573
2.02209
2.89154
3.49214
3.79154
3.68584
3.82292
4.0197
3.80235
3.96196
4.05163
4.36128
4.51222
4.71235
4.8016
4.7502
4.62614
4.33607
3.81609
3.73156
4.10505
4.16123
4.10497
3.76666
3.36061
2.90003
2.50757
2.10291
1.523
1.02855
0.738034
0.168526
0.00784546
5.36929e-005
1.69931e-007
7.1453e-006
1.38555e-005
2.3254e-006
4.48502e-006
1.34147e-005
5.06885e-005
0.000884467
0.00519249
0.0159206
0.0388826
0.0420106
0.0652955
0.112017
0.205849
0.269524
0.191729
0.187838
0.247452
0.379209
0.673466
0.972834
1.10562
1.29183
1.39996
1.55889
1.64223
1.72323
1.77118
1.80788
1.81867
1.82575
1.77128
1.68835
1.74357
1.79711
1.81365
1.7741
1.73501
1.78061
1.84908
1.8851
1.87992
1.82816
1.79672
1.80227
1.82091
1.79923
1.75516
1.73636
1.68659
1.65454
1.59222
1.52618
1.43105
1.35626
1.26242
1.16495
1.12309
1.04879
1.01957
1.01248
0.968615
0.833188
0.736661
0.600749
0.450498
0.321343
0.17442
0.068628
0.0147792
0.00325367
0.000329896
1.71359e-005
6.54074e-007
1.89219e-008
2.53705e-009
8.10789e-009
3.07916e-008
8.45435e-008
3.70866e-007
3.99723e-007
1.46009e-006
1.9962e-006
5.18506e-007
3.02515e-008
1.81805e-007
1.07547e-006
2.13773e-005
0.000144512
0.000759503
0.00393366
0.0121736
0.0150536
0.0256542
0.0700379
0.134474
0.202182
0.276263
0.274134
0.198535
0.0909283
0.0994641
0.111137
0.183656
0.311738
0.400255
0.410067
0.354507
0.254715
0.25358
0.263608
0.306412
0.388988
0.429748
0.450577
0.443437
0.454949
0.465722
0.463323
0.467408
0.474991
0.484051
0.487629
0.457298
0.445426
0.435644
0.417023
0.426226
0.427797
0.390127
0.416302
0.40186
0.391532
0.402347
0.416539
0.419083
0.417091
0.402806
0.387436
0.37502
0.361076
0.339587
0.32545
0.306226
0.290002
0.274121
0.254441
0.223033
0.202353
0.185987
0.174522
0.17951
0.191674
0.169145
0.142961
0.122376
0.107157
0.116768
0.111328
0.0782753
0.0671407
0.0648243
0.0680371
0.0656957
0.05145
0.0315243
0.0407495
0.0487358
0.0343786
0.0387243
0.0353443
0.011606
0.0328361
0.031878
0.0215256
L of Target
13.8877
21.3862
22.9429
23.1914
24.5648
24.5652
23.4555
22.585
18.7562
23.7129
24.3156
26.7701
28.447
29.1946
29.9464
29.7978
29.9583
30.2146
30.7521
30.7406
29.4243
28.6716
29.4748
29.1521
27.9465
28.9759
29.0597
26.8838
26.8678
27.8988
28.4168
27.711
28.2956
27.8006
27.9479
28.014
27.6493
27.5403
27.173
26.9904
27.3413
27.3815
27.292
24.2463
24.894
25.6811
26.1878
26.1501
25.2626
25.1683
25.4462
24.7285
24.6002
24.8635
24.7872
24.0852
23.081
22.7145
23.4102
24.2476
24.2124
23.9994
23.8524
23.5411
19.506
19.4623
20.6983
20.4568
21.1639
21.586
19.6059
14.6731
15.479
15.3306
18.6704
19.7554
20.6335
20.9255
20.8116
18.4309
8.61752
16.2863
19.7187
19.8545
19.6664
18.9782
17.9237
17.8768
17.5945
17.8523
16.5591
12.4575
13.2531
13.6808
13.9217
14.9796
16.284
16.6411
16.1886
15.1103
16.3513
16.0995
15.4099
15.9398
15.7502
15.4043
15.1023
14.0665
10.0181
9.37043
9.76262
8.71571
8.27295
10.2692
8.94322
3.79591
1.53264
2.94851
3.05783
3.75424
5.25533
7.869
8.26063
9.42424
11.2361
12.0328
12.0665
11.7577
11.7865
11.642
11.5411
11.44
11.2902
11.1373
10.9773
10.7249
10.452
10.1778
9.99154
9.51986
9.05852
8.22908
6.88104
5.67428
3.31196
1.20056
0.786605
1.0374
1.79587
1.51699
1.96132
3.34702
4.79427
5.73053
6.09435
5.79743
5.9191
6.16357
5.76029
5.91738
5.99723
6.46599
6.75801
7.14642
7.35522
7.31754
7.14658
6.71365
5.92766
5.81455
6.40194
6.49427
6.44226
5.97682
5.40684
4.74673
4.20947
3.64784
2.73233
1.90454
1.3906
0.320554
0.0150008
0.00010234
2.75114e-007
1.25902e-005
2.77327e-005
4.58291e-006
8.80472e-006
3.2827e-005
0.000128316
0.00239697
0.0144943
0.0456647
0.113897
0.124909
0.197846
0.343237
0.63283
0.827592
0.587533
0.574273
0.744537
1.10543
1.90702
2.70927
3.03995
3.50444
3.74649
4.11328
4.26381
4.39856
4.44749
4.47785
4.45329
4.41586
4.20513
3.92328
3.99507
4.09455
4.10076
3.95057
3.78773
3.83078
3.94916
4.00365
3.95411
3.7929
3.67998
3.6629
3.68377
3.62062
3.51214
3.46081
3.36179
3.31177
3.20049
3.05681
2.82061
2.60404
2.34196
2.07589
1.9654
1.89583
1.95046
2.02479
1.96944
1.69083
1.50061
1.24939
0.967921
0.709607
0.39388
0.157781
0.0357253
0.00831759
0.000903503
4.88957e-005
1.87623e-006
4.82785e-008
4.08237e-009
1.40376e-008
6.56722e-008
1.32336e-007
3.89011e-007
9.67673e-007
5.11912e-006
6.93165e-006
1.69871e-006
8.09346e-008
5.16097e-007
3.70728e-006
8.68648e-005
0.000600509
0.00322269
0.0168187
0.0517456
0.0633026
0.105271
0.280911
0.52741
0.775698
1.03758
1.00695
0.712139
0.319386
0.344995
0.38297
0.628021
1.05643
1.34364
1.36386
1.16905
0.832408
0.824385
0.853934
0.989919
1.25368
1.37939
1.43781
1.40376
1.43244
1.46141
1.44535
1.44802
1.46252
1.48743
1.49319
1.3909
1.34342
1.30459
1.2406
1.25953
1.2511
1.13298
1.19729
1.14721
1.11201
1.13934
1.1772
1.18123
1.17142
1.13198
1.09285
1.06221
1.02758
0.973145
0.934523
0.868491
0.811775
0.755505
0.683868
0.566865
0.473536
0.417487
0.398567
0.473638
0.539487
0.485711
0.413304
0.348802
0.299767
0.341563
0.338017
0.247431
0.218342
0.209279
0.222261
0.219391
0.183032
0.118377
0.154865
0.185942
0.133732
0.158107
0.14649
0.0503047
0.146272
0.142736
0.0979242
