SNR of Background 1
9.50403
16.1833
18.7309
20.7199
23.4179
25.8906
27.9545
29.9064
28.3044
35.3241
37.7705
41.9071
45.6146
48.0829
50.263
51.7697
53.053
54.507
55.9226
57.3459
57.6939
58.337
60.2062
61.3699
60.9035
62.6792
63.3743
63.0726
64.4326
67.0912
68.9424
69.5685
70.8947
71.1206
71.7081
72.3368
72.5584
72.5584
72.1733
71.696
71.3336
71.1146
70.9845
68.6598
69.1685
69.8991
69.5504
68.4619
66.6864
65.0375
64.8169
63.7848
63.285
63.1189
62.1633
60.7255
58.8523
58.2006
58.3382
58.7988
58.5674
58.3173
58.4178
59.7122
59.4708
65.7217
72.4579
75.3151
78.7475
80.951
81.1577
78.2486
80.1521
81.2057
84.6684
85.8703
86.8447
87.0614
86.888
85.2315
72.4769
82.9473
85.1968
84.9391
84.135
83.1464
81.7579
81.0854
80.159
79.8574
78.3203
73.0165
73.4249
73.7249
73.1904
74.2419
75.415
75.393
73.8146
71.976
73.0235
72.0898
70.5616
71.4707
70.6522
69.4871
68.2466
65.7862
56.8277
54.0739
53.9035
49.834
47.2085
51.1559
46.2311
25.5432
11.3961
30.8556
29.7555
19.005
35.9569
47.6028
47.0056
46.4181
44.9093
36.4835
23.3518
23.7664
24.4903
27.3236
27.5628
30.4783
33.1429
33.2169
35.5653
35.1313
36.9798
38.6288
38.1102
38.5975
38.756
35.7118
32.3778
29.0062
18.883
7.49568
5.14325
7.30191
12.8336
11.2333
14.5935
24.5058
34.3638
41.1749
44.0764
44.5759
47.0372
49.8686
49.3854
52.1652
55.2184
58.7964
60.8627
63.1522
64.6124
65.9169
65.9442
64.6863
61.3472
61.4483
65.3763
66.6239
66.8761
65.4062
62.1778
57.6769
53.0675
47.2569
37.1048
26.7102
19.9528
4.85122
0.232341
0.00162786
5.74854e-006
0.000236616
0.000433579
7.5006e-005
0.00014792
0.000379249
0.00141466
0.0230655
0.133283
0.402285
0.973988
1.03581
1.59662
2.73092
4.98983
6.62937
4.83009
4.77183
6.51889
10.395
18.951
27.5634
31.5062
37.0219
40.6661
44.9662
48.0345
51.0262
52.8777
55.1044
56.7383
57.9443
58.5214
58.5495
60.6443
62.7869
64.2477
64.7912
65.0597
66.6868
68.4973
69.9653
70.5316
70.3903
70.5694
70.9292
71.4653
71.3333
70.8583
70.7294
70.0072
69.4604
68.3481
67.2548
65.6641
64.6154
63.1008
61.3496
60.1993
57.4459
55.507
54.1813
52.9812
48.1994
44.3045
38.0743
29.6005
21.8991
12.2052
4.81896
0.997295
0.209792
0.0196382
0.000964741
3.64657e-005
1.22155e-006
2.25921e-007
6.87275e-007
2.28441e-006
7.41556e-006
3.68772e-005
2.58634e-005
5.45297e-005
7.51411e-005
2.19299e-005
1.7248e-006
9.74439e-006
4.14497e-005
0.000497363
0.00306088
0.0144285
0.0715797
0.231616
0.303201
0.581667
1.72884
3.60269
5.80879
8.3404
8.80169
6.80173
3.29214
3.72974
4.25371
7.15443
12.294
16.0091
16.7786
14.7997
10.9666
11.0417
11.5576
13.4455
16.9464
18.766
19.6398
19.6281
20.4218
21.1109
21.1491
21.6733
22.3544
22.727
23.1589
21.9684
21.6337
21.3388
20.6176
21.1572
21.2341
19.5917
20.9869
20.4322
19.7833
20.0379
20.2048
19.8325
19.2455
18.2855
17.0089
15.8549
14.9325
13.688
12.8462
12.072
11.5688
10.9288
10.2563
9.36778
9.31823
8.99791
8.44726
7.67358
7.68363
6.70691
5.70324
5.04671
4.47729
4.53924
3.98636
2.59884
2.09621
2.02412
2.05043
1.87139
1.23522
0.643719
0.775619
0.901017
0.575091
0.51634
0.431712
0.106228
0.242357
0.216527
0.123622
SNR of Background 2
61.49
74.6013
77.726
79.5573
81.6759
83.2647
84.3473
85.3213
84.2313
88.1387
89.2811
90.8572
92.0434
92.7378
93.2769
93.6347
93.9722
94.3536
94.6838
94.9587
95.0083
95.1314
95.4678
95.6277
95.4674
95.6824
95.6393
95.354
95.3548
95.5938
95.6975
95.6313
95.775
95.7392
95.7853
95.8615
95.8965
95.946
95.9773
96.0442
96.1436
96.2263
96.2723
95.9068
96.0685
96.2586
96.2452
96.1049
95.8576
95.637
95.6651
95.5244
95.4663
95.4834
95.384
95.2152
94.9579
94.9273
95.0659
95.2571
95.29
95.2766
95.2856
95.2503
94.3036
94.3289
94.6742
94.6304
94.751
94.7389
94.1941
92.2611
92.4354
92.2704
93.3812
93.538
93.6941
93.5854
93.3497
92.3155
84.218
90.6686
91.9028
91.6561
91.1072
90.4453
89.5243
89.0486
88.3991
88.1567
87.0852
83.3528
83.5836
83.7296
83.2847
83.9692
84.7522
84.7085
83.5553
82.1765
82.8889
82.2223
81.0849
81.6803
80.9868
80.0848
79.1615
77.2877
69.9364
67.5693
67.46
63.8057
61.3718
65.1041
60.4954
37.8946
18.7052
44.6201
43.5404
31.2607
55.8386
68.2603
67.8969
67.5766
66.2871
56.9729
38.8438
38.4516
38.9665
42.6732
42.812
46.416
49.5849
49.5567
52.3064
51.7611
53.8432
55.7004
55.3101
56.2942
57.033
54.0077
50.1901
45.8954
31.5398
13.1513
9.22473
13.2337
23.149
20.7075
27.0132
43.1561
56.3444
63.4419
65.393
64.8701
66.5319
68.7317
67.7547
69.6552
71.9359
74.9523
76.9469
79.09
80.4614
81.5366
81.6428
80.8588
78.6089
78.7921
81.5567
82.4071
82.7389
82.1151
80.3972
77.8141
75.2893
71.8681
63.5391
52.1095
42.3483
11.6842
0.575008
0.00401112
1.10104e-005
0.000515038
0.0011577
0.000195191
0.000382477
0.00145406
0.00580249
0.109164
0.67301
2.15684
5.45352
6.00686
9.62091
16.5821
29.0183
36.8132
27.999
27.5525
34.8193
47.2597
66.0348
76.8843
79.9495
83.4862
85.1798
86.9438
87.8565
88.6389
88.9392
89.4526
89.7841
89.9327
89.7012
89.1886
89.6662
90.3396
90.7029
90.5792
90.2593
90.5609
91.0788
91.4977
91.5216
91.219
91.0451
91.0359
91.1529
91.0044
90.7148
90.5881
90.3017
90.1665
89.8022
89.2694
88.2012
87.0559
85.3512
83.1627
81.876
81.1958
81.9051
82.609
82.4529
79.2453
76.4828
72.0068
64.3849
54.6591
35.9074
15.8614
3.711
0.876653
0.0951229
0.00512943
0.000196294
5.09144e-006
4.28831e-007
1.45616e-006
6.79697e-006
1.3518e-005
3.91604e-005
9.71049e-005
0.000511859
0.00068316
0.000166692
7.94002e-006
5.11967e-005
0.00036803
0.0086297
0.0602283
0.323288
1.68356
5.19309
6.32306
10.3764
25.7474
43.235
56.0695
65.3364
64.346
52.6558
28.2993
30.4276
33.4217
49.0085
66.6071
73.9651
74.5641
70.0481
59.1978
58.9325
60.1754
65.0932
72.3257
75.0334
75.9051
75.3158
76.0643
76.7602
76.409
76.6305
77.0898
77.4151
77.7093
75.783
74.7676
73.8711
72.3575
72.6926
72.0862
68.998
70.5521
69.1575
67.7186
67.9356
68.0701
67.2516
65.9673
64.2441
61.989
59.8202
58.0598
55.5115
53.4183
50.2563
47.7752
44.6895
40.8413
34.5631
30.0554
27.2594
26.4752
31.094
35.0339
32.4604
28.5938
24.9007
21.4718
23.8966
23.0696
17.0937
15.022
14.2462
14.8911
14.5149
11.8389
7.63339
9.60462
11.2846
7.91401
8.99253
8.19925
2.74977
7.75446
7.27978
4.92815
SNR of Background Average
27.7577
41.4176
45.6872
48.5098
52.0341
54.9157
57.0423
59.0121
57.009
64.8262
67.3481
71.0986
74.1208
75.9814
77.4892
78.5095
79.4556
80.5329
81.4973
82.3409
82.5122
82.8956
83.9482
84.4896
84.0578
84.8117
84.8095
84.1249
84.3428
85.2881
85.8191
85.797
86.3271
86.303
86.5051
86.7736
86.8867
86.9874
86.984
87.0425
87.1915
87.3347
87.4188
86.2881
86.7212
87.2431
87.1578
86.687
85.8775
85.1464
85.1801
84.7219
84.5234
84.5384
84.1799
83.6028
82.7677
82.6045
82.9377
83.443
83.4931
83.4322
83.4696
83.5609
81.4986
82.7227
84.8155
85.5002
86.6802
87.403
86.914
83.9713
84.9661
85.345
87.8241
88.5456
89.162
89.2205
88.9948
87.5032
76.0195
85.3444
87.2764
87.0042
86.2616
85.3561
84.0895
83.4625
82.6026
82.3085
80.887
75.9773
76.3296
76.5805
76.0574
77.0064
78.0732
78.0408
76.5625
74.828
75.7873
74.92
73.4828
74.3065
73.5047
72.3969
71.2321
68.9079
60.2725
57.5844
57.4301
53.4124
50.7989
54.75
49.8335
28.3853
12.9601
34.1257
33.0219
21.6929
40.6733
52.94
52.3959
51.8692
50.3612
41.3666
26.7081
26.9351
27.6159
30.685
30.9025
34.0206
36.8484
36.8973
39.3856
38.9158
40.8566
42.5918
42.0998
42.7353
43.0621
39.9623
36.4412
32.7837
21.5646
8.6436
5.96707
8.50665
14.9745
13.1895
17.2039
28.6782
39.6536
46.7869
49.4895
49.6714
51.9617
54.6911
54.0261
56.6155
59.5236
63.0536
65.1921
67.5518
69.0688
70.3686
70.4316
69.2831
66.1648
66.3067
70.0287
71.201
71.51
70.2957
67.466
63.4305
59.3399
54.0709
43.9632
32.7971
25.026
6.24036
0.300897
0.00210444
6.80088e-006
0.000292299
0.000578397
9.90415e-005
0.000194829
0.000594202
0.00229217
0.0402861
0.241312
0.754196
1.87737
2.03941
3.22896
5.60106
10.2068
13.4476
9.83724
9.68471
12.8389
19.2941
32.5887
44.3765
48.9712
55.0397
58.5556
62.503
64.9529
67.2099
68.3921
69.9764
71.0817
71.7869
71.7955
71.2782
72.7364
74.4077
75.4458
75.5692
75.382
76.4318
77.768
78.8474
79.1328
78.7875
78.7183
78.8842
79.2447
79.0537
78.5776
78.4093
77.8156
77.4329
76.5801
75.5999
73.9562
72.5756
70.6198
68.3242
66.9442
64.9078
64.1389
63.7919
63.0021
58.2375
54.3228
48.1042
39.0999
30.1092
17.472
7.09371
1.54265
0.3433
0.0347364
0.00179766
6.84302e-005
1.9955e-006
2.66504e-007
8.41051e-007
3.18689e-006
8.636e-006
3.73338e-005
4.01118e-005
0.000145994
0.000196739
5.08802e-005
2.9678e-006
1.8035e-005
0.000106764
0.00212379
0.0144952
0.0762279
0.394815
1.23286
1.52083
2.58113
6.8899
12.9805
19.0468
25.0368
24.848
18.4684
8.71659
9.57786
10.7391
17.4589
28.3905
35.2585
36.16
31.9744
24.0022
23.9448
24.8316
28.3981
34.76
37.7247
38.8916
38.459
39.4877
40.4228
40.1825
40.6652
41.4207
41.8907
42.3753
40.2253
39.3139
38.5337
37.1218
37.6705
37.3491
34.5287
36.2962
35.1676
33.9863
34.2663
34.4448
33.7806
32.7546
31.2942
29.4139
27.6995
26.346
24.4908
23.1283
21.4873
20.3199
18.904
17.2951
14.9534
13.8057
12.8991
12.2893
12.7861
13.7841
12.3794
10.6558
9.27578
8.05042
8.64826
8.02688
5.60767
4.76369
4.54075
4.69942
4.47737
3.4061
2.06088
2.57372
3.02452
2.06414
2.24061
2.00897
0.637281
1.76652
1.64815
1.09278
SNR of Target
61.49
74.6013
77.726
79.5573
81.6759
83.2647
84.3473
85.3213
84.2313
88.1387
89.2811
90.8572
92.0434
92.7378
93.2769
93.6347
93.9722
94.3536
94.6838
94.9587
95.0083
95.1314
95.4678
95.6277
95.4674
95.6824
95.6393
95.354
95.3548
95.5938
95.6975
95.6313
95.775
95.7392
95.7853
95.8615
95.8965
95.946
95.9773
96.0442
96.1436
96.2263
96.2723
95.9068
96.0685
96.2586
96.2452
96.1049
95.8576
95.637
95.6651
95.5244
95.4663
95.4834
95.384
95.2152
94.9579
94.9273
95.0659
95.2571
95.29
95.2766
95.2856
95.2503
94.3036
94.3289
94.6742
94.6304
94.751
94.7389
94.1941
92.2611
92.4354
92.2704
93.3812
93.538
93.6941
93.5854
93.3497
92.3155
84.218
90.6686
91.9028
91.6561
91.1072
90.4453
89.5243
89.0486
88.3991
88.1567
87.0852
83.3528
83.5836
83.7296
83.2847
83.9692
84.7522
84.7085
83.5553
82.1765
82.8889
82.2223
81.0849
81.6803
80.9868
80.0848
79.1615
77.2877
69.9364
67.5693
67.46
63.8057
61.3718
65.1041
60.4954
37.8946
18.7052
44.6201
43.5404
31.2607
55.8386
68.2603
67.8969
67.5766
66.2871
56.9729
38.8438
38.4516
38.9665
42.6732
42.812
46.416
49.5849
49.5567
52.3064
51.7611
53.8432
55.7004
55.3101
56.2942
57.033
54.0077
50.1901
45.8954
31.5398
13.1513
9.22473
13.2337
23.149
20.7075
27.0132
43.1561
56.3444
63.4419
65.393
64.8701
66.5319
68.7317
67.7547
69.6552
71.9359
74.9523
76.9469
79.09
80.4614
81.5366
81.6428
80.8588
78.6089
78.7921
81.5567
82.4071
82.7389
82.1151
80.3972
77.8141
75.2893
71.8681
63.5391
52.1095
42.3483
11.6842
0.575008
0.00401112
1.10104e-005
0.000515038
0.0011577
0.000195191
0.000382477
0.00145406
0.00580249
0.109164
0.67301
2.15684
5.45352
6.00686
9.62091
16.5821
29.0183
36.8132
27.999
27.5525
34.8193
47.2597
66.0348
76.8843
79.9495
83.4862
85.1798
86.9438
87.8565
88.6389
88.9392
89.4526
89.7841
89.9327
89.7012
89.1886
89.6662
90.3396
90.7029
90.5792
90.2593
90.5609
91.0788
91.4977
91.5216
91.219
91.0451
91.0359
91.1529
91.0044
90.7148
90.5881
90.3017
90.1665
89.8022
89.2694
88.2012
87.0559
85.3512
83.1627
81.876
81.1958
81.9051
82.609
82.4529
79.2453
76.4828
72.0068
64.3849
54.6591
35.9074
15.8614
3.711
0.876653
0.0951229
0.00512943
0.000196294
5.09144e-006
4.28831e-007
1.45616e-006
6.79697e-006
1.3518e-005
3.91604e-005
9.71049e-005
0.000511859
0.00068316
0.000166692
7.94002e-006
5.11967e-005
0.00036803
0.0086297
0.0602283
0.323288
1.68356
5.19309
6.32306
10.3764
25.7474
43.235
56.0695
65.3364
64.346
52.6558
28.2993
30.4276
33.4217
49.0085
66.6071
73.9651
74.5641
70.0481
59.1978
58.9325
60.1754
65.0932
72.3257
75.0334
75.9051
75.3158
76.0643
76.7602
76.409
76.6305
77.0898
77.4151
77.7093
75.783
74.7676
73.8711
72.3575
72.6926
72.0862
68.998
70.5521
69.1575
67.7186
67.9356
68.0701
67.2516
65.9673
64.2441
61.989
59.8202
58.0598
55.5115
53.4183
50.2563
47.7752
44.6895
40.8413
34.5631
30.0554
27.2594
26.4752
31.094
35.0339
32.4604
28.5938
24.9007
21.4718
23.8966
23.0696
17.0937
15.022
14.2462
14.8911
14.5149
11.8389
7.63339
9.60462
11.2846
7.91401
8.99253
8.19925
2.74977
7.75446
7.27978
4.92815
