L of Background 1
15.2556
23.4674
25.1502
25.3941
26.8693
26.8399
25.5984
24.6208
20.4245
25.7963
26.4259
29.1014
30.8603
31.6275
32.407
32.2108
32.3564
32.6192
33.1492
33.0883
31.6465
30.8153
31.6361
31.2534
30.0619
31.2111
31.1022
28.6891
28.6366
29.7051
30.2008
29.4061
30.0263
29.5814
29.6711
29.621
29.1863
29.0311
28.66
28.647
28.9175
28.8165
28.7908
26.8951
27.521
27.5703
27.4795
27.3682
26.4439
26.3459
26.6352
26.0175
25.9148
26.1397
26.0167
25.6732
25.1314
24.4688
24.8381
25.421
25.3317
25.0957
24.9387
24.6299
20.5559
21.315
23.1707
22.9574
23.18
23.155
21.9995
18.9255
19.5788
19.6216
21.3525
21.4865
21.5777
21.665
21.5213
19.0928
8.91334
17.172
20.4167
20.4926
20.3
19.9599
19.2953
19.1818
19.0048
18.9276
18.3506
15.7808
15.8217
16.2757
16.2488
16.9875
17.4328
17.3634
16.8122
15.667
16.8586
16.5612
15.8458
16.3893
16.2173
15.9244
15.7331
15.3438
12.8527
12.0786
12.4238
11.644
11.6291
12.8004
12.2127
7.78927
4.8098
6.57958
6.78529
7.41355
8.77395
10.5264
10.7493
11.556
12.4551
12.6499
12.5309
12.211
12.2005
12.0053
11.9052
11.7419
11.5556
11.3909
11.2222
10.9608
10.6949
10.4977
10.4564
10.206
9.93029
9.41769
8.77551
8.08001
5.93938
3.58929
2.94434
3.24552
4.26285
3.9383
4.45636
5.80916
7.00797
7.52885
7.45081
7.15963
7.24449
7.35928
6.93057
6.91433
7.00357
7.18123
7.32754
7.50449
7.54977
7.46991
7.29016
6.84625
6.0297
5.94155
6.602
6.75157
6.90908
6.76144
6.40537
5.91047
5.5223
5.16079
4.46902
3.80373
3.34282
1.56811
0.269721
0.0152011
0.000911676
0.0157926
0.0388496
0.0162909
0.0287621
0.0514646
0.0827979
0.201184
0.411552
0.644192
0.920314
0.896207
1.14896
1.46912
1.98935
2.21205
1.8577
1.81618
2.1047
2.52555
3.30327
3.86717
3.99942
4.35097
4.48789
4.62154
4.62976
4.61445
4.60947
4.60368
4.55462
4.51716
4.29764
3.99163
4.06998
4.18187
4.18945
4.0285
3.84665
3.89804
4.02192
4.06926
4.0219
3.86498
3.74984
3.74413
3.77409
3.71857
3.609
3.56539
3.46491
3.44363
3.37816
3.24076
3.02538
2.81772
2.56322
2.3097
2.17904
2.1601
2.27435
2.38678
2.35835
2.1733
2.12468
1.93473
1.72111
1.52689
1.1621
0.684189
0.379103
0.194816
0.0736101
0.0261244
0.00704293
0.000655559
0.000323681
0.000867267
0.0017092
0.00236191
0.000983377
0.00587455
0.0192267
0.0223616
0.00744303
0.00133096
0.00583861
0.0123722
0.0324119
0.0710713
0.128658
0.237323
0.354584
0.31599
0.349135
0.582806
0.913981
1.22109
1.46898
1.42063
1.02821
0.41392
0.408499
0.476244
0.78965
1.27523
1.53604
1.50756
1.27332
0.901642
0.891579
0.925937
1.08895
1.37084
1.48415
1.52575
1.52428
1.54002
1.54331
1.53273
1.52849
1.53068
1.53636
1.52602
1.47159
1.4384
1.39203
1.33612
1.34883
1.33851
1.27953
1.30125
1.24311
1.21606
1.23565
1.24143
1.23042
1.19398
1.15918
1.11911
1.08403
1.04574
0.989608
0.948931
0.880864
0.823225
0.766743
0.695935
0.583557
0.494037
0.443104
0.432758
0.525975
0.596471
0.556968
0.493333
0.422204
0.369651
0.417677
0.420682
0.337338
0.333713
0.313057
0.322127
0.324157
0.307656
0.250182
0.286483
0.316394
0.258165
0.287321
0.275471
0.171213
0.323514
0.332932
0.29955
L of Background 2
0.764334
1.17756
1.27232
1.31504
1.43225
1.47579
1.4553
1.43623
1.20403
1.51398
1.53808
1.6894
1.79315
1.84242
1.9018
1.89833
1.8956
1.88971
1.90947
1.91431
1.84285
1.79825
1.85492
1.86068
1.83104
1.95964
2.05227
2.01828
2.15933
2.41037
2.62747
2.69586
2.84525
2.86795
2.93654
2.97601
2.94403
2.89177
2.77295
2.65036
2.55055
2.4532
2.40209
2.20653
2.21609
2.18499
2.15306
2.11731
2.0101
1.96262
1.95028
1.88224
1.86024
1.85578
1.81246
1.7428
1.66278
1.58475
1.57012
1.56967
1.53671
1.51186
1.50819
1.59916
1.6371
2.26618
3.20509
3.75625
4.53782
5.25077
5.65089
5.51022
6.27818
6.90175
8.15829
8.83842
9.41932
9.83129
10.0043
9.03567
4.33157
8.4727
10.2163
10.3875
10.3775
10.2735
9.99191
9.98912
9.95392
9.96427
9.71361
8.41181
8.47829
8.76358
8.79529
9.2408
9.52164
9.50973
9.23806
8.64572
9.33461
9.1654
8.78107
9.12849
9.08744
8.94125
8.82521
8.5912
7.19277
6.75203
6.93337
6.4919
6.47513
7.11222
6.78348
4.33119
2.66372
3.60541
3.68795
3.997
4.69974
5.59749
5.67896
6.0629
6.50809
6.68936
6.84193
6.8901
7.00082
6.9241
6.9059
6.85037
6.77227
6.69996
6.61247
6.46539
6.32203
6.20737
6.14695
5.92083
5.66441
5.29727
4.90277
4.51155
3.3168
1.99436
1.6125
1.74657
2.25211
2.04576
2.26741
2.91361
3.50538
3.82486
3.90778
3.87944
4.0161
4.1385
3.96582
4.03891
4.14465
4.24207
4.26765
4.29484
4.25914
4.18023
4.06292
3.80285
3.33304
3.26921
3.6289
3.70739
3.76164
3.61981
3.35865
3.02032
2.71563
2.41023
1.97689
1.60341
1.36756
0.630105
0.106998
0.00638302
0.000798223
0.00694311
0.0120543
0.00462406
0.00846433
0.0107704
0.0172582
0.0408676
0.0798423
0.11752
0.159921
0.149651
0.18349
0.228091
0.306004
0.341703
0.28828
0.283329
0.341944
0.443262
0.623016
0.760209
0.81091
0.909528
0.96665
1.02731
1.06534
1.10077
1.13729
1.1676
1.18175
1.20061
1.18372
1.1447
1.19828
1.24427
1.26414
1.24955
1.23628
1.28585
1.34391
1.37306
1.38007
1.35785
1.34664
1.36228
1.38391
1.37575
1.34775
1.34026
1.30233
1.28503
1.2514
1.20767
1.15785
1.12532
1.08273
1.03845
1.00705
0.948899
0.912666
0.890894
0.856196
0.791377
0.767859
0.673368
0.5658
0.476964
0.348306
0.195478
0.095726
0.0418313
0.0127288
0.00325279
0.000722042
7.31186e-005
3.85911e-005
8.08138e-005
0.000143243
0.000204962
7.1737e-005
0.000271728
0.000886948
0.00111858
0.000412074
8.84834e-005
0.000324361
0.000653789
0.00142406
0.00303257
0.00524203
0.00941075
0.0147681
0.0143026
0.0182759
0.0347684
0.0614315
0.0908041
0.119809
0.126701
0.0999792
0.0431842
0.0445809
0.0531171
0.090288
0.150086
0.186228
0.188088
0.162989
0.118453
0.118918
0.124805
0.147944
0.187594
0.205554
0.214902
0.219353
0.22494
0.227594
0.229625
0.233237
0.237391
0.239616
0.240221
0.235671
0.235188
0.231747
0.226044
0.232012
0.236212
0.22958
0.238854
0.232226
0.229851
0.235187
0.237445
0.236835
0.231769
0.224683
0.215066
0.206344
0.196854
0.183262
0.17488
0.167063
0.160867
0.155137
0.148789
0.140294
0.139679
0.135254
0.127713
0.116802
0.114913
0.102289
0.0892138
0.0788982
0.0721264
0.0734409
0.0672051
0.0484729
0.0442964
0.0424243
0.0422038
0.0394968
0.030639
0.0202358
0.0221844
0.0240072
0.0179776
0.0157212
0.0135554
0.00623031
0.00946129
0.00908908
0.00695531
L of Background Average
3.44381
5.30393
5.6976
5.78341
6.15852
6.1945
5.95327
5.76135
4.79431
6.05527
6.19801
6.8282
7.24861
7.43901
7.64049
7.60736
7.63869
7.68958
7.81197
7.81069
7.48591
7.2981
7.50517
7.44287
7.19916
7.52781
7.58731
7.10532
7.21532
7.62858
7.90496
7.81327
8.05761
7.99536
8.07207
8.09799
7.9922
7.92335
7.75871
7.66018
7.63371
7.53762
7.49432
6.97707
7.10821
7.09271
7.05051
7.00252
6.73934
6.68412
6.7321
6.56107
6.52571
6.56623
6.50922
6.38902
6.22234
6.03163
6.09231
6.20622
6.16367
6.09951
6.06763
6.08336
5.33477
5.9922
7.10832
7.51313
8.18864
8.76027
8.86051
8.15318
8.89963
9.4101
10.7594
11.3332
11.8188
12.1679
12.2794
11.0237
5.24275
10.1956
12.2343
12.387
12.3413
12.1911
11.8342
11.8098
11.7469
11.74
11.4253
9.87434
9.93552
10.2542
10.2744
10.7774
11.0907
11.0675
10.7405
10.0387
10.8275
10.6329
10.183
10.5696
10.5028
10.3275
10.1966
9.9322
8.31806
7.81125
8.02509
7.51675
7.5004
8.24282
7.86299
5.02028
3.09222
4.19854
4.30564
4.67799
5.5111
6.57809
6.68758
7.1551
7.68987
7.87383
7.97276
7.94812
8.03495
7.93475
7.90038
7.8235
7.72396
7.63335
7.52978
7.36005
7.19233
7.06129
7.0047
6.77379
6.51351
6.1175
5.67391
5.22238
3.83974
2.31285
1.87855
2.04589
2.65337
2.42358
2.70423
3.49088
4.20316
4.56261
4.61358
4.53305
4.65942
4.78031
4.55681
4.61213
4.7146
4.82794
4.87749
4.93441
4.91479
4.83567
4.70594
4.40937
3.87065
3.802
4.22144
4.314
4.38883
4.24589
3.96591
3.59649
3.27519
2.95862
2.4739
2.04242
1.76176
0.817499
0.139533
0.00814644
0.000820904
0.0087128
0.0174125
0.00695715
0.0125234
0.0189076
0.0303639
0.0729231
0.146164
0.222809
0.311901
0.298862
0.376422
0.476025
0.642126
0.715075
0.601699
0.589393
0.693883
0.858759
1.15736
1.37927
1.44616
1.59498
1.66788
1.74299
1.7751
1.80047
1.82876
1.85191
1.85353
1.86121
1.80406
1.71201
1.77054
1.82961
1.84705
1.80341
1.75665
1.80657
1.8777
1.9105
1.90671
1.85768
1.82582
1.83721
1.86053
1.84297
1.79871
1.78401
1.73364
1.71557
1.67561
1.61324
1.53046
1.46307
1.37826
1.29229
1.24109
1.19076
1.1845
1.18947
1.15603
1.06723
1.03872
0.925225
0.796519
0.686666
0.510898
0.293148
0.152383
0.0724226
0.0249038
0.00782677
0.00198613
0.0001896
9.56075e-005
0.000238099
0.000456416
0.000636325
0.000254055
0.0013922
0.00455455
0.00536686
0.00181816
0.000336965
0.00142714
0.00299732
0.00762106
0.0166391
0.0299216
0.0549814
0.0827044
0.0746172
0.0844182
0.144286
0.231737
0.316505
0.389106
0.384997
0.285347
0.117276
0.117326
0.137687
0.230005
0.374734
0.455631
0.451434
0.384638
0.274863
0.273225
0.284795
0.33584
0.423788
0.460754
0.476527
0.479799
0.487412
0.490184
0.489706
0.49174
0.495512
0.498431
0.496847
0.48235
0.475349
0.463348
0.447634
0.454951
0.456266
0.439207
0.450962
0.434059
0.426762
0.434935
0.437895
0.435216
0.423892
0.411275
0.395585
0.381604
0.366367
0.344291
0.329468
0.309636
0.293181
0.277326
0.258112
0.228878
0.210506
0.196792
0.188691
0.198582
0.211137
0.193145
0.169974
0.147512
0.131595
0.142242
0.137853
0.106216
0.102147
0.096525
0.0981604
0.0963997
0.0860159
0.0662088
0.0750186
0.0824513
0.0659942
0.0700119
0.0659107
0.0392198
0.0722322
0.0738178
0.0654456
L of Target
15.2556
23.4674
25.1502
25.3941
26.8693
26.8399
25.5984
24.6208
20.4245
25.7963
26.4259
29.1014
30.8603
31.6275
32.407
32.2108
32.3564
32.6192
33.1492
33.0883
31.6465
30.8153
31.6361
31.2534
30.0619
31.2111
31.1022
28.6891
28.6366
29.7051
30.2008
29.4061
30.0263
29.5814
29.6711
29.621
29.1863
29.0311
28.66
28.647
28.9175
28.8165
28.7908
26.8951
27.521
27.5703
27.4795
27.3682
26.4439
26.3459
26.6352
26.0175
25.9148
26.1397
26.0167
25.6732
25.1314
24.4688
24.8381
25.421
25.3317
25.0957
24.9387
24.6299
20.5559
21.315
23.1707
22.9574
23.18
23.155
21.9995
18.9255
19.5788
19.6216
21.3525
21.4865
21.5777
21.665
21.5213
19.0928
8.91334
17.172
20.4167
20.4926
20.3
19.9599
19.2953
19.1818
19.0048
18.9276
18.3506
15.7808
15.8217
16.2757
16.2488
16.9875
17.4328
17.3634
16.8122
15.667
16.8586
16.5612
15.8458
16.3893
16.2173
15.9244
15.7331
15.3438
12.8527
12.0786
12.4238
11.644
11.6291
12.8004
12.2127
7.78927
4.8098
6.57958
6.78529
7.41355
8.77395
10.5264
10.7493
11.556
12.4551
12.6499
12.5309
12.211
12.2005
12.0053
11.9052
11.7419
11.5556
11.3909
11.2222
10.9608
10.6949
10.4977
10.4564
10.206
9.93029
9.41769
8.77551
8.08001
5.93938
3.58929
2.94434
3.24552
4.26285
3.9383
4.45636
5.80916
7.00797
7.52885
7.45081
7.15963
7.24449
7.35928
6.93057
6.91433
7.00357
7.18123
7.32754
7.50449
7.54977
7.46991
7.29016
6.84625
6.0297
5.94155
6.602
6.75157
6.90908
6.76144
6.40537
5.91047
5.5223
5.16079
4.46902
3.80373
3.34282
1.56811
0.269721
0.0152011
0.000911676
0.0157926
0.0388496
0.0162909
0.0287621
0.0514646
0.0827979
0.201184
0.411552
0.644192
0.920314
0.896207
1.14896
1.46912
1.98935
2.21205
1.8577
1.81618
2.1047
2.52555
3.30327
3.86717
3.99942
4.35097
4.48789
4.62154
4.62976
4.61445
4.60947
4.60368
4.55462
4.51716
4.29764
3.99163
4.06998
4.18187
4.18945
4.0285
3.84665
3.89804
4.02192
4.06926
4.0219
3.86498
3.74984
3.74413
3.77409
3.71857
3.609
3.56539
3.46491
3.44363
3.37816
3.24076
3.02538
2.81772
2.56322
2.3097
2.17904
2.1601
2.27435
2.38678
2.35835
2.1733
2.12468
1.93473
1.72111
1.52689
1.1621
0.684189
0.379103
0.194816
0.0736101
0.0261244
0.00704293
0.000655559
0.000323681
0.000867267
0.0017092
0.00236191
0.000983377
0.00587455
0.0192267
0.0223616
0.00744303
0.00133096
0.00583861
0.0123722
0.0324119
0.0710713
0.128658
0.237323
0.354584
0.31599
0.349135
0.582806
0.913981
1.22109
1.46898
1.42063
1.02821
0.41392
0.408499
0.476244
0.78965
1.27523
1.53604
1.50756
1.27332
0.901642
0.891579
0.925937
1.08895
1.37084
1.48415
1.52575
1.52428
1.54002
1.54331
1.53273
1.52849
1.53068
1.53636
1.52602
1.47159
1.4384
1.39203
1.33612
1.34883
1.33851
1.27953
1.30125
1.24311
1.21606
1.23565
1.24143
1.23042
1.19398
1.15918
1.11911
1.08403
1.04574
0.989608
0.948931
0.880864
0.823225
0.766743
0.695935
0.583557
0.494037
0.443104
0.432758
0.525975
0.596471
0.556968
0.493333
0.422204
0.369651
0.417677
0.420682
0.337338
0.333713
0.313057
0.322127
0.324157
0.307656
0.250182
0.286483
0.316394
0.258165
0.287321
0.275471
0.171213
0.323514
0.332932
0.29955
