L of Background 1
15.1656
23.3311
25.0062
25.2512
26.7205
26.6936
25.4613
24.491
20.3184
25.6642
26.2923
28.9561
30.7084
31.4739
32.2517
32.0585
32.2053
32.4685
32.998
32.9391
31.5056
30.6796
31.4986
31.1191
29.9336
31.0792
30.9733
28.5722
28.5218
29.5877
30.0834
29.2934
29.9125
29.4702
29.5611
29.5127
29.081
28.9274
28.5582
28.5448
28.8155
28.7162
28.6912
26.7965
27.4209
27.4749
27.3881
27.2783
26.3577
26.2611
26.55
25.9333
25.8317
26.0578
25.9362
25.5926
25.0501
24.3913
24.7622
25.3455
25.257
25.0227
24.8661
24.5598
20.482
21.2412
23.1016
22.8914
23.1196
23.099
21.9414
18.8555
19.5122
19.5591
21.3034
21.4448
21.5407
21.6296
21.4872
19.0566
8.86122
17.1263
20.3861
20.464
20.2713
19.9303
19.2644
19.1517
18.9744
18.9
18.3205
15.7355
15.7824
16.2375
16.2128
16.9576
17.4084
17.3411
16.7903
15.6479
16.8384
16.5415
15.8268
16.3701
16.1989
15.9058
15.7141
15.322
12.8152
12.0407
12.3879
11.6053
11.5905
12.7715
12.1804
7.74056
4.76143
6.5306
6.73586
7.36684
8.7314
10.4934
10.7183
11.5307
12.4373
12.6354
12.5174
12.1981
12.1881
11.9933
11.8934
11.7307
11.5448
11.3803
11.2114
10.9496
10.6831
10.4864
10.4456
10.1945
9.91761
9.40314
8.75618
8.0563
5.90962
3.55726
2.91347
3.21531
4.23184
3.90678
4.42557
5.78182
6.98594
7.51089
7.43483
7.1433
7.22963
7.34618
6.91708
6.90276
6.99287
7.1723
7.31938
7.49725
7.54297
7.46291
7.2824
6.83694
6.01814
5.92998
6.59296
6.74435
6.90203
6.75301
6.39488
5.8976
5.50809
5.14442
4.45017
3.78281
3.32124
1.55039
0.263915
0.0145857
0.000859245
0.0151182
0.037148
0.0154622
0.0273762
0.0492444
0.0796611
0.19553
0.402759
0.633068
0.907166
0.883675
1.13452
1.45345
1.97219
2.19512
1.8413
1.80033
2.08825
2.50934
3.28864
3.8552
3.98932
4.34239
4.48043
4.61579
4.62466
4.61001
4.6053
4.5999
4.55105
4.51345
4.29352
3.98715
4.06593
4.17844
4.1862
4.02478
3.84271
3.89439
4.0188
4.06638
4.01893
3.86199
3.74683
3.7411
3.7714
3.71587
3.60618
3.56285
3.46249
3.44112
3.37545
3.23813
3.02272
2.81513
2.56065
2.30715
2.17667
2.15725
2.27085
2.38304
2.35447
2.16882
2.11975
1.92883
1.71417
1.51911
1.15397
0.677361
0.373357
0.190872
0.0715305
0.0250776
0.00670207
0.00061641
0.000299352
0.000806253
0.00160485
0.00222129
0.000919914
0.00555261
0.0183107
0.0213269
0.0070746
0.00125023
0.00552074
0.0117944
0.0311991
0.0690438
0.12576
0.233245
0.349788
0.311968
0.345276
0.578333
0.909143
1.21635
1.46494
1.41669
1.02407
0.410988
0.405527
0.472965
0.785754
1.27174
1.53371
1.50542
1.27082
0.898632
0.88864
0.922971
1.08599
1.36839
1.48225
1.52414
1.52268
1.53859
1.54202
1.53147
1.52728
1.52956
1.5354
1.52516
1.47045
1.43719
1.39084
1.33487
1.34765
1.33738
1.27798
1.30003
1.24176
1.21471
1.23454
1.2405
1.22957
1.19317
1.15835
1.11825
1.08316
1.04485
0.988653
0.948033
0.879997
0.822391
0.765955
0.695216
0.582897
0.49353
0.442673
0.4323
0.525231
0.595753
0.556086
0.492338
0.421282
0.36875
0.416796
0.419735
0.336209
0.332567
0.31205
0.321184
0.323192
0.306535
0.248907
0.285289
0.315281
0.257052
0.286258
0.274377
0.169882
0.32201
0.331294
0.297635
L of Background 2
0.811962
1.24882
1.34687
1.38822
1.50769
1.54922
1.52342
1.5001
1.25573
1.57782
1.60207
1.75833
1.86465
1.91419
1.97376
1.96839
1.9646
1.95798
1.97752
1.98097
1.90542
1.85805
1.91523
1.91918
1.88624
2.01587
2.10719
2.06789
2.20777
2.45944
2.67623
2.74235
2.89182
2.91301
2.98098
3.01963
2.98628
2.93317
2.81331
2.69022
2.59043
2.49255
2.44089
2.24195
2.25189
2.22063
2.18828
2.15192
2.04312
1.99512
1.98279
1.91352
1.89099
1.88651
1.84271
1.77226
1.6912
1.6122
1.59777
1.59774
1.56439
1.53898
1.53481
1.62496
1.65612
2.28489
3.22497
3.77476
4.55546
5.26741
5.66375
5.51344
6.28084
6.90364
8.1649
8.84608
9.42748
9.83921
10.0117
9.03836
4.31202
8.46596
10.2214
10.3928
10.3825
10.2774
9.99414
9.99139
9.95579
9.96683
9.71405
8.40122
8.47066
8.75691
8.7893
9.23895
9.52275
9.5117
9.24005
8.6475
9.33667
9.16746
8.78299
9.13043
9.08917
8.94269
8.82625
8.59025
7.18042
6.73887
6.92183
6.47845
6.46151
7.10512
6.77391
4.30834
2.63854
3.58141
3.66392
3.97549
4.68208
5.58669
5.66959
6.05705
6.5069
6.68972
6.84234
6.89023
7.0009
6.92422
6.90589
6.85049
6.77239
6.69997
6.61226
6.46475
6.32092
6.20628
6.146
5.91944
5.66243
5.29407
4.89659
4.50243
3.30267
1.97756
1.59629
1.73122
2.23702
2.03042
2.25305
2.90228
3.49786
3.81949
3.90294
3.87385
4.01115
4.13446
3.96119
4.03512
4.1413
4.23981
4.26602
4.29388
4.25851
4.17946
4.06172
3.80062
3.32923
3.2654
3.62673
3.70626
3.76054
3.61803
3.35579
3.01615
2.71084
2.4046
1.97027
1.59588
1.35981
0.623384
0.10475
0.00612337
0.000746911
0.00663853
0.0115453
0.00440081
0.0080734
0.0103232
0.0166344
0.0397694
0.0782171
0.115617
0.157815
0.147736
0.181416
0.225939
0.303781
0.339568
0.286118
0.281248
0.339738
0.441109
0.621305
0.759157
0.810225
0.909249
0.966631
1.02765
1.06577
1.10131
1.13786
1.16821
1.18236
1.20117
1.18407
1.14478
1.19848
1.24466
1.26455
1.24973
1.23628
1.28595
1.34419
1.37341
1.38038
1.35807
1.34677
1.36236
1.38406
1.37588
1.34783
1.34042
1.30247
1.28512
1.25141
1.20766
1.15771
1.12511
1.08238
1.03798
1.00658
0.94826
0.911863
0.890135
0.855431
0.790282
0.766637
0.671798
0.563868
0.474848
0.346092
0.193668
0.0943533
0.0410421
0.0123993
0.0031362
0.000690945
6.9327e-005
3.6326e-005
7.63e-005
0.000136098
0.000194751
6.79566e-005
0.000259218
0.000850913
0.00107443
0.000394891
8.42288e-005
0.000310172
0.000628482
0.00137925
0.00295936
0.00514286
0.00927944
0.0146155
0.0141617
0.0181221
0.0345972
0.0612612
0.0906682
0.119763
0.126615
0.0997737
0.0429369
0.0443148
0.0528191
0.0899895
0.149955
0.18628
0.188151
0.162942
0.118241
0.118706
0.124594
0.147772
0.18756
0.205611
0.215
0.219446
0.22505
0.227728
0.22975
0.233362
0.237535
0.239781
0.240402
0.235784
0.23528
0.23183
0.226098
0.232085
0.236276
0.229554
0.238898
0.232235
0.229852
0.235231
0.237512
0.236935
0.231866
0.224758
0.215128
0.2064
0.196902
0.183292
0.174911
0.167083
0.160881
0.155147
0.148789
0.140269
0.139655
0.135231
0.127686
0.116756
0.114906
0.102247
0.0891391
0.0788206
0.0720334
0.0733762
0.0671467
0.0483801
0.0442079
0.0423444
0.0421425
0.0394438
0.0305807
0.020169
0.0221404
0.0239819
0.0179361
0.0157048
0.013544
0.00620395
0.00945817
0.00908515
0.00694082
L of Background Average
3.46595
5.3367
5.7316
5.81643
6.19222
6.22698
5.98307
5.78901
4.81645
6.08234
6.22491
6.85696
7.27814
7.4683
7.66959
7.63537
7.66605
7.71644
7.83848
7.83641
7.50988
7.32078
7.52776
7.46468
7.21933
7.54814
7.60705
7.12313
7.23239
7.64569
7.92175
7.82917
8.07332
8.01031
8.08674
8.11232
8.00594
7.9367
7.77159
7.67257
7.6461
7.54993
7.50628
6.9865
7.11767
7.10295
7.06113
7.01287
6.74927
6.69383
6.74171
6.56986
6.5342
6.57497
6.51781
6.39701
6.22935
6.0387
6.09979
6.21405
6.17142
6.10693
6.07495
6.09029
5.33558
5.99291
7.11078
7.51508
8.19094
8.76271
8.8595
8.14199
8.88869
9.39935
10.755
11.331
11.818
12.1673
12.2785
11.0188
5.21672
10.1811
12.2322
12.3854
12.3396
12.1884
11.8299
11.8056
11.7423
11.7366
11.4196
9.85693
9.92146
10.2412
10.2624
10.7701
11.0867
11.0646
10.7378
10.0363
10.8251
10.6306
10.1808
10.5673
10.5004
10.325
10.1937
9.92709
8.30067
7.79319
8.00876
7.49838
7.48173
8.23138
7.84881
4.99226
3.0624
4.16959
4.27658
4.65147
5.4885
6.56291
6.67395
7.14534
7.68538
7.87124
7.97041
7.94567
8.03252
7.93246
7.89803
7.82136
7.72191
7.63123
7.52745
7.35729
7.18914
7.05819
7.00181
6.77038
6.50941
6.11206
5.66516
5.21039
3.82249
2.293
1.8594
2.02755
2.63511
2.40505
2.68662
3.47637
4.19276
4.55473
4.60653
4.52533
4.65251
4.77447
4.55039
4.60678
4.70977
4.82434
4.87455
4.9322
4.91293
4.83368
4.70343
4.40572
3.86531
3.79666
4.21793
4.31169
4.38652
4.24276
3.96154
3.59059
3.26854
2.95087
2.46484
2.03224
1.75125
0.808568
0.136571
0.00781562
0.000769371
0.00833433
0.0166652
0.00661289
0.0119336
0.018106
0.0292374
0.0709136
0.143106
0.219064
0.30759
0.294828
0.371878
0.471169
0.636911
0.709962
0.596681
0.58457
0.688825
0.853793
1.15308
1.37605
1.44359
1.59304
1.66636
1.74209
1.77444
1.80002
1.82839
1.85163
1.85329
1.86095
1.80353
1.71117
1.76987
1.82924
1.84673
1.80279
1.75583
1.80591
1.87732
1.91022
1.90639
1.85728
1.82532
1.83669
1.86009
1.8425
1.7982
1.78364
1.73326
1.71513
1.67507
1.6127
1.52984
1.46239
1.37748
1.2914
1.24023
1.18967
1.18316
1.18812
1.15465
1.06547
1.03677
0.922789
0.79359
0.683426
0.507511
0.290338
0.150136
0.0710021
0.0242245
0.00752418
0.00189309
0.000178739
8.89297e-005
0.000222285
0.000429835
0.000600043
0.000238342
0.00131781
0.00434255
0.00512463
0.00173079
0.000317417
0.00135221
0.00286153
0.00734273
0.016175
0.0292626
0.054061
0.0816228
0.0736992
0.0835232
0.143255
0.230634
0.315442
0.388268
0.384141
0.284358
0.116494
0.116518
0.136794
0.228984
0.373924
0.455205
0.451062
0.384112
0.274104
0.272475
0.284034
0.335112
0.423279
0.460421
0.476291
0.479562
0.487217
0.490035
0.489563
0.491618
0.495414
0.498373
0.496823
0.482226
0.475194
0.463186
0.447433
0.454773
0.456089
0.438881
0.450741
0.433794
0.426493
0.43475
0.437773
0.435117
0.423805
0.41117
0.395455
0.381468
0.36623
0.34413
0.329315
0.309474
0.29302
0.277171
0.257961
0.228712
0.210373
0.196682
0.188576
0.198384
0.210989
0.192938
0.169717
0.147267
0.131342
0.142016
0.137618
0.105914
0.101849
0.0962569
0.0979198
0.0961619
0.0857428
0.0658992
0.074745
0.0822101
0.0657389
0.069787
0.0656834
0.0389324
0.0719299
0.0734879
0.0650518
L of Target
15.1656
23.3311
25.0062
25.2512
26.7205
26.6936
25.4613
24.491
20.3184
25.6642
26.2923
28.9561
30.7084
31.4739
32.2517
32.0585
32.2053
32.4685
32.998
32.9391
31.5056
30.6796
31.4986
31.1191
29.9336
31.0792
30.9733
28.5722
28.5218
29.5877
30.0834
29.2934
29.9125
29.4702
29.5611
29.5127
29.081
28.9274
28.5582
28.5448
28.8155
28.7162
28.6912
26.7965
27.4209
27.4749
27.3881
27.2783
26.3577
26.2611
26.55
25.9333
25.8317
26.0578
25.9362
25.5926
25.0501
24.3913
24.7622
25.3455
25.257
25.0227
24.8661
24.5598
20.482
21.2412
23.1016
22.8914
23.1196
23.099
21.9414
18.8555
19.5122
19.5591
21.3034
21.4448
21.5407
21.6296
21.4872
19.0566
8.86122
17.1263
20.3861
20.464
20.2713
19.9303
19.2644
19.1517
18.9744
18.9
18.3205
15.7355
15.7824
16.2375
16.2128
16.9576
17.4084
17.3411
16.7903
15.6479
16.8384
16.5415
15.8268
16.3701
16.1989
15.9058
15.7141
15.322
12.8152
12.0407
12.3879
11.6053
11.5905
12.7715
12.1804
7.74056
4.76143
6.5306
6.73586
7.36684
8.7314
10.4934
10.7183
11.5307
12.4373
12.6354
12.5174
12.1981
12.1881
11.9933
11.8934
11.7307
11.5448
11.3803
11.2114
10.9496
10.6831
10.4864
10.4456
10.1945
9.91761
9.40314
8.75618
8.0563
5.90962
3.55726
2.91347
3.21531
4.23184
3.90678
4.42557
5.78182
6.98594
7.51089
7.43483
7.1433
7.22963
7.34618
6.91708
6.90276
6.99287
7.1723
7.31938
7.49725
7.54297
7.46291
7.2824
6.83694
6.01814
5.92998
6.59296
6.74435
6.90203
6.75301
6.39488
5.8976
5.50809
5.14442
4.45017
3.78281
3.32124
1.55039
0.263915
0.0145857
0.000859245
0.0151182
0.037148
0.0154622
0.0273762
0.0492444
0.0796611
0.19553
0.402759
0.633068
0.907166
0.883675
1.13452
1.45345
1.97219
2.19512
1.8413
1.80033
2.08825
2.50934
3.28864
3.8552
3.98932
4.34239
4.48043
4.61579
4.62466
4.61001
4.6053
4.5999
4.55105
4.51345
4.29352
3.98715
4.06593
4.17844
4.1862
4.02478
3.84271
3.89439
4.0188
4.06638
4.01893
3.86199
3.74683
3.7411
3.7714
3.71587
3.60618
3.56285
3.46249
3.44112
3.37545
3.23813
3.02272
2.81513
2.56065
2.30715
2.17667
2.15725
2.27085
2.38304
2.35447
2.16882
2.11975
1.92883
1.71417
1.51911
1.15397
0.677361
0.373357
0.190872
0.0715305
0.0250776
0.00670207
0.00061641
0.000299352
0.000806253
0.00160485
0.00222129
0.000919914
0.00555261
0.0183107
0.0213269
0.0070746
0.00125023
0.00552074
0.0117944
0.0311991
0.0690438
0.12576
0.233245
0.349788
0.311968
0.345276
0.578333
0.909143
1.21635
1.46494
1.41669
1.02407
0.410988
0.405527
0.472965
0.785754
1.27174
1.53371
1.50542
1.27082
0.898632
0.88864
0.922971
1.08599
1.36839
1.48225
1.52414
1.52268
1.53859
1.54202
1.53147
1.52728
1.52956
1.5354
1.52516
1.47045
1.43719
1.39084
1.33487
1.34765
1.33738
1.27798
1.30003
1.24176
1.21471
1.23454
1.2405
1.22957
1.19317
1.15835
1.11825
1.08316
1.04485
0.988653
0.948033
0.879997
0.822391
0.765955
0.695216
0.582897
0.49353
0.442673
0.4323
0.525231
0.595753
0.556086
0.492338
0.421282
0.36875
0.416796
0.419735
0.336209
0.332567
0.31205
0.321184
0.323192
0.306535
0.248907
0.285289
0.315281
0.257052
0.286258
0.274377
0.169882
0.32201
0.331294
0.297635
