SNR of Background 1
63.5509
76.2142
79.1806
80.9058
82.9009
84.3905
85.4
86.3069
85.2647
88.9405
90.0062
91.4885
92.5858
93.228
93.7272
94.0568
94.369
94.7248
95.0275
95.2792
95.3226
95.4355
95.7465
95.8927
95.7555
95.9628
95.8976
95.6165
95.6124
95.8349
95.9261
95.8575
95.9942
95.9709
96.006
96.0634
96.0906
96.1329
96.1649
96.2515
96.3336
96.3954
96.4476
96.2819
96.4178
96.4942
96.4039
96.26
96.0229
95.8109
95.8378
95.7234
95.6731
95.6815
95.5795
95.4843
95.3357
95.2594
95.3226
95.4532
95.4759
95.4609
95.469
95.4383
94.5602
94.7789
95.2016
95.1739
95.1735
95.0665
94.7797
93.8723
93.9035
93.8383
94.1513
94.0165
93.9435
93.7812
93.5452
92.549
84.585
91.0854
92.1471
91.8844
91.3496
90.8599
90.1816
89.7024
89.151
88.7391
88.1797
86.3463
85.8412
85.9303
85.2989
85.5687
85.5948
85.2344
84.0505
82.6825
83.3011
82.6145
81.4907
82.0754
81.4154
80.5905
79.8087
78.7527
74.8452
72.8027
72.4538
70.1219
68.9963
69.8793
67.5877
55.4297
41.6694
64.0753
62.9336
49.2707
72.1246
76.4641
75.4374
73.5542
69.4393
58.6254
39.9702
39.5745
39.9963
43.6277
43.7789
47.2473
50.3364
50.2837
53.0228
52.4644
54.5868
56.7144
56.8192
58.612
60.0881
58.5316
58.3626
57.7124
49.2872
35.0979
31.136
36.5946
46.7984
45.6963
51.1466
61.4679
68.6608
71.8329
71.4987
71.3139
72.5658
73.8644
73.1894
74.1092
76.1669
77.6453
78.9187
80.2055
81.0236
81.957
82.0434
81.2594
78.9727
79.2603
82.1816
83.1764
84.099
84.533
83.9085
82.7256
81.7622
80.7177
77.7737
74.0654
70.9041
46.5016
9.88338
0.571024
0.0343859
0.61769
1.54585
0.657686
1.18637
2.17146
3.5748
8.72136
17.7844
27.323
37.617
37.0075
45.5012
54.3864
64.7366
68.6379
63.5806
62.9888
68.2426
73.7698
80.9342
84.6461
85.4621
87.2624
88.0904
88.6709
89.0158
89.2804
89.4069
89.7988
90.0559
90.2025
89.9638
89.4029
89.8894
90.5803
90.9384
90.7948
90.4323
90.7523
91.2709
91.6607
91.6915
91.4142
91.2436
91.2686
91.4081
91.2905
91.0152
90.9223
90.6512
90.6241
90.4549
90.01
89.1689
88.2393
86.8602
85.165
83.9409
83.8552
84.9018
85.694
85.8338
84.5014
84.2171
82.7529
80.3797
77.9881
70.7062
53.2518
34.2004
19.0435
7.40275
2.61641
0.700198
0.0649982
0.0314433
0.0836207
0.166045
0.2268
0.0925879
0.55658
1.82402
2.09281
0.693257
0.122623
0.547059
1.16809
3.07938
6.81723
12.2291
21.8753
31.5644
28.5725
31.1232
46.2597
61.479
70.6314
75.5271
74.6065
64.8244
35.0179
34.8359
39.6108
56.6009
72.2182
77.4575
77.1616
72.4942
61.7554
61.4442
62.7565
68.0198
74.7697
76.9198
77.405
77.4245
77.8853
78.1088
77.8759
77.9746
78.208
78.2029
78.2323
77.2203
76.553
75.6073
74.4101
74.5768
73.9704
72.5587
72.9422
71.5196
70.4106
70.3776
69.6717
68.4968
66.5509
64.9886
62.747
60.4742
58.6225
56.0486
53.9061
50.7006
48.2088
45.1379
41.3579
35.3606
31.1341
28.6878
28.4272
33.9079
37.9466
36.2834
33.1823
29.3895
25.8771
28.4968
27.9668
22.6919
22.2294
20.7173
21.0086
20.8608
19.2965
15.6453
17.2411
18.6383
14.8803
15.9156
15.0267
9.13467
16.5877
16.4079
14.5548
SNR of Background 2
8.54973
14.661
17.026
18.9195
21.5085
23.9133
25.9562
27.8855
26.3729
33.1184
35.4671
39.5274
43.159
45.6037
47.7964
49.3132
50.5821
52.0182
53.4144
54.8566
55.235
55.9012
57.8082
59.0382
58.7296
60.6802
61.4171
61.243
62.8018
65.6847
67.7039
68.4335
69.8646
70.2035
70.8088
71.4159
71.6368
71.6098
71.1971
70.7745
70.271
69.9056
69.8019
68.4363
68.8673
69.0049
68.1889
67.0186
65.1943
63.4925
63.2504
62.3077
61.8338
61.6201
60.5934
59.4435
58.0066
57.0739
56.8291
56.9853
56.6828
56.4244
56.5578
58.0829
58.4534
66.1506
73.4843
76.4903
79.5378
81.4671
82.4199
81.7549
83.22
84.318
86.0552
86.6362
87.1629
87.2793
87.103
85.491
72.7596
83.4761
85.4745
85.1874
84.3986
83.6792
82.6571
81.9673
81.1769
80.6072
79.8243
77.1548
76.4972
76.715
75.8822
76.3667
76.4772
76.0022
74.3645
72.5221
73.452
72.4844
70.9636
71.8675
71.0878
70.0161
68.9514
67.5184
62.5144
59.979
59.5175
56.7213
55.3792
56.3536
53.7062
40.9151
28.3673
49.4574
48.0228
32.6414
51.9146
57.0541
55.5069
52.9246
48.0274
37.7417
24.0113
24.4459
25.1196
27.922
28.1762
31.0123
33.6348
33.6917
36.0502
35.6036
37.5026
39.4083
39.3231
40.5529
41.401
39.524
39.1628
38.5578
31.4649
21.0212
18.1564
21.4011
28.1362
26.9226
30.4618
38.695
45.7269
49.7806
50.4651
51.351
53.5937
55.6479
55.4174
57.2358
60.2576
62.1233
63.3725
64.5959
65.3092
66.4288
66.4288
65.1572
61.7277
61.9764
66.1991
67.6957
68.8901
69.0808
67.4212
64.7065
61.9416
58.6177
52.5434
46.1815
41.6382
21.8633
3.9853
0.239887
0.0298907
0.271422
0.481497
0.187366
0.350465
0.456849
0.751091
1.80486
3.60864
5.41913
7.51548
7.08445
8.84205
11.1222
14.8352
16.7436
14.4614
14.287
17.3449
22.1699
30.4412
36.6699
38.9533
43.3096
46.0629
48.4512
50.4511
52.335
53.8039
55.7712
57.2393
58.4576
59.0053
58.8865
61.0357
63.2642
64.7327
65.2125
65.3545
67.0493
68.8848
70.2879
70.8755
70.7917
70.9723
71.4225
72.0233
71.9652
71.5109
71.4618
70.7619
70.4785
69.8294
68.8976
67.7086
66.9575
65.8755
64.6764
63.4276
61.6096
60.4558
59.524
58.8639
56.4472
55.6786
51.8686
46.2559
41.3455
32.2726
19.2178
9.64789
4.29293
1.30222
0.328793
0.0722774
0.0073111
0.00381582
0.00791466
0.0140856
0.0198927
0.00684087
0.026011
0.0850682
0.10587
0.0387471
0.00826306
0.0307671
0.0623831
0.136989
0.296671
0.515713
0.930347
1.47939
1.43099
1.82633
3.43292
6.03606
8.84779
11.4552
12.0775
9.57153
4.16554
4.32777
5.18357
8.80698
14.5119
17.9237
18.2085
15.8559
11.6927
11.7575
12.3395
14.5516
18.2271
19.8826
20.5521
20.9756
21.6246
21.9959
22.1219
22.5755
23.1078
23.2209
23.4415
22.9482
22.8368
22.464
21.8906
22.3481
22.4184
21.7416
22.4719
21.8285
21.3182
21.4322
21.0683
20.4557
19.4619
18.5708
17.2749
16.0516
15.0761
13.8073
12.9392
12.1464
11.6395
11.0051
10.3577
9.57086
9.65539
9.48015
9.08065
8.42846
8.40368
7.59178
6.71946
6.02807
5.44925
5.48102
4.88154
3.4839
3.14861
2.97701
2.92304
2.69938
2.03076
1.32062
1.40193
1.49332
1.07916
0.911258
0.771848
0.340861
0.510165
0.470867
0.352894
SNR of Background Average
28.513
42.3166
46.5955
49.4145
52.9293
55.7944
57.9045
59.8544
57.8539
65.6022
68.0875
71.8052
74.7546
76.5705
78.045
79.0392
79.9631
81.0216
81.9536
82.7685
82.9336
83.3077
84.3293
84.8531
84.4785
85.239
85.1694
84.4713
84.6799
85.6059
86.1153
86.0845
86.612
86.6238
86.803
87.0286
87.1271
87.2158
87.2211
87.3474
87.4587
87.5507
87.6616
87.1021
87.4816
87.6809
87.3629
86.8741
86.0803
85.3621
85.3982
85.0122
84.8363
84.8304
84.4605
84.0939
83.5646
83.268
83.3938
83.7364
83.7618
83.6984
83.7379
83.8442
81.9163
83.6688
85.9324
86.6232
87.4806
87.9684
87.9987
86.8702
87.5279
87.9804
89.0448
89.2512
89.486
89.4561
89.227
87.7795
76.3655
85.8655
87.5647
87.2665
86.5393
85.8759
84.9423
84.3026
83.5693
83.0344
82.3034
79.8476
79.2186
79.3931
78.6021
79.0205
79.1008
78.65
77.1209
75.3871
76.2334
75.3361
73.9086
74.7245
73.9603
72.9427
71.9465
70.6051
65.8435
63.4101
62.9754
60.2669
58.9647
59.9304
57.3392
44.5162
31.4874
53.2517
51.8836
36.6028
57.3114
62.4508
61.0079
58.5315
53.6469
42.7871
27.4932
27.7325
28.3521
31.3837
31.6155
34.6432
37.4221
37.4513
39.9474
39.464
41.4556
43.4582
43.4249
44.8419
45.8951
44.0659
43.7537
43.1221
35.5236
24.0449
20.9106
24.6905
32.3671
31.1655
35.2845
44.3809
51.7902
55.7506
56.0902
56.6298
58.6254
60.5066
60.1039
61.6838
64.4973
66.3115
67.6372
68.9595
69.7636
70.8857
70.9229
69.7653
66.5708
66.8533
70.8367
72.2333
73.4079
73.7306
72.4008
70.144
67.9562
65.3763
60.1281
54.314
49.9318
27.5897
5.18085
0.306141
0.0307894
0.340709
0.694721
0.281493
0.517862
0.800715
1.3186
3.20827
6.55424
10.1346
14.3403
13.8484
17.5981
22.2403
29.1799
32.461
28.378
27.9835
32.6477
38.9927
49.2068
56.0104
58.0079
62.0946
64.333
66.1039
67.4111
68.5632
69.3643
70.6898
71.6336
72.3379
72.3163
71.6704
73.1603
74.8896
75.924
75.9925
75.6989
76.7952
78.1425
79.163
79.4626
79.1646
79.0961
79.3335
79.7432
79.6133
79.1578
79.0556
78.4856
78.3235
77.8628
77.0324
75.7609
74.6752
73.145
71.4221
69.9958
68.871
68.8408
68.8559
68.5975
66.3306
65.7082
62.5735
57.7861
53.3812
43.71
27.7009
15.0815
7.3684
2.53736
0.78809
0.19798
0.018849
0.00934141
0.0230571
0.0444834
0.0612862
0.023992
0.132207
0.433836
0.50456
0.169783
0.031138
0.134104
0.283911
0.728422
1.61711
2.91932
5.36542
8.12806
7.34156
8.28348
13.799
21.5422
28.4412
33.5823
33.265
25.6246
11.0883
11.1659
13.1175
21.4172
33.1461
39.0764
39.0074
34.1845
25.6281
25.5337
26.5324
30.6727
37.2196
39.8225
40.6035
40.8717
41.6234
42.0221
41.9101
42.2567
42.7571
42.8191
42.972
41.8901
41.3242
40.4177
39.2449
39.6398
39.2847
37.9712
38.668
37.4053
36.4424
36.4975
35.8715
34.8411
33.1938
31.8425
29.9363
28.1145
26.6774
24.7837
23.3763
21.6955
20.5145
19.0992
17.5193
15.3143
14.327
13.6083
13.2374
14.0691
15.1032
14.042
12.573
11.1009
9.81713
10.4619
9.86967
7.54891
7.1814
6.70554
6.72855
6.51999
5.64559
4.28622
4.6975
5.07707
3.93038
4.02153
3.71907
2.13105
3.85158
3.78134
3.28664
SNR of Target
63.5509
76.2142
79.1806
80.9058
82.9009
84.3905
85.4
86.3069
85.2647
88.9405
90.0062
91.4885
92.5858
93.228
93.7272
94.0568
94.369
94.7248
95.0275
95.2792
95.3226
95.4355
95.7465
95.8927
95.7555
95.9628
95.8976
95.6165
95.6124
95.8349
95.9261
95.8575
95.9942
95.9709
96.006
96.0634
96.0906
96.1329
96.1649
96.2515
96.3336
96.3954
96.4476
96.2819
96.4178
96.4942
96.4039
96.26
96.0229
95.8109
95.8378
95.7234
95.6731
95.6815
95.5795
95.4843
95.3357
95.2594
95.3226
95.4532
95.4759
95.4609
95.469
95.4383
94.5602
94.7789
95.2016
95.1739
95.1735
95.0665
94.7797
93.8723
93.9035
93.8383
94.1513
94.0165
93.9435
93.7812
93.5452
92.549
84.585
91.0854
92.1471
91.8844
91.3496
90.8599
90.1816
89.7024
89.151
88.7391
88.1797
86.3463
85.8412
85.9303
85.2989
85.5687
85.5948
85.2344
84.0505
82.6825
83.3011
82.6145
81.4907
82.0754
81.4154
80.5905
79.8087
78.7527
74.8452
72.8027
72.4538
70.1219
68.9963
69.8793
67.5877
55.4297
41.6694
64.0753
62.9336
49.2707
72.1246
76.4641
75.4374
73.5542
69.4393
58.6254
39.9702
39.5745
39.9963
43.6277
43.7789
47.2473
50.3364
50.2837
53.0228
52.4644
54.5868
56.7144
56.8192
58.612
60.0881
58.5316
58.3626
57.7124
49.2872
35.0979
31.136
36.5946
46.7984
45.6963
51.1466
61.4679
68.6608
71.8329
71.4987
71.3139
72.5658
73.8644
73.1894
74.1092
76.1669
77.6453
78.9187
80.2055
81.0236
81.957
82.0434
81.2594
78.9727
79.2603
82.1816
83.1764
84.099
84.533
83.9085
82.7256
81.7622
80.7177
77.7737
74.0654
70.9041
46.5016
9.88338
0.571024
0.0343859
0.61769
1.54585
0.657686
1.18637
2.17146
3.5748
8.72136
17.7844
27.323
37.617
37.0075
45.5012
54.3864
64.7366
68.6379
63.5806
62.9888
68.2426
73.7698
80.9342
84.6461
85.4621
87.2624
88.0904
88.6709
89.0158
89.2804
89.4069
89.7988
90.0559
90.2025
89.9638
89.4029
89.8894
90.5803
90.9384
90.7948
90.4323
90.7523
91.2709
91.6607
91.6915
91.4142
91.2436
91.2686
91.4081
91.2905
91.0152
90.9223
90.6512
90.6241
90.4549
90.01
89.1689
88.2393
86.8602
85.165
83.9409
83.8552
84.9018
85.694
85.8338
84.5014
84.2171
82.7529
80.3797
77.9881
70.7062
53.2518
34.2004
19.0435
7.40275
2.61641
0.700198
0.0649982
0.0314433
0.0836207
0.166045
0.2268
0.0925879
0.55658
1.82402
2.09281
0.693257
0.122623
0.547059
1.16809
3.07938
6.81723
12.2291
21.8753
31.5644
28.5725
31.1232
46.2597
61.479
70.6314
75.5271
74.6065
64.8244
35.0179
34.8359
39.6108
56.6009
72.2182
77.4575
77.1616
72.4942
61.7554
61.4442
62.7565
68.0198
74.7697
76.9198
77.405
77.4245
77.8853
78.1088
77.8759
77.9746
78.208
78.2029
78.2323
77.2203
76.553
75.6073
74.4101
74.5768
73.9704
72.5587
72.9422
71.5196
70.4106
70.3776
69.6717
68.4968
66.5509
64.9886
62.747
60.4742
58.6225
56.0486
53.9061
50.7006
48.2088
45.1379
41.3579
35.3606
31.1341
28.6878
28.4272
33.9079
37.9466
36.2834
33.1823
29.3895
25.8771
28.4968
27.9668
22.6919
22.2294
20.7173
21.0086
20.8608
19.2965
15.6453
17.2411
18.6383
14.8803
15.9156
15.0267
9.13467
16.5877
16.4079
14.5548
