SNR of Background 1
4.94527
8.83879
10.5341
12.097
14.2551
16.389
18.3533
20.2112
19.2053
24.8285
26.8851
30.5454
33.9732
36.4012
38.6881
40.323
41.6265
43.0492
44.5059
46.1196
46.689
47.5063
49.6102
51.1301
51.1262
53.5076
54.7645
55.1308
57.2914
60.822
63.379
64.4471
66.1549
66.6511
67.4147
68.1581
68.4517
68.423
67.9235
67.3541
66.6787
66.1933
66.048
64.5817
65.0074
65.1285
64.2613
63.0202
61.0758
59.2549
58.9694
57.9857
57.5088
57.2822
56.1809
54.9223
53.3762
52.3645
52.0407
52.125
51.7754
51.5275
51.7361
53.698
55.0593
63.8513
71.9673
75.3304
78.6791
80.7925
81.8657
81.2864
82.8281
83.9855
85.772
86.3836
86.9347
87.0642
86.8934
85.2725
72.5532
83.2666
85.271
84.985
84.1917
83.4698
82.4435
81.7505
80.9571
80.3842
79.6021
76.9435
76.2782
76.4978
75.661
76.1414
76.2489
75.7715
74.1262
72.2765
73.2143
72.2433
70.7173
71.6293
70.8498
69.7764
68.71
67.2788
62.3053
59.774
59.3059
56.5189
55.1783
56.123
53.4874
40.8226
28.4027
49.4078
47.9694
32.5557
51.7258
56.7875
55.2288
52.6209
47.7003
37.4464
23.8076
24.2489
24.9237
27.712
27.9685
30.7922
33.4052
33.4654
35.8177
35.3778
37.2749
39.1765
39.0917
40.3199
41.1681
39.3047
38.9686
38.3944
31.3978
21.0743
18.2376
21.4628
28.1453
26.9555
30.4582
38.5957
45.5493
49.5755
50.2636
51.1674
53.4083
55.4577
55.2412
57.0576
60.0811
61.9397
63.1837
64.4011
65.112
66.2355
66.2406
64.9785
61.5668
61.8177
66.0258
67.5157
68.7128
68.9096
67.2563
64.5522
61.7921
58.4792
52.4373
46.1247
41.6165
21.973
4.05777
0.250132
0.0321108
0.28403
0.50191
0.196828
0.367359
0.474246
0.775109
1.84263
3.65539
5.45749
7.53357
7.09509
8.83147
11.079
14.7305
16.6073
14.3701
14.1962
17.2273
22.002
30.1738
36.3318
38.5965
42.9281
45.6759
48.0596
50.0678
51.9618
53.4427
55.4202
56.8981
58.1289
58.6975
58.602
60.7592
62.9896
64.4661
64.9637
65.122
66.8249
68.664
70.0738
70.6694
70.5931
70.782
71.2383
71.8419
71.7868
71.3348
71.2848
70.5838
70.3003
69.651
68.7193
67.5366
66.795
65.7261
64.5418
63.2967
61.4772
60.3146
59.3686
58.7053
56.3079
55.5478
51.763
46.186
41.3092
32.301
19.2972
9.74285
4.35499
1.33004
0.33871
0.0748843
0.00764621
0.00403333
0.00836623
0.0147607
0.0208167
0.00710906
0.0264886
0.086125
0.107281
0.0395447
0.00854401
0.0315097
0.0634966
0.137921
0.296536
0.510989
0.913316
1.44479
1.40129
1.79341
3.36341
5.90932
8.66568
11.2267
11.8629
9.43418
4.13478
4.30136
5.14995
8.72136
14.3298
17.6868
17.9752
15.6695
11.5813
11.6482
12.2251
14.4085
18.0299
19.6621
20.3249
20.7499
21.3954
21.7638
21.8928
22.3471
22.8776
22.9893
23.2096
22.7312
22.6277
22.2626
21.7006
22.1577
22.2327
21.5729
22.2953
21.6642
21.1611
21.2713
20.9078
20.2993
19.315
18.431
17.1448
15.9298
14.9603
13.7002
12.8377
12.0549
11.5555
10.9294
10.2917
9.51889
9.61183
9.44106
9.04212
8.38016
8.34502
7.53915
6.67567
5.99202
5.42026
5.44517
4.84578
3.45953
3.12609
2.95607
2.90022
2.67609
2.00999
1.30709
1.38415
1.47192
1.06397
0.892887
0.754412
0.332477
0.4888
0.449846
0.335666
SNR of Background 2
9.29815
15.7281
18.0288
19.5747
21.7039
23.5588
24.9653
26.3246
24.653
31.1816
33.5707
37.5441
41.0519
43.3886
45.3819
46.7769
48.1476
49.8201
51.3691
52.7369
52.9853
53.6224
55.4558
56.4094
55.6382
56.9997
56.703
55.1324
55.2679
56.7961
57.5506
57.2686
58.2396
58.1978
58.5159
58.9643
59.1825
59.4699
59.669
60.2159
60.7349
61.1517
61.5372
60.4708
61.4078
61.9675
61.4068
60.4908
58.9936
57.7043
57.8956
57.2647
57.0238
57.1199
56.5756
56.0846
55.2942
54.9041
55.2899
56.0558
56.2348
56.2073
56.3336
56.2943
52.0957
53.6166
56.2812
56.516
56.9879
56.8567
55.8286
52.2049
52.728
52.828
54.4992
54.2166
54.1699
53.6722
52.8146
49.077
30.101
44.5122
47.954
47.1267
45.439
43.9929
42.1111
40.8782
39.5326
38.5699
37.343
33.6872
32.7577
32.9409
31.8729
32.3622
32.415
31.7912
29.8831
27.894
28.8226
27.8396
26.3512
27.1571
26.3559
25.3773
24.4693
23.2956
19.6394
18.0533
17.8328
16.2225
15.5418
16.11
14.7723
9.39519
5.58242
12.8599
12.3017
6.19174
10.2767
11.9317
11.5534
10.9513
9.6215
6.97756
4.03116
4.00252
4.07718
4.58251
4.61462
5.13753
5.63757
5.64071
6.12755
6.0388
6.42978
6.8452
6.86801
7.23603
7.55641
7.23278
7.22221
7.11125
5.58638
3.59008
3.10453
3.74737
5.17224
5.01625
5.88302
7.94312
9.9211
11.05
11.0031
11.0251
11.592
12.2468
12.1716
12.8024
13.9271
14.6615
15.1826
15.7622
16.1584
16.7562
16.7964
16.2198
14.7499
14.8894
16.8353
17.6489
18.502
18.9534
18.4249
17.4351
16.6714
15.9296
14.1623
12.3723
11.1613
5.46388
0.989251
0.0608294
0.00413573
0.038562
0.088878
0.159066
0.314466
0.19446
0.30113
0.856172
1.82589
2.9132
4.22892
4.17653
5.46616
7.02143
9.44012
10.6703
9.17431
8.97901
10.4976
12.5588
16.4705
19.5456
20.4431
22.6376
23.8598
24.8002
25.4253
25.9379
26.2191
26.9524
27.4645
27.8113
27.4234
26.46
27.4035
28.8601
29.7108
29.4577
28.7732
29.538
30.7982
31.868
32.054
31.4179
31.064
31.2037
31.6387
31.4524
30.8912
30.7853
30.2546
30.169
29.8148
29.2578
28.5769
28.3126
27.7616
27.075
26.35
25.3842
25.1218
25.2043
25.4273
24.2469
23.988
21.9738
19.4376
17.6166
14.0167
8.59953
4.82446
2.57267
1.09907
0.517871
0.15329
0.000504552
0.00040593
0.0749158
0.118963
0.137472
0.0171886
0.0039686
0.00449861
0.129963
0.0819378
0.0415646
0.115054
0.171997
0.583538
1.37094
2.07475
3.07744
4.23124
3.69486
4.01006
6.67074
10.6026
14.1557
16.6854
16.3047
12.1474
4.94304
4.83663
5.63703
9.35146
15.0447
18.2119
18.212
15.577
11.181
11.052
11.4188
13.4047
16.7853
18.0964
18.2729
18.3927
18.9207
19.0393
18.676
18.7482
18.9692
18.8629
19.0027
18.3728
17.8844
17.3491
16.7726
16.9067
16.8424
15.713
15.8758
15.2839
14.9215
14.9718
14.4988
13.9378
13.4907
13.1105
12.3281
11.583
10.9661
9.92678
9.23887
8.64185
8.44678
8.27714
8.13844
7.17739
7.00231
6.76571
6.51707
6.52059
7.21081
6.95581
6.55138
6.22454
5.47596
5.95724
5.7543
4.66334
5.31202
5.08732
5.24753
5.14753
4.46014
4.05711
4.57497
4.99959
4.04993
4.54528
4.255
2.13841
3.35602
3.15963
2.49735
SNR of Background Average
5.84655
10.3017
12.1371
13.6984
15.8531
17.926
19.7652
21.5121
20.3556
26.1898
28.326
32.0663
35.5202
37.9319
40.1536
41.7348
43.0577
44.5445
46.0281
47.5863
48.0787
48.8543
50.8981
52.2853
52.1002
54.2504
55.1659
55.1311
56.9013
60.0776
62.3442
63.2097
64.8198
65.2437
65.9521
66.6623
66.9486
66.9615
66.5529
66.1379
65.6376
65.2919
65.2321
63.8291
64.3419
64.5388
63.7245
62.5404
60.6765
58.954
58.759
57.8434
57.4127
57.2499
56.2605
55.1596
53.7728
52.8948
52.7276
52.9662
52.7382
52.5415
52.7311
54.2415
54.4961
62.1807
69.7963
72.9875
76.279
78.3845
79.4296
78.6799
80.3071
81.531
83.4854
84.1366
84.733
84.8625
84.6571
82.8069
68.7399
80.5241
82.7784
82.4478
81.5457
80.7278
79.5711
78.7917
77.9022
77.2608
76.3895
73.4551
72.7201
72.9575
72.0388
72.5599
72.6739
72.1492
70.3532
68.3473
69.3605
68.311
66.6687
67.6468
66.8064
65.6571
64.5212
63.0039
57.7964
55.1838
54.7066
51.8631
50.5077
51.464
48.809
36.3947
24.7604
44.7626
43.3499
28.2095
45.5073
50.4759
48.947
46.4165
41.7023
32.1899
20.1005
20.4624
21.0382
23.4643
23.6861
26.1655
28.4812
28.5337
30.6412
30.2469
31.956
33.6838
33.6132
34.7507
35.5494
33.8599
33.5659
33.0486
26.7711
17.7707
15.3457
18.1206
23.9494
22.9233
26.0275
33.3606
39.8115
43.6205
44.2471
45.0851
47.2427
49.2517
49.0388
50.8392
53.8781
55.7718
57.0519
58.3185
59.0668
60.2522
60.2615
58.9409
55.4189
55.6795
60.0503
61.6297
62.9234
63.1622
61.4334
58.6304
55.8344
52.5528
46.6627
40.6785
36.5005
18.8555
3.44749
0.212278
0.0265161
0.234956
0.419354
0.189274
0.356775
0.41831
0.680386
1.64566
3.29073
4.95131
6.87767
6.51526
8.16401
10.2764
13.6896
15.4432
13.3474
13.1691
15.9115
20.1812
27.6092
33.2795
35.3394
39.3825
41.9391
44.1531
46.0062
47.7563
49.1181
50.9967
52.4057
53.5764
54.055
53.8537
55.9727
58.2344
59.7287
60.1805
60.2655
61.9899
63.9071
65.3947
66.0036
65.8754
66.0357
66.5055
67.1484
67.0784
66.5781
66.5192
65.7716
65.4805
64.8023
63.8286
62.6006
61.8487
60.7543
59.5403
58.2691
56.4321
55.3042
54.4249
53.8311
51.4731
50.7441
47.0493
41.7341
37.2109
28.9586
17.2349
8.77106
3.99974
1.28387
0.374556
0.0905693
0.00881386
0.00732572
0.0216766
0.0356036
0.0441511
0.00912492
0.0219846
0.0779337
0.111817
0.048023
0.0151484
0.0482203
0.0852002
0.227107
0.51179
0.824568
1.3478
2.00499
1.86196
2.2386
4.02953
6.8591
9.78135
12.3377
12.7642
9.98107
4.29678
4.40854
5.24748
8.84761
14.4732
17.792
18.0226
15.651
11.5014
11.5293
12.0644
14.2084
17.782
19.3508
19.9178
20.2829
20.9055
21.2253
21.2585
21.6387
22.1085
22.1785
22.3838
21.8759
21.6985
21.3005
20.7346
21.1293
21.1782
20.4273
21.0451
20.421
19.9439
20.0428
19.6582
19.0572
18.1748
17.3875
16.1973
15.0727
14.1717
12.9541
12.1256
11.3789
10.9391
10.4028
9.86365
9.05347
9.09344
8.90964
8.54032
8.00997
8.11887
7.42265
6.65078
6.03847
5.43137
5.54769
5.02785
3.70088
3.56522
3.38406
3.37184
3.17278
2.50232
1.85991
2.02611
2.18213
1.66448
1.62826
1.45895
0.694759
1.06507
0.99431
0.769568
SNR of Target
9.29815
15.7281
18.0288
19.5747
21.7039
23.5588
24.9653
26.3246
24.653
31.1816
33.5707
37.5441
41.0519
43.3886
45.3819
46.7769
48.1476
49.8201
51.3691
52.7369
52.9853
53.6224
55.4558
56.4094
55.6382
56.9997
56.703
55.1324
55.2679
56.7961
57.5506
57.2686
58.2396
58.1978
58.5159
58.9643
59.1825
59.4699
59.669
60.2159
60.7349
61.1517
61.5372
60.4708
61.4078
61.9675
61.4068
60.4908
58.9936
57.7043
57.8956
57.2647
57.0238
57.1199
56.5756
56.0846
55.2942
54.9041
55.2899
56.0558
56.2348
56.2073
56.3336
56.2943
52.0957
53.6166
56.2812
56.516
56.9879
56.8567
55.8286
52.2049
52.728
52.828
54.4992
54.2166
54.1699
53.6722
52.8146
49.077
30.101
44.5122
47.954
47.1267
45.439
43.9929
42.1111
40.8782
39.5326
38.5699
37.343
33.6872
32.7577
32.9409
31.8729
32.3622
32.415
31.7912
29.8831
27.894
28.8226
27.8396
26.3512
27.1571
26.3559
25.3773
24.4693
23.2956
19.6394
18.0533
17.8328
16.2225
15.5418
16.11
14.7723
9.39519
5.58242
12.8599
12.3017
6.19174
10.2767
11.9317
11.5534
10.9513
9.6215
6.97756
4.03116
4.00252
4.07718
4.58251
4.61462
5.13753
5.63757
5.64071
6.12755
6.0388
6.42978
6.8452
6.86801
7.23603
7.55641
7.23278
7.22221
7.11125
5.58638
3.59008
3.10453
3.74737
5.17224
5.01625
5.88302
7.94312
9.9211
11.05
11.0031
11.0251
11.592
12.2468
12.1716
12.8024
13.9271
14.6615
15.1826
15.7622
16.1584
16.7562
16.7964
16.2198
14.7499
14.8894
16.8353
17.6489
18.502
18.9534
18.4249
17.4351
16.6714
15.9296
14.1623
12.3723
11.1613
5.46388
0.989251
0.0608294
0.00413573
0.038562
0.088878
0.159066
0.314466
0.19446
0.30113
0.856172
1.82589
2.9132
4.22892
4.17653
5.46616
7.02143
9.44012
10.6703
9.17431
8.97901
10.4976
12.5588
16.4705
19.5456
20.4431
22.6376
23.8598
24.8002
25.4253
25.9379
26.2191
26.9524
27.4645
27.8113
27.4234
26.46
27.4035
28.8601
29.7108
29.4577
28.7732
29.538
30.7982
31.868
32.054
31.4179
31.064
31.2037
31.6387
31.4524
30.8912
30.7853
30.2546
30.169
29.8148
29.2578
28.5769
28.3126
27.7616
27.075
26.35
25.3842
25.1218
25.2043
25.4273
24.2469
23.988
21.9738
19.4376
17.6166
14.0167
8.59953
4.82446
2.57267
1.09907
0.517871
0.15329
0.0134837
0.0204958
0.0749158
0.118963
0.137472
0.0171886
0.0039686
0.0451677
0.129963
0.0819378
0.0415646
0.115054
0.171997
0.583538
1.37094
2.07475
3.07744
4.23124
3.69486
4.01006
6.67074
10.6026
14.1557
16.6854
16.3047
12.1474
4.94304
4.83663
5.63703
9.35146
15.0447
18.2119
18.212
15.577
11.181
11.052
11.4188
13.4047
16.7853
18.0964
18.2729
18.3927
18.9207
19.0393
18.676
18.7482
18.9692
18.8629
19.0027
18.3728
17.8844
17.3491
16.7726
16.9067
16.8424
15.713
15.8758
15.2839
14.9215
14.9718
14.4988
13.9378
13.4907
13.1105
12.3281
11.583
10.9661
9.92678
9.23887
8.64185
8.44678
8.27714
8.13844
7.17739
7.00231
6.76571
6.51707
6.52059
7.21081
6.95581
6.55138
6.22454
5.47596
5.95724
5.7543
4.66334
5.31202
5.08732
5.24753
5.14753
4.46014
4.05711
4.57497
4.99959
4.04993
4.54528
4.255
2.13841
3.35602
3.15963
2.49735
