SNR of Background 1
19.8419
19.8525
19.8524
19.8576
19.8711
19.8898
19.9056
19.9086
19.8991
19.8862
19.8822
19.8772
19.8658
19.8569
19.8525
19.8557
19.8599
19.9268
19.9487
19.9682
19.9815
19.9777
19.9841
19.9847
19.9837
19.9786
19.9809
19.985
19.9852
19.9858
19.9874
19.9837
19.969
19.9652
19.8392
19.8732
19.9599
19.979
19.9836
19.9835
19.9843
19.9845
19.9827
19.9827
19.9798
19.9621
19.7309
19.1779
19.7003
19.9237
19.9561
19.9601
19.9594
19.9677
19.972
19.9734
19.9697
19.9657
19.9689
19.9595
19.9308
19.8106
0.000164017
0.0135097
0.209669
0.911038
5.4764
10.8379
12.5445
18.5298
19.5767
19.7625
19.833
19.8622
19.8761
19.8646
19.8778
19.8814
19.8897
19.8968
19.8915
19.8887
19.8869
19.8775
19.87
19.8595
19.8389
19.8007
19.7491
19.7053
19.5569
19.0494
16.7518
6.39512
0.363797
10.2228
14.4643
9.75617
17.4636
18.0502
17.7928
18.9309
19.114
19.1928
19.2513
19.1892
19.1527
19.0937
19.1805
19.1129
19.0507
18.8263
18.6271
18.1447
17.5303
16.6216
14.7255
13.4604
10.9693
10.0061
6.51822
7.19677
3.86183
1.80605
0.165582
0.0454252
SNR of Background 2
19.8477
19.8594
19.8615
19.869
19.8833
19.901
19.9154
19.9185
19.9121
19.9037
19.9027
19.9017
19.8949
19.8892
19.8848
19.8865
19.8873
19.9343
19.9474
19.9619
19.9766
19.9709
19.9785
19.9794
19.9783
19.9712
19.9738
19.9794
19.9796
19.9806
19.9828
19.9782
19.9585
19.9543
19.7808
19.8197
19.9453
19.9722
19.9784
19.9783
19.9792
19.9794
19.977
19.9771
19.9738
19.9519
19.6493
18.8922
19.5914
19.9017
19.9466
19.9524
19.9517
19.9615
19.9666
19.9683
19.964
19.9593
19.9637
19.9534
19.9223
19.7907
0.000164017
0.0135097
0.209669
0.840009
5.34035
11.0239
12.8532
18.7014
19.6461
19.802
19.8592
19.8823
19.8931
19.8823
19.893
19.8957
19.902
19.9078
19.9039
19.9027
19.9018
19.8941
19.888
19.8802
19.8647
19.8347
19.793
19.7577
19.6372
19.2106
17.1656
6.89873
0.363798
9.46438
14.2722
7.84195
17.5816
18.2901
17.9857
19.0478
19.2231
19.2984
19.3617
19.3098
19.2705
19.1947
19.2432
19.1503
19.0465
18.7708
18.5303
17.9052
16.9666
15.2846
10.6767
6.75874
2.45538
1.40894
0.944745
0.989097
0.601902
0.498147
0.165639
0.0454256
SNR of Background 3
19.9077
19.9156
19.9184
19.922
19.9257
19.929
19.9344
19.9353
19.9338
19.9315
19.9334
19.9348
19.9324
19.9321
19.935
19.9388
19.9277
19.9352
19.929
19.9347
19.9564
19.9419
19.9572
19.9582
19.9544
19.9374
19.9435
19.9561
19.9563
19.9581
19.963
19.9502
19.8977
19.8887
19.4
19.5301
19.8688
19.9351
19.9497
19.9486
19.9508
19.9507
19.9436
19.9431
19.9332
19.8683
18.8357
16.8009
18.7981
19.7426
19.8666
19.8826
19.8808
19.9064
19.9191
19.9229
19.9103
19.8968
19.9086
19.8813
19.8058
19.535
0.000167791
0.0263808
0.71724
2.95144
10.3256
15.1214
15.4906
19.1188
19.7142
19.8212
19.8617
19.8753
19.8778
19.8555
19.8607
19.8571
19.8596
19.864
19.8543
19.8503
19.8489
19.8362
19.8261
19.8133
19.7894
19.7444
19.6878
19.6515
19.5041
19.0081
17.0309
8.00975
5.41003
18.2185
19.184
17.6659
19.4885
19.5607
19.4256
19.6868
19.7174
19.7281
19.7337
19.6937
19.6607
19.6192
19.647
19.6288
19.6268
19.5766
19.5362
19.4176
19.2907
19.0921
18.6987
18.4435
17.4641
17.2919
14.9262
15.1004
11.0941
8.81679
1.76753
0.898673
SNR of Background Average
19.8542
19.8649
19.8663
19.8723
19.8842
19.8997
19.9133
19.9161
19.9091
19.8999
19.8983
19.8964
19.8887
19.883
19.8804
19.8835
19.8821
19.9308
19.9467
19.9639
19.9784
19.9736
19.9808
19.9816
19.9805
19.9742
19.9768
19.9818
19.982
19.9828
19.9847
19.9803
19.9625
19.9582
19.802
19.8418
19.9511
19.9748
19.9803
19.9802
19.9812
19.9813
19.9791
19.9792
19.9759
19.9549
19.6714
18.9812
19.6287
19.9087
19.9489
19.954
19.9533
19.9628
19.9678
19.9694
19.9651
19.9605
19.9645
19.9539
19.9221
19.7892
0.000164567
0.0148677
0.270675
1.09036
5.99286
11.5091
13.0548
18.6807
19.6235
19.7863
19.8474
19.8722
19.8836
19.8715
19.8829
19.8857
19.8927
19.8992
19.8942
19.8921
19.8907
19.8818
19.8748
19.8653
19.8468
19.8118
19.7641
19.7244
19.5883
19.1164
16.9549
6.76597
1.41568
11.9916
15.868
10.9
18.0628
18.5248
18.2484
19.1459
19.2853
19.3445
19.3906
19.3329
19.2924
19.2273
19.2881
19.2222
19.1617
18.9625
18.7905
18.3532
17.7747
16.8461
14.6819
13.0316
9.9296
9.03585
5.92187
6.34928
3.53299
2.10301
0.376211
0.131407
SNR of Target
19.9216
19.9296
19.9331
19.9365
19.9392
19.941
19.9438
19.9425
19.939
19.9352
19.9354
19.9358
19.9332
19.9332
19.9365
19.9407
19.9302
19.9377
19.9318
19.9378
19.9592
19.9471
19.9618
19.9632
19.9606
19.9471
19.9527
19.9634
19.9639
19.9657
19.9697
19.9603
19.9217
19.9159
19.573
19.6699
19.905
19.9523
19.963
19.9625
19.9641
19.9643
19.9597
19.9597
19.9533
19.9115
19.2845
17.9925
19.282
19.8397
19.9146
19.9246
19.9236
19.9392
19.9471
19.9496
19.9421
19.9341
19.9416
19.9256
19.8818
19.7326
0.000171898
0.035706
1.0197
4.14833
13.0715
17.1072
17.4339
19.5446
19.8455
19.9005
19.9218
19.929
19.9306
19.9191
19.922
19.9203
19.9216
19.9239
19.919
19.9171
19.9162
19.9096
19.904
19.897
19.8846
19.862
19.8342
19.8171
19.7465
19.5078
18.47
10.8778
7.65633
19.0432
19.5635
18.7759
19.7316
19.7718
19.7149
19.8419
19.8579
19.8618
19.8635
19.8448
19.8306
19.8121
19.8252
19.8132
19.8005
19.7633
19.7401
19.6818
19.6225
19.5219
19.3059
19.1664
18.6344
18.532
17.0799
17.2227
14.1004
12.035
3.14646
0.97642
