L of Background 1
1.01033
1.55226
1.67003
1.71103
1.84526
1.88223
1.83659
1.7977
1.50053
1.88565
1.91632
2.10269
2.22758
2.28376
2.34949
2.33924
2.33553
2.33084
2.35473
2.35487
2.26039
2.20143
2.26528
2.26164
2.21179
2.34913
2.43238
2.36003
2.49068
2.743
2.95437
3.00509
3.15423
3.16712
3.2316
3.26573
3.22582
3.17069
3.04927
2.9294
2.83509
2.7379
2.68598
2.47155
2.48648
2.45447
2.41983
2.38148
2.26432
2.2152
2.20484
2.1296
2.10498
2.10118
2.0559
1.98301
1.89787
1.81295
1.80102
1.80532
1.77055
1.74194
1.73457
1.81621
1.78453
2.39794
3.33666
3.86258
4.61417
5.2977
5.66666
5.47953
6.22847
6.83709
8.07309
8.73062
9.29137
9.68945
9.85477
8.87916
4.13335
8.23678
10.048
10.2154
10.2041
10.1008
9.82279
9.81944
9.78415
9.7937
9.54597
8.22618
8.29379
8.58216
8.61924
9.07656
9.35532
9.34354
9.07653
8.49434
9.17111
9.00519
8.62774
8.96894
8.92835
8.78487
8.67129
8.4403
6.99749
6.55322
6.74753
6.32928
6.32772
6.98099
6.65683
4.18399
2.54533
3.47194
3.56092
3.87259
4.56288
5.46989
5.5593
5.954
6.40379
6.58279
6.73129
6.77719
6.88558
6.81029
6.79255
6.73812
6.66154
6.59072
6.50504
6.36075
6.21996
6.10745
6.04845
5.82647
5.57439
5.2125
4.82158
4.43079
3.23953
1.92749
1.5536
1.68892
2.18861
1.98255
2.20365
2.84957
3.44362
3.76283
3.83785
3.80126
3.94775
4.0735
3.90049
3.97432
4.08108
4.17854
4.20467
4.23224
4.19763
4.12027
4.00483
3.74758
3.27905
3.21504
3.57646
3.65562
3.70963
3.56985
3.30963
2.96998
2.66865
2.36674
1.93704
1.57328
1.34087
0.613789
0.103261
0.00614374
0.000776692
0.0067041
0.0116617
0.00449251
0.00822727
0.0105229
0.0168283
0.0398214
0.0777623
0.114826
0.156882
0.146961
0.18083
0.22518
0.303349
0.339094
0.285541
0.280742
0.338924
0.440089
0.61943
0.756519
0.806251
0.905503
0.962812
1.02306
1.06043
1.0952
1.13111
1.16096
1.17483
1.19339
1.17622
1.13695
1.19014
1.23597
1.2557
1.24089
1.22738
1.27664
1.33438
1.36339
1.37035
1.3482
1.33698
1.35254
1.37414
1.36611
1.33835
1.33103
1.29352
1.27655
1.24334
1.2
1.15034
1.11774
1.07475
1.02954
0.99621
0.93996
0.904627
0.881518
0.849031
0.786012
0.763119
0.668649
0.561195
0.472993
0.344915
0.193129
0.0942993
0.0412348
0.0125898
0.00325043
0.000729616
7.52029e-005
4.06391e-005
8.42782e-005
0.000147912
0.00021119
7.48942e-005
0.000282713
0.000918228
0.00115762
0.000426823
9.30303e-005
0.00033878
0.000677396
0.00147294
0.00311776
0.00539095
0.00969455
0.0152231
0.0146615
0.0186184
0.0354299
0.0625261
0.0923597
0.121747
0.128425
0.100981
0.0432611
0.0445824
0.0531366
0.090644
0.151047
0.187732
0.189523
0.164051
0.118976
0.119399
0.125332
0.148658
0.188613
0.206744
0.216092
0.220488
0.226064
0.228704
0.230685
0.23424
0.238348
0.240574
0.241153
0.236531
0.235988
0.232468
0.226686
0.232647
0.23678
0.229994
0.239305
0.232649
0.230252
0.23559
0.237835
0.237225
0.232144
0.225057
0.215445
0.206731
0.197246
0.183653
0.175268
0.167398
0.161153
0.155382
0.148996
0.140395
0.139656
0.135081
0.127474
0.116889
0.115208
0.10257
0.0894568
0.0791163
0.0719614
0.0735246
0.0674714
0.0486749
0.0445995
0.0427244
0.0425556
0.0398796
0.0310223
0.0205391
0.0225894
0.0244967
0.0183714
0.0162297
0.0140554
0.00650887
0.0100341
0.00966701
0.00743705
L of Background 2
13.6667
21.0496
22.5847
22.8334
24.1897
24.193
23.1052
22.2508
18.4813
23.3689
23.9661
26.4225
28.0513
28.7801
29.5223
29.3755
29.5387
29.8085
30.3239
30.2987
29.0071
28.2733
29.0542
28.7302
27.6631
28.7488
28.6777
26.4801
26.4602
27.478
27.9668
27.2579
27.8578
27.4688
27.5752
27.5518
27.1702
27.0463
26.718
26.7221
26.9901
26.9122
26.9061
25.1514
25.753
25.8152
25.7472
25.6597
24.8087
24.7313
25.0162
24.4497
24.368
24.593
24.4908
24.1798
23.6808
23.0681
23.4288
23.99
23.9171
23.7067
23.5703
23.292
19.2485
20.0326
21.9925
21.8163
22.0594
22.0651
20.9791
18.0031
18.6683
18.7596
20.4691
20.6241
20.732
20.8308
20.7046
18.3383
8.31693
16.338
19.6765
19.7605
19.5809
19.2583
18.6217
18.5176
18.3521
18.2827
17.7278
15.1713
15.2216
15.6803
15.6706
16.428
16.8696
16.8064
16.2763
15.1717
16.3293
16.0437
15.3537
15.8842
15.7213
15.4402
15.2569
14.8779
12.3344
11.5642
11.9302
11.2023
11.2163
12.4043
11.8329
7.42463
4.53495
6.2506
6.46356
7.08733
8.40575
10.1543
10.3884
11.2062
12.105
12.301
12.1911
11.8859
11.8802
11.6927
11.5979
11.4415
11.2624
11.1039
10.9416
10.6884
10.4306
10.2399
10.2005
9.95574
9.68502
9.18218
8.54987
7.8608
5.74512
3.43459
2.80843
3.10675
4.09961
3.77594
4.28431
5.62058
6.81311
7.33375
7.24917
6.95281
7.06173
7.18565
6.76315
6.75305
6.84662
7.0236
7.16787
7.34169
7.38653
7.30913
7.13345
6.69737
5.8879
5.79966
6.45946
6.60968
6.7645
6.6189
6.26328
5.76449
5.37956
5.0198
4.33409
3.69189
3.2408
1.50996
0.257294
0.0144442
0.000883257
0.0150522
0.0369484
0.015501
0.0273999
0.0490607
0.0788591
0.191701
0.392119
0.615156
0.881323
0.858534
1.1033
1.41246
1.91959
2.13731
1.79238
1.75372
2.03505
2.4509
3.21579
3.77278
3.90145
4.25418
4.39346
4.52737
4.53669
4.52283
4.5191
4.51463
4.46769
4.43208
4.21729
3.9174
3.99595
4.10731
4.11568
3.95786
3.77987
3.83196
3.95505
4.00251
3.95668
3.8031
3.6906
3.68575
3.71608
3.66195
3.55458
3.51235
3.41392
3.39333
3.329
3.19399
2.98179
2.77713
2.52558
2.27384
2.1408
2.12433
2.23619
2.34109
2.31808
2.1396
2.09313
1.90372
1.69059
1.49886
1.13872
0.668595
0.36901
0.189338
0.0714821
0.0253811
0.00684774
0.000638955
0.000317008
0.000846441
0.00166463
0.00229978
0.000959061
0.00571633
0.0187169
0.0217952
0.00725156
0.00129985
0.0056962
0.0120495
0.031547
0.0691079
0.125184
0.231289
0.34642
0.308579
0.341109
0.571716
0.898217
1.20251
1.44927
1.40136
1.01309
0.405849
0.400312
0.466988
0.776768
1.25754
1.5185
1.49054
1.25821
0.889608
0.879656
0.913946
1.07562
1.35506
1.46808
1.5094
1.5079
1.52368
1.52712
1.51671
1.51256
1.51472
1.52052
1.51038
1.45646
1.42367
1.37773
1.32227
1.33498
1.32484
1.26584
1.28787
1.2304
1.20366
1.22322
1.22906
1.21826
1.18222
1.14778
1.10811
1.07337
1.03542
0.97973
0.939425
0.871995
0.814892
0.75899
0.689014
0.577838
0.489294
0.438559
0.427936
0.520286
0.590442
0.551048
0.487845
0.417526
0.363723
0.412095
0.415665
0.332789
0.329621
0.309252
0.318396
0.320402
0.303757
0.246492
0.282734
0.312602
0.254612
0.283648
0.271916
0.168416
0.319222
0.328401
0.294995
L of Background Average
3.37917
5.20384
5.58947
5.67238
6.03886
6.07275
5.8349
5.64588
4.69797
5.93385
6.07428
6.69232
7.10456
7.29138
7.48893
7.45681
7.48826
7.5391
7.6599
7.65902
7.34099
7.15735
7.36098
7.30006
7.06082
7.38284
7.44005
6.96592
7.07191
7.47492
7.74377
7.65268
7.89151
7.83061
7.90598
7.93149
7.82831
7.76204
7.60255
7.50834
7.48482
7.39241
7.35126
6.84517
6.97487
6.96062
6.91996
6.87376
6.61648
6.56323
6.61119
6.44365
6.40964
6.45036
6.3953
6.27829
6.11549
5.92892
5.98938
6.1021
6.06106
5.99838
5.96736
5.98132
5.18546
5.83479
6.97025
7.36269
8.01864
8.57318
8.66316
7.93953
8.67322
9.18165
10.51
11.0702
11.5434
11.8839
11.9928
10.7446
4.96413
9.83807
11.9483
12.0997
12.0556
11.9095
11.5612
11.5381
11.4775
11.4717
11.1639
9.60183
9.66566
9.98768
10.0157
10.5316
10.8424
10.8205
10.5016
9.81618
10.5883
10.3988
9.95956
10.3385
10.2739
10.1032
9.97597
9.71604
8.05678
7.54806
7.77621
7.29697
7.29841
8.05684
7.68392
4.82892
2.9423
4.02552
4.13917
4.51256
5.32704
6.40014
6.5181
6.99609
7.53427
7.71659
7.81432
7.79097
7.87691
7.7795
7.74658
7.67199
7.57517
7.48705
7.38623
7.22044
7.05649
6.92846
6.87335
6.64685
6.39105
6.00125
5.56265
5.11295
3.7385
2.22822
1.80411
1.97179
2.56959
2.3403
2.61848
3.40126
4.11373
4.47278
4.51631
4.42828
4.56729
4.69269
4.47026
4.52746
4.63165
4.74483
4.79438
4.85091
4.83203
4.75459
4.62722
4.3345
3.79834
3.72958
4.15011
4.24333
4.3174
4.17649
3.89739
3.52625
3.20833
2.89497
2.41447
1.99548
1.71963
0.79271
0.134048
0.00780343
0.000797992
0.00837329
0.0167177
0.00669373
0.012061
0.0182276
0.0292305
0.0701841
0.140599
0.214817
0.301614
0.289119
0.365072
0.462233
0.625794
0.697712
0.586205
0.574582
0.677218
0.840818
1.13621
1.35639
1.42172
1.57105
1.64451
1.71928
1.75109
1.77624
1.80434
1.82743
1.8293
1.83715
1.78085
1.68994
1.74818
1.80699
1.82452
1.78139
1.73528
1.78511
1.85585
1.88855
1.88506
1.83683
1.80551
1.81705
1.84041
1.82326
1.77968
1.76541
1.71579
1.69812
1.65874
1.59722
1.51528
1.44852
1.36406
1.27778
1.2246
1.17626
1.17021
1.17257
1.14197
1.05596
1.02839
0.915039
0.786572
0.677767
0.503444
0.288121
0.149213
0.0708457
0.0243656
0.00767579
0.00195306
0.00018794
9.59095e-005
0.0002367
0.000451232
0.00062888
0.000251711
0.00136927
0.00447726
0.00528425
0.00179159
0.000334373
0.00141015
0.00295158
0.00748687
0.0163134
0.0293432
0.053993
0.0814149
0.0734041
0.0830652
0.142535
0.229336
0.313834
0.386423
0.382246
0.282953
0.115692
0.115661
0.135816
0.227612
0.371727
0.452998
0.448868
0.382224
0.272746
0.271106
0.282683
0.33356
0.421178
0.458181
0.473889
0.477117
0.484729
0.487527
0.487029
0.489053
0.492788
0.495712
0.494151
0.479736
0.472778
0.460813
0.445142
0.452444
0.453759
0.436602
0.448435
0.431651
0.424404
0.432574
0.435539
0.432899
0.421644
0.409111
0.393518
0.37962
0.36446
0.342486
0.327751
0.308024
0.291644
0.275878
0.256814
0.227761
0.209507
0.195722
0.187512
0.197465
0.210108
0.192136
0.169033
0.146723
0.130263
0.141168
0.137035
0.105447
0.101553
0.0959862
0.0976774
0.0959373
0.085528
0.0657049
0.0745789
0.0820662
0.0655874
0.0696696
0.065586
0.038878
0.0718128
0.0733537
0.0649023
L of Target
13.6667
21.0496
22.5847
22.8334
24.1897
24.193
23.1052
22.2508
18.4813
23.3689
23.9661
26.4225
28.0513
28.7801
29.5223
29.3755
29.5387
29.8085
30.3239
30.2987
29.0071
28.2733
29.0542
28.7302
27.6631
28.7488
28.6777
26.4801
26.4602
27.478
27.9668
27.2579
27.8578
27.4688
27.5752
27.5518
27.1702
27.0463
26.718
26.7221
26.9901
26.9122
26.9061
25.1514
25.753
25.8152
25.7472
25.6597
24.8087
24.7313
25.0162
24.4497
24.368
24.593
24.4908
24.1798
23.6808
23.0681
23.4288
23.99
23.9171
23.7067
23.5703
23.292
19.2485
20.0326
21.9925
21.8163
22.0594
22.0651
20.9791
18.0031
18.6683
18.7596
20.4691
20.6241
20.732
20.8308
20.7046
18.3383
8.31693
16.338
19.6765
19.7605
19.5809
19.2583
18.6217
18.5176
18.3521
18.2827
17.7278
15.1713
15.2216
15.6803
15.6706
16.428
16.8696
16.8064
16.2763
15.1717
16.3293
16.0437
15.3537
15.8842
15.7213
15.4402
15.2569
14.8779
12.3344
11.5642
11.9302
11.2023
11.2163
12.4043
11.8329
7.42463
4.53495
6.2506
6.46356
7.08733
8.40575
10.1543
10.3884
11.2062
12.105
12.301
12.1911
11.8859
11.8802
11.6927
11.5979
11.4415
11.2624
11.1039
10.9416
10.6884
10.4306
10.2399
10.2005
9.95574
9.68502
9.18218
8.54987
7.8608
5.74512
3.43459
2.80843
3.10675
4.09961
3.77594
4.28431
5.62058
6.81311
7.33375
7.24917
6.95281
7.06173
7.18565
6.76315
6.75305
6.84662
7.0236
7.16787
7.34169
7.38653
7.30913
7.13345
6.69737
5.8879
5.79966
6.45946
6.60968
6.7645
6.6189
6.26328
5.76449
5.37956
5.0198
4.33409
3.69189
3.2408
1.50996
0.257294
0.0144442
0.000883257
0.0150522
0.0369484
0.015501
0.0273999
0.0490607
0.0788591
0.191701
0.392119
0.615156
0.881323
0.858534
1.1033
1.41246
1.91959
2.13731
1.79238
1.75372
2.03505
2.4509
3.21579
3.77278
3.90145
4.25418
4.39346
4.52737
4.53669
4.52283
4.5191
4.51463
4.46769
4.43208
4.21729
3.9174
3.99595
4.10731
4.11568
3.95786
3.77987
3.83196
3.95505
4.00251
3.95668
3.8031
3.6906
3.68575
3.71608
3.66195
3.55458
3.51235
3.41392
3.39333
3.329
3.19399
2.98179
2.77713
2.52558
2.27384
2.1408
2.12433
2.23619
2.34109
2.31808
2.1396
2.09313
1.90372
1.69059
1.49886
1.13872
0.668595
0.36901
0.189338
0.0714821
0.0253811
0.00684774
0.000638955
0.000317008
0.000846441
0.00166463
0.00229978
0.000959061
0.00571633
0.0187169
0.0217952
0.00725156
0.00129985
0.0056962
0.0120495
0.031547
0.0691079
0.125184
0.231289
0.34642
0.308579
0.341109
0.571716
0.898217
1.20251
1.44927
1.40136
1.01309
0.405849
0.400312
0.466988
0.776768
1.25754
1.5185
1.49054
1.25821
0.889608
0.879656
0.913946
1.07562
1.35506
1.46808
1.5094
1.5079
1.52368
1.52712
1.51671
1.51256
1.51472
1.52052
1.51038
1.45646
1.42367
1.37773
1.32227
1.33498
1.32484
1.26584
1.28787
1.2304
1.20366
1.22322
1.22906
1.21826
1.18222
1.14778
1.10811
1.07337
1.03542
0.97973
0.939425
0.871995
0.814892
0.75899
0.689014
0.577838
0.489294
0.438559
0.427936
0.520286
0.590442
0.551048
0.487845
0.417526
0.363723
0.412095
0.415665
0.332789
0.329621
0.309252
0.318396
0.320402
0.303757
0.246492
0.282734
0.312602
0.254612
0.283648
0.271916
0.168416
0.319222
0.328401
0.294995
