SNR of Background 1
10.4203
17.5954
20.281
22.3348
25.1128
27.631
29.7048
31.6636
29.9711
37.1748
39.6618
43.8694
47.5608
50.0025
52.1471
53.6192
54.8873
56.3399
57.7192
59.0893
59.4088
60.0277
61.8375
62.9397
62.5254
64.2628
64.7554
64.3273
65.5707
68.099
69.8258
70.3747
71.6602
71.9221
72.448
72.9873
73.1772
73.165
72.8193
72.5037
72.1203
71.842
71.7787
70.5024
70.9502
71.1034
70.3285
69.2179
67.4876
65.8805
65.6798
64.7838
64.3282
64.1334
63.1734
62.1193
60.7845
59.9203
59.7377
59.9486
59.6916
59.4403
59.5345
60.7632
60.2536
67.2227
74.1421
76.9011
79.7454
81.5534
82.4273
81.6627
83.1028
84.1896
85.919
86.4834
86.9993
87.1081
86.9246
85.2693
71.9133
83.0942
85.2608
84.9689
84.1692
83.4412
82.4079
81.7094
80.9098
80.332
79.5418
76.7817
76.1159
76.3532
75.523
76.0453
76.1567
75.6756
74.0228
72.1647
73.1018
72.127
70.595
71.5055
70.7197
69.6412
68.5712
67.1313
61.9081
59.307
58.902
56.149
54.8619
55.92
53.2728
40.2095
27.6426
48.6821
47.3119
32.0046
51.0413
56.3374
54.8392
52.3421
47.4951
37.2605
23.6603
24.0859
24.7499
27.5202
27.7726
30.5788
33.1768
33.235
35.5755
35.1364
37.0237
38.917
38.834
40.061
40.9089
39.0479
38.6919
38.0729
30.9541
20.5318
17.7023
20.9215
27.6041
26.3625
29.8894
38.14
45.2144
49.278
49.8981
50.7112
53.0522
55.1431
54.8925
56.7211
59.7667
61.6413
62.8976
64.1272
64.846
65.9759
65.9811
64.7044
61.2233
61.4613
65.7547
67.2661
68.472
68.6708
66.987
64.2071
61.4214
58.082
51.9665
45.712
41.1964
21.5559
3.92914
0.240684
0.0310824
0.274101
0.486348
0.191269
0.35714
0.465678
0.759832
1.80721
3.58783
5.38253
7.47191
7.04797
8.81421
11.086
14.8151
16.7216
14.4337
14.2625
17.306
22.1232
30.3627
36.5674
38.8034
43.1769
45.9325
48.3017
50.2815
52.1462
53.6015
55.5597
57.0229
58.2382
58.7811
58.6551
60.8031
63.0346
64.5055
64.9843
65.1224
66.8205
68.6604
70.0689
70.6597
70.5755
70.7567
71.2108
71.8152
71.7587
71.3045
71.2559
70.5575
70.279
69.6341
68.7029
67.5093
66.7505
65.6495
64.4125
63.0885
61.3176
60.1893
59.197
58.6108
56.2633
55.5223
51.7094
46.0992
41.2224
32.1804
19.1681
9.64252
4.31288
1.32217
0.340762
0.076322
0.00793076
0.00426888
0.00874223
0.0153082
0.0215719
0.00753925
0.0283683
0.0917967
0.114065
0.0418801
0.00912649
0.0336047
0.0672376
0.146292
0.312541
0.540564
0.971882
1.5407
1.48134
1.87614
3.51487
6.15874
9.00866
11.6381
12.2435
9.68408
4.19668
4.35363
5.21433
8.86944
14.6123
18.0542
18.3323
15.9579
11.7628
11.8236
12.4098
14.6346
18.3226
19.9837
20.648
21.0669
21.7136
22.0817
22.2038
22.6526
23.1794
23.2902
23.5076
23.014
22.8991
22.5201
21.9425
22.3973
22.4618
21.7797
22.5067
21.864
21.3521
21.4622
21.0946
20.4787
19.4835
18.5938
17.2988
16.0759
15.1011
13.8333
12.9644
12.1684
11.6584
11.0213
10.3716
9.57921
9.65544
9.46988
9.06601
8.4378
8.42524
7.61522
6.74299
6.05034
5.44388
5.49196
4.90486
3.50496
3.1763
3.00355
2.9515
2.72902
2.05995
1.34478
1.43028
1.52527
1.1053
0.94166
0.800947
0.357602
0.541196
0.500994
0.378104
SNR of Background 2
61.1097
74.2997
77.4524
79.3032
81.4445
83.051
84.1477
85.1337
84.0343
87.9851
89.1418
90.748
91.9402
92.6409
93.1869
93.5491
93.8918
94.281
94.6127
94.8889
94.9402
95.0662
95.4052
95.5663
95.4231
95.6498
95.5837
95.2866
95.2867
95.5294
95.6313
95.5619
95.7114
95.69
95.7307
95.795
95.8271
95.875
95.9116
96.0061
96.0954
96.163
96.2209
96.0483
96.1946
96.2773
96.1834
96.0334
95.785
95.5633
95.5939
95.4756
95.4251
95.436
95.3308
95.233
95.0793
95.0011
95.0696
95.2086
95.2346
95.221
95.2318
95.2019
94.2317
94.4814
94.9718
94.9481
94.9533
94.8473
94.5534
93.6007
93.6454
93.5925
93.9274
93.7933
93.7222
93.5582
93.3176
92.2797
83.7405
90.6954
91.8869
91.6197
91.0718
90.5711
89.8771
89.3873
88.8244
88.4031
87.8328
85.9103
85.3959
85.503
84.8674
85.1727
85.203
84.836
83.6294
82.2357
82.8698
82.1715
81.0288
81.628
80.9585
80.1218
79.3289
78.2566
74.1189
71.9964
71.6966
69.3765
68.2905
69.2621
66.9508
54.3987
40.4907
63.0612
61.9666
48.169
71.0167
75.6034
74.5953
72.7494
68.6132
57.7194
39.1575
38.781
39.2086
42.812
42.9694
46.4202
49.5022
49.4558
52.1957
51.6458
53.7735
55.907
56.0133
57.8114
59.2917
57.7283
57.5566
56.8804
48.3411
34.1013
30.1768
35.5925
45.751
44.5823
50.0511
60.5257
67.8875
71.1361
70.7552
70.516
71.8901
73.2474
72.5511
73.5004
75.6109
77.1181
78.4142
79.7232
80.5571
81.5117
81.6033
80.8048
78.4458
78.7305
81.7486
82.7693
83.7116
84.1559
83.504
82.2541
81.2523
80.164
77.1099
73.3887
70.1753
45.6312
9.64236
0.565489
0.0353467
0.614998
1.53757
0.659335
1.18739
2.1634
3.53911
8.55466
17.3441
26.6425
36.7583
36.1584
44.5896
53.4141
63.8601
67.8134
62.698
62.1246
67.441
73.11
80.4334
84.2421
85.0651
86.9379
87.7993
88.3969
88.7516
89.0239
89.1558
89.5592
89.8249
89.9785
89.738
89.1685
89.6691
90.3769
90.7448
90.6008
90.2341
90.5645
91.0954
91.4947
91.5285
91.2484
91.0772
91.1051
91.2486
91.1306
90.8525
90.7596
90.4855
90.4595
90.289
89.8382
88.9844
88.0405
86.6366
84.9022
83.619
83.5561
84.6195
85.3826
85.5634
84.2469
83.9763
82.4838
80.0643
77.6551
70.3105
52.8093
33.8714
18.9014
7.39784
2.64788
0.715395
0.0673751
0.0332978
0.0877882
0.172228
0.23481
0.0965272
0.572972
1.86432
2.13856
0.710573
0.127489
0.564426
1.19329
3.11347
6.82345
12.1752
21.7079
31.307
28.3026
30.8037
45.8806
61.0769
70.2908
75.2404
74.3092
64.4762
34.6589
34.4679
39.2201
56.2105
71.8941
77.2063
76.9089
72.2082
61.4205
61.1063
62.433
67.7216
74.5034
76.6738
77.1597
77.1784
77.6431
77.8691
77.635
77.7345
77.9681
77.9633
77.9929
76.9775
76.3082
75.3553
74.1497
74.3187
73.7092
72.2854
72.6753
71.2508
70.1378
70.1023
69.3912
68.212
66.2592
64.6929
62.4468
60.1705
58.3166
55.7406
53.5961
50.3921
47.903
44.8395
41.0762
35.1101
30.907
28.4564
28.1774
33.6435
37.6779
36.0176
32.9297
29.1634
25.5638
28.2173
27.73
22.4823
22.0501
20.5464
20.8412
20.6954
19.1343
15.5016
17.0961
18.4909
14.7461
15.7784
14.8987
9.05786
16.4525
16.2728
14.4319
SNR of Background Average
27.9993
41.7028
45.9716
48.7882
52.3045
55.1754
57.2925
59.2518
57.2458
65.0427
67.5533
71.3108
74.2966
76.1379
77.634
78.6446
79.5847
80.6617
81.6104
82.4396
82.6094
82.9915
84.0311
84.5643
84.1852
84.9583
84.8869
84.1764
84.3866
85.3254
85.8414
85.8092
86.3457
86.3588
86.5419
86.7721
86.8734
86.9657
86.974
87.1064
87.2231
87.3192
87.4342
86.8709
87.258
87.4607
87.1383
86.644
85.8405
85.1142
85.1528
84.7634
84.5871
84.5826
84.21
83.8418
83.3097
83.0109
83.1394
83.4874
83.515
83.4523
83.4932
83.5983
81.4899
83.3003
85.6894
86.3841
87.246
87.7351
87.7601
86.5805
87.2576
87.7304
88.8181
89.0258
89.2628
89.2318
88.9986
87.5066
75.4585
85.4446
87.3068
87.0049
86.2658
85.5929
84.6462
83.9971
83.2538
82.7106
81.9712
79.4225
78.7855
78.9802
78.1902
78.6471
78.7303
78.2733
76.7262
74.9736
75.8305
74.9243
73.4829
74.309
73.5383
72.5122
71.5089
70.1574
65.17
62.666
62.2862
59.6136
58.3635
59.415
56.8194
43.6967
30.6313
52.376
51.0685
35.8191
56.2989
61.6201
60.2188
57.8185
52.9721
42.1545
27.0205
27.2593
27.8731
30.8695
31.1014
34.0979
36.8525
36.8848
39.364
38.8893
40.8707
42.8625
42.8305
44.2427
45.2927
43.4749
43.1656
42.5181
34.8856
23.4324
20.3383
24.0811
31.6885
30.4501
34.5505
43.6736
51.1459
55.1335
55.4182
55.8938
58.0012
59.9284
59.5079
61.1067
63.9545
65.7829
67.1187
68.4499
69.2611
70.3962
70.4386
69.2721
66.0166
66.2898
70.3553
71.7714
72.9606
73.2905
71.9307
69.6001
67.3772
64.761
59.4354
53.6935
49.3188
27.1149
5.08635
0.305664
0.0319347
0.342301
0.696906
0.284933
0.523385
0.806083
1.31829
3.17551
6.44132
9.94384
14.0747
13.5921
17.2962
21.8557
28.7389
31.9898
27.9438
27.5655
32.1858
38.5267
48.7123
55.5216
57.4915
61.6343
63.9041
65.6839
66.996
68.1532
68.9612
70.2983
71.2528
71.9672
71.9516
71.3058
72.8115
74.5574
75.6046
75.6779
75.3861
76.4971
77.8587
78.8912
79.1975
78.9009
78.8356
79.079
79.4953
79.3675
78.9114
78.8102
78.2387
78.0792
77.619
76.7862
75.5077
74.4153
72.8682
71.1111
69.6137
68.5234
68.503
68.4516
68.2573
66.0458
65.4484
62.2954
57.4855
53.0987
43.4506
27.5158
14.9935
7.35249
2.55206
0.803944
0.204249
0.0198194
0.0100746
0.0245523
0.0466976
0.064231
0.0253376
0.137368
0.447281
0.520259
0.175745
0.0328012
0.139848
0.29284
0.742699
1.63089
2.92732
5.35877
8.10782
7.31274
8.23909
13.7327
21.4313
28.3151
33.4498
33.1284
25.5121
11.0145
11.0866
13.0276
21.2997
32.9837
38.928
38.8588
34.0458
25.5153
25.4196
26.421
30.5515
37.0719
39.672
40.446
40.7119
41.4619
41.8595
41.7458
42.0905
42.5873
42.648
42.7994
41.7262
41.1639
40.2579
39.0879
39.4817
39.1279
37.8148
38.5123
37.2579
36.2984
36.3502
35.723
34.6955
33.0528
31.7079
29.8105
27.9958
26.5638
24.6779
23.2761
21.6026
20.4258
19.0165
17.4463
15.254
14.2708
13.5448
13.1658
14.0069
15.0433
13.9863
12.5244
11.0613
9.73873
10.4014
9.82903
7.51633
7.16091
6.687
6.71219
6.50501
5.63165
4.27371
4.68718
5.0683
3.9214
4.01483
3.7136
2.12809
3.84537
3.77449
3.27915
SNR of Target
61.1097
74.2997
77.4524
79.3032
81.4445
83.051
84.1477
85.1337
84.0343
87.9851
89.1418
90.748
91.9402
92.6409
93.1869
93.5491
93.8918
94.281
94.6127
94.8889
94.9402
95.0662
95.4052
95.5663
95.4231
95.6498
95.5837
95.2866
95.2867
95.5294
95.6313
95.5619
95.7114
95.69
95.7307
95.795
95.8271
95.875
95.9116
96.0061
96.0954
96.163
96.2209
96.0483
96.1946
96.2773
96.1834
96.0334
95.785
95.5633
95.5939
95.4756
95.4251
95.436
95.3308
95.233
95.0793
95.0011
95.0696
95.2086
95.2346
95.221
95.2318
95.2019
94.2317
94.4814
94.9718
94.9481
94.9533
94.8473
94.5534
93.6007
93.6454
93.5925
93.9274
93.7933
93.7222
93.5582
93.3176
92.2797
83.7405
90.6954
91.8869
91.6197
91.0718
90.5711
89.8771
89.3873
88.8244
88.4031
87.8328
85.9103
85.3959
85.503
84.8674
85.1727
85.203
84.836
83.6294
82.2357
82.8698
82.1715
81.0288
81.628
80.9585
80.1218
79.3289
78.2566
74.1189
71.9964
71.6966
69.3765
68.2905
69.2621
66.9508
54.3987
40.4907
63.0612
61.9666
48.169
71.0167
75.6034
74.5953
72.7494
68.6132
57.7194
39.1575
38.781
39.2086
42.812
42.9694
46.4202
49.5022
49.4558
52.1957
51.6458
53.7735
55.907
56.0133
57.8114
59.2917
57.7283
57.5566
56.8804
48.3411
34.1013
30.1768
35.5925
45.751
44.5823
50.0511
60.5257
67.8875
71.1361
70.7552
70.516
71.8901
73.2474
72.5511
73.5004
75.6109
77.1181
78.4142
79.7232
80.5571
81.5117
81.6033
80.8048
78.4458
78.7305
81.7486
82.7693
83.7116
84.1559
83.504
82.2541
81.2523
80.164
77.1099
73.3887
70.1753
45.6312
9.64236
0.565489
0.0353467
0.614998
1.53757
0.659335
1.18739
2.1634
3.53911
8.55466
17.3441
26.6425
36.7583
36.1584
44.5896
53.4141
63.8601
67.8134
62.698
62.1246
67.441
73.11
80.4334
84.2421
85.0651
86.9379
87.7993
88.3969
88.7516
89.0239
89.1558
89.5592
89.8249
89.9785
89.738
89.1685
89.6691
90.3769
90.7448
90.6008
90.2341
90.5645
91.0954
91.4947
91.5285
91.2484
91.0772
91.1051
91.2486
91.1306
90.8525
90.7596
90.4855
90.4595
90.289
89.8382
88.9844
88.0405
86.6366
84.9022
83.619
83.5561
84.6195
85.3826
85.5634
84.2469
83.9763
82.4838
80.0643
77.6551
70.3105
52.8093
33.8714
18.9014
7.39784
2.64788
0.715395
0.0673751
0.0332978
0.0877882
0.172228
0.23481
0.0965272
0.572972
1.86432
2.13856
0.710573
0.127489
0.564426
1.19329
3.11347
6.82345
12.1752
21.7079
31.307
28.3026
30.8037
45.8806
61.0769
70.2908
75.2404
74.3092
64.4762
34.6589
34.4679
39.2201
56.2105
71.8941
77.2063
76.9089
72.2082
61.4205
61.1063
62.433
67.7216
74.5034
76.6738
77.1597
77.1784
77.6431
77.8691
77.635
77.7345
77.9681
77.9633
77.9929
76.9775
76.3082
75.3553
74.1497
74.3187
73.7092
72.2854
72.6753
71.2508
70.1378
70.1023
69.3912
68.212
66.2592
64.6929
62.4468
60.1705
58.3166
55.7406
53.5961
50.3921
47.903
44.8395
41.0762
35.1101
30.907
28.4564
28.1774
33.6435
37.6779
36.0176
32.9297
29.1634
25.5638
28.2173
27.73
22.4823
22.0501
20.5464
20.8412
20.6954
19.1343
15.5016
17.0961
18.4909
14.7461
15.7784
14.8987
9.05786
16.4525
16.2728
14.4319
