L of Background 1
1.28347
1.33917
1.34893
1.38145
1.5813
2.01583
2.41408
2.51432
2.28981
1.99021
1.81823
1.70495
1.58431
1.44883
1.3066
1.35711
1.83942
3.60156
4.80262
6.41581
9.0377
7.6944
9.4218
9.81725
9.35363
7.72989
7.96408
8.9994
8.95896
8.90302
8.87304
7.52499
5.43663
4.58572
1.81859
2.13569
4.03306
5.58841
6.64021
6.79606
6.77654
6.63505
6.33942
5.92361
5.0768
3.42903
1.09024
0.661588
0.989414
2.11554
3.13169
3.36929
3.47933
3.79223
4.10631
4.11155
3.61456
3.43542
3.50498
2.89209
2.06377
1.16957
4.19581e-006
0.000428541
0.00733586
0.0233723
0.0645946
0.108517
0.123113
0.330192
0.622078
0.836024
1.01311
1.12117
1.16977
1.15357
1.21887
1.23662
1.28163
1.35879
1.33947
1.34571
1.33624
1.29213
1.22812
1.13665
1.0383
0.935753
0.823607
0.745244
0.601338
0.4184
0.219382
0.0595412
0.0053374
0.0387895
0.0709714
0.0481934
0.121873
0.138083
0.128514
0.186748
0.209579
0.221362
0.228724
0.217392
0.215028
0.213836
0.220201
0.222061
0.200577
0.174589
0.155366
0.136432
0.115307
0.091307
0.0641708
0.0486659
0.0300473
0.024017
0.0124113
0.00988124
0.00448029
0.0031907
0.00100782
0.000243043
L of Background Average
1.28347
1.33917
1.34893
1.38145
1.5813
2.01583
2.41408
2.51432
2.28981
1.99021
1.81823
1.70495
1.58431
1.44883
1.3066
1.35711
1.83942
3.60156
4.80262
6.41581
9.0377
7.6944
9.4218
9.81725
9.35363
7.72989
7.96408
8.9994
8.95896
8.90302
8.87304
7.52499
5.43663
4.58572
1.81859
2.13569
4.03306
5.58841
6.64021
6.79606
6.77654
6.63505
6.33942
5.92361
5.0768
3.42903
1.09024
0.661588
0.989414
2.11554
3.13169
3.36929
3.47933
3.79223
4.10631
4.11155
3.61456
3.43542
3.50498
2.89209
2.06377
1.16957
4.19581e-006
0.000428541
0.00733586
0.0233723
0.0645946
0.108517
0.123113
0.330192
0.622078
0.836024
1.01311
1.12117
1.16977
1.15357
1.21887
1.23662
1.28163
1.35879
1.33947
1.34571
1.33624
1.29213
1.22812
1.13665
1.0383
0.935753
0.823607
0.745244
0.601338
0.4184
0.219382
0.0595412
0.0053374
0.0387895
0.0709714
0.0481934
0.121873
0.138083
0.128514
0.186748
0.209579
0.221362
0.228724
0.217392
0.215028
0.213836
0.220201
0.222061
0.200577
0.174589
0.155366
0.136432
0.115307
0.091307
0.0641708
0.0486659
0.0300473
0.024017
0.0124113
0.00988124
0.00448029
0.0031907
0.00100782
0.000243043
L of Target
1.28407
1.33983
1.34963
1.38215
1.58196
2.01642
2.41458
2.51471
2.29014
1.99048
1.81847
1.70517
1.58453
1.44905
1.30684
1.35738
1.8396
3.60158
4.80247
6.41552
9.0373
7.69407
9.42141
9.81684
9.35328
7.72961
7.96385
8.99912
8.9587
8.90276
8.87279
7.5248
5.4365
4.58563
1.81856
2.13567
4.03302
5.58838
6.64019
6.79599
6.77647
6.63499
6.33934
5.92357
5.07679
3.42904
1.09024
0.66159
0.989419
2.11558
3.13173
3.36932
3.47935
3.79224
4.10635
4.11158
3.61457
3.43544
3.50502
2.89214
2.06383
1.16962
4.19625e-006
0.000428625
0.00733752
0.0233785
0.0646133
0.108548
0.123146
0.33027
0.622215
0.836202
1.0133
1.12135
1.16993
1.15372
1.21903
1.23677
1.28177
1.35892
1.3396
1.34583
1.33635
1.29224
1.22822
1.13674
1.0384
0.935849
0.823678
0.745314
0.601409
0.418448
0.219411
0.0595508
0.00534234
0.0388181
0.0710152
0.0482175
0.121928
0.138142
0.128566
0.18682
0.209656
0.221443
0.228807
0.217459
0.21509
0.213897
0.220262
0.222121
0.200632
0.174635
0.155409
0.13647
0.115346
0.0913425
0.0642007
0.0486941
0.0300697
0.0240384
0.012427
0.00989804
0.00449099
0.00319998
0.00101082
0.000243993
