SNR of Background 1
99.5735
99.6091
99.6238
99.6538
99.7127
99.7799
99.8228
99.8322
99.8179
99.7956
99.7862
99.7759
99.7576
99.7426
99.7301
99.7442
99.8131
99.908
99.9329
99.9498
99.965
99.9603
99.969
99.97
99.9688
99.9637
99.966
99.9701
99.9698
99.9709
99.974
99.9693
99.9538
99.9507
99.8753
99.8902
99.9432
99.9614
99.967
99.9672
99.9684
99.9686
99.9654
99.9656
99.9616
99.9425
99.8086
99.6897
99.811
99.909
99.9389
99.945
99.9438
99.9507
99.9538
99.9546
99.9506
99.945
99.9488
99.9399
99.916
99.854
0.0793879
9.09923
74.2598
92.1504
97.4046
98.5572
98.6949
99.522
99.7569
99.8199
99.8509
99.8665
99.8749
99.8699
99.8771
99.8807
99.8874
99.8909
99.8902
99.8916
99.8924
99.8864
99.8805
99.8727
99.8607
99.8407
99.8188
99.801
99.751
99.6321
99.2908
97.4498
80.9273
97.7781
98.7978
98.2038
99.3055
99.406
99.367
99.5601
99.6001
99.6171
99.6268
99.6166
99.6135
99.6041
99.625
99.6015
99.5763
99.508
99.4626
99.3632
99.2272
99.014
98.592
98.1479
96.9443
96.1712
92.0159
89.8286
76.1336
66.9042
32.7604
8.29614
SNR of Background Average
99.5735
99.6091
99.6238
99.6538
99.7127
99.7799
99.8228
99.8322
99.8179
99.7956
99.7862
99.7759
99.7576
99.7426
99.7301
99.7442
99.8131
99.908
99.9329
99.9498
99.965
99.9603
99.969
99.97
99.9688
99.9637
99.966
99.9701
99.9698
99.9709
99.974
99.9693
99.9538
99.9507
99.8753
99.8902
99.9432
99.9614
99.967
99.9672
99.9684
99.9686
99.9654
99.9656
99.9616
99.9425
99.8086
99.6897
99.811
99.909
99.9389
99.945
99.9438
99.9507
99.9538
99.9546
99.9506
99.945
99.9488
99.9399
99.916
99.854
0.0793879
9.09923
74.2598
92.1504
97.4046
98.5572
98.6949
99.522
99.7569
99.8199
99.8509
99.8665
99.8749
99.8699
99.8771
99.8807
99.8874
99.8909
99.8902
99.8916
99.8924
99.8864
99.8805
99.8727
99.8607
99.8407
99.8188
99.801
99.751
99.6321
99.2908
97.4498
80.9273
97.7781
98.7978
98.2038
99.3055
99.406
99.367
99.5601
99.6001
99.6171
99.6268
99.6166
99.6135
99.6041
99.625
99.6015
99.5763
99.508
99.4626
99.3632
99.2272
99.014
98.592
98.1479
96.9443
96.1712
92.0159
89.8286
76.1336
66.9042
32.7604
8.29614
SNR of Target
99.5737
99.6093
99.624
99.654
99.7128
99.78
99.8228
99.8322
99.818
99.7957
99.7862
99.7759
99.7577
99.7426
99.7302
99.7443
99.8131
99.908
99.9329
99.9498
99.965
99.9602
99.969
99.97
99.9688
99.9637
99.966
99.9701
99.9698
99.9709
99.974
99.9693
99.9538
99.9507
99.8753
99.8902
99.9432
99.9614
99.967
99.9672
99.9684
99.9686
99.9654
99.9656
99.9616
99.9425
99.8086
99.6897
99.811
99.909
99.9389
99.945
99.9438
99.9507
99.9538
99.9546
99.9506
99.945
99.9489
99.9399
99.916
99.854
0.0793961
9.10094
74.2654
92.1527
97.4053
98.5577
98.6953
99.5221
99.7569
99.8199
99.8509
99.8665
99.8749
99.8699
99.8771
99.8807
99.8874
99.891
99.8902
99.8916
99.8924
99.8864
99.8805
99.8727
99.8607
99.8407
99.8188
99.8011
99.7511
99.6322
99.2909
97.4502
80.9456
97.7798
98.7985
98.2047
99.3058
99.4063
99.3673
99.5603
99.6003
99.6172
99.6269
99.6167
99.6136
99.6042
99.6251
99.6016
99.5764
99.5081
99.4628
99.3633
99.2274
99.0144
98.5927
98.149
96.9467
96.1749
92.0269
89.8474
76.1896
66.9876
32.8384
8.32749
