SNR of Background 1
4.9538
8.84364
10.5308
12.117
14.3308
16.5283
18.5162
20.3717
19.3506
25.0122
27.0972
30.753
34.1911
36.5971
38.8523
40.4341
41.6509
42.9785
44.3792
45.9522
46.4572
47.188
49.2119
50.6686
50.5301
52.8503
54.2625
54.7565
57.0429
60.694
63.3724
64.5381
66.2861
66.7294
67.5317
68.3507
68.6715
68.6421
68.0766
67.2921
66.5922
66.126
65.863
63.2661
63.7465
64.4772
64.0468
62.7771
60.7355
58.8427
58.5181
57.3851
56.8412
56.5946
55.425
53.7052
51.5881
50.7799
50.7283
50.984
50.5896
50.3074
50.4942
52.6087
54.5049
62.8336
70.899
74.3749
78.3096
80.8039
81.2248
78.6707
80.6527
81.7453
85.105
86.3081
87.2817
87.5047
87.3428
85.761
73.745
83.6895
85.7269
85.4799
84.7005
83.7399
82.3954
81.7415
80.8435
80.5491
79.0731
74.1325
74.3932
74.7592
74.2307
75.1346
76.2408
76.2314
74.7166
72.9374
73.9672
73.0637
71.5755
72.4721
71.6855
70.5594
69.3342
66.9176
58.2203
55.479
55.3423
51.2042
48.5519
52.4242
47.4425
26.7313
12.1852
32.2316
31.0704
19.9559
37.3678
48.8702
48.2375
47.487
45.7529
37.1191
23.7039
24.0295
24.7297
27.6036
27.8573
30.8073
33.522
33.6253
36.0047
35.5734
37.4417
39.1026
38.5821
39.0864
39.269
36.2427
32.9715
29.6391
19.3897
7.79144
5.36114
7.57044
13.2288
11.6304
15.0617
25.0761
34.9249
41.8372
44.7414
45.1545
47.607
50.4501
50.0845
52.9153
55.8202
59.2769
61.2884
63.5334
64.9634
66.2414
66.2459
64.9851
61.6998
61.8187
65.6863
66.9183
67.1728
65.762
62.6109
58.0396
53.4299
47.6225
37.4707
27.0628
20.2259
4.94471
0.237734
0.00165536
5.22734e-006
0.000222182
0.000404398
6.61497e-005
0.0001287
0.000339959
0.00132106
0.0226439
0.132162
0.399156
0.961631
1.02075
1.56604
2.66569
4.84011
6.41114
4.66736
4.58961
6.26029
9.94885
18.0889
26.3535
30.2205
35.649
39.2711
43.5533
46.6558
49.7016
51.6251
53.9175
55.6104
56.8713
57.51
57.6043
59.7501
61.9243
63.4119
63.9924
64.3062
65.9754
67.8184
69.3116
69.8924
69.7587
69.9555
70.3366
70.8895
70.7615
70.2852
70.1553
69.4208
68.8635
67.7502
66.6581
65.1606
64.1777
62.5619
60.7537
59.5676
56.7755
54.7916
53.4014
52.154
47.3979
43.5185
37.3428
28.9893
21.4086
11.9252
4.70466
0.973895
0.204235
0.0189007
0.000897562
2.95915e-005
9.03753e-007
1.61534e-007
4.68944e-007
1.54e-006
3.70193e-006
1.40202e-005
1.29572e-005
3.97225e-005
5.51583e-005
1.58727e-005
1.22696e-006
6.84665e-006
3.02197e-005
0.000404412
0.00256218
0.0122735
0.0611206
0.19706
0.257992
0.493602
1.45993
3.04051
4.90423
7.04317
7.45138
5.77535
2.8153
3.20512
3.68356
6.22109
10.7404
14.0713
14.8275
13.1288
9.77609
9.88686
10.3901
12.1404
15.368
17.0708
17.9226
17.9793
18.7728
19.4559
19.5243
20.0426
20.7036
21.063
21.489
20.4006
20.0987
19.8325
19.173
19.6823
19.7622
18.2376
19.5464
19.0118
18.3944
18.6395
18.8151
18.4683
17.8947
16.9817
15.7743
14.6661
13.7619
12.5728
11.7816
11.0437
10.5483
9.9127
9.22041
8.35826
8.33563
8.06163
7.56055
6.80233
6.73634
5.81831
4.89127
4.28724
3.76253
3.77892
3.29233
2.11739
1.67636
1.58523
1.57919
1.42187
0.911091
0.459971
0.547013
0.63213
0.397189
0.330767
0.26848
0.0621828
0.138952
0.124443
0.0722543
SNR of Background Average
4.9538
8.84364
10.5308
12.117
14.3308
16.5283
18.5162
20.3717
19.3506
25.0122
27.0972
30.753
34.1911
36.5971
38.8523
40.4341
41.6509
42.9785
44.3792
45.9522
46.4572
47.188
49.2119
50.6686
50.5301
52.8503
54.2625
54.7565
57.0429
60.694
63.3724
64.5381
66.2861
66.7294
67.5317
68.3507
68.6715
68.6421
68.0766
67.2921
66.5922
66.126
65.863
63.2661
63.7465
64.4772
64.0468
62.7771
60.7355
58.8427
58.5181
57.3851
56.8412
56.5946
55.425
53.7052
51.5881
50.7799
50.7283
50.984
50.5896
50.3074
50.4942
52.6087
54.5049
62.8336
70.899
74.3749
78.3096
80.8039
81.2248
78.6707
80.6527
81.7453
85.105
86.3081
87.2817
87.5047
87.3428
85.761
73.745
83.6895
85.7269
85.4799
84.7005
83.7399
82.3954
81.7415
80.8435
80.5491
79.0731
74.1325
74.3932
74.7592
74.2307
75.1346
76.2408
76.2314
74.7166
72.9374
73.9672
73.0637
71.5755
72.4721
71.6855
70.5594
69.3342
66.9176
58.2203
55.479
55.3423
51.2042
48.5519
52.4242
47.4425
26.7313
12.1852
32.2316
31.0704
19.9559
37.3678
48.8702
48.2375
47.487
45.7529
37.1191
23.7039
24.0295
24.7297
27.6036
27.8573
30.8073
33.522
33.6253
36.0047
35.5734
37.4417
39.1026
38.5821
39.0864
39.269
36.2427
32.9715
29.6391
19.3897
7.79144
5.36114
7.57044
13.2288
11.6304
15.0617
25.0761
34.9249
41.8372
44.7414
45.1545
47.607
50.4501
50.0845
52.9153
55.8202
59.2769
61.2884
63.5334
64.9634
66.2414
66.2459
64.9851
61.6998
61.8187
65.6863
66.9183
67.1728
65.762
62.6109
58.0396
53.4299
47.6225
37.4707
27.0628
20.2259
4.94471
0.237734
0.00165536
5.22734e-006
0.000222182
0.000404398
6.61497e-005
0.0001287
0.000339959
0.00132106
0.0226439
0.132162
0.399156
0.961631
1.02075
1.56604
2.66569
4.84011
6.41114
4.66736
4.58961
6.26029
9.94885
18.0889
26.3535
30.2205
35.649
39.2711
43.5533
46.6558
49.7016
51.6251
53.9175
55.6104
56.8713
57.51
57.6043
59.7501
61.9243
63.4119
63.9924
64.3062
65.9754
67.8184
69.3116
69.8924
69.7587
69.9555
70.3366
70.8895
70.7615
70.2852
70.1553
69.4208
68.8635
67.7502
66.6581
65.1606
64.1777
62.5619
60.7537
59.5676
56.7755
54.7916
53.4014
52.154
47.3979
43.5185
37.3428
28.9893
21.4086
11.9252
4.70466
0.973895
0.204235
0.0189007
0.000897562
2.95915e-005
9.03753e-007
1.61534e-007
4.68944e-007
1.54e-006
3.70193e-006
1.40202e-005
1.29572e-005
3.97225e-005
5.51583e-005
1.58727e-005
1.22696e-006
6.84665e-006
3.02197e-005
0.000404412
0.00256218
0.0122735
0.0611206
0.19706
0.257992
0.493602
1.45993
3.04051
4.90423
7.04317
7.45138
5.77535
2.8153
3.20512
3.68356
6.22109
10.7404
14.0713
14.8275
13.1288
9.77609
9.88686
10.3901
12.1404
15.368
17.0708
17.9226
17.9793
18.7728
19.4559
19.5243
20.0426
20.7036
21.063
21.489
20.4006
20.0987
19.8325
19.173
19.6823
19.7622
18.2376
19.5464
19.0118
18.3944
18.6395
18.8151
18.4683
17.8947
16.9817
15.7743
14.6661
13.7619
12.5728
11.7816
11.0437
10.5483
9.9127
9.22041
8.35826
8.33563
8.06163
7.56055
6.80233
6.73634
5.81831
4.89127
4.28724
3.76253
3.77892
3.29233
2.11739
1.67636
1.58523
1.57919
1.42187
0.911091
0.459971
0.547013
0.63213
0.397189
0.330767
0.26848
0.0621828
0.138952
0.124443
0.0722543
SNR of Target
13.6675
23.0089
26.8406
30.0175
33.8755
37.2092
39.9264
42.485
41.0814
49.7937
53.1732
58.1016
62.317
65.1335
67.5233
69.2641
70.8768
72.61
74.1581
75.4952
75.9284
76.59
78.0527
78.8373
78.3594
79.3464
79.3376
78.4256
78.6004
79.6756
80.1844
79.9289
80.35
79.9574
79.8028
79.6834
79.2901
78.8164
78.1975
77.6511
77.2825
77.0142
76.7264
74.505
74.7472
75.1497
74.542
73.3504
71.6481
70.1962
70.1465
69.3604
69.0767
69.1501
68.6287
67.7828
66.6161
66.5588
67.315
68.3361
68.6749
68.8002
69.0584
69.5014
67.2623
69.926
73.7361
75.2657
77.5669
79.072
78.7433
75.1551
76.8731
77.7012
81.3839
82.6625
83.7928
84.1186
84.0426
82.2774
68.6413
80.0477
82.4799
82.2361
81.3794
80.3317
78.862
78.1951
77.2607
77.0125
75.4395
70.0747
70.4494
70.9248
70.4165
71.4642
72.7263
72.7718
71.17
69.3008
70.4828
69.6017
68.0904
69.1031
68.3063
67.1848
66.0021
63.5943
54.7725
52.143
52.1258
48.105
45.5919
49.5675
44.7197
24.7256
11.1763
30.3112
29.3676
18.7593
35.4943
46.9707
46.5604
46.0506
44.5402
36.1086
22.8756
23.025
23.6265
26.4114
26.6625
29.5221
32.1699
32.2923
34.6543
34.2769
36.1325
37.8193
37.4508
38.1908
38.677
35.9399
32.8527
29.6169
19.4269
7.84311
5.44295
7.75926
13.6978
12.1602
15.9499
26.6977
37.1089
44.0639
46.5804
46.5695
48.8136
51.6394
51.2986
54.1484
57.0665
60.5165
62.5159
64.7765
66.2718
67.5988
67.6647
66.5056
63.3778
63.5788
67.4041
68.6537
69.0762
68.0181
65.3528
61.395
57.5881
52.7576
43.2093
32.5996
25.0724
6.32814
0.308555
0.00216424
6.9895e-006
0.000306838
0.000559767
9.31391e-005
0.00018857
0.000552159
0.00238065
0.0453217
0.27729
0.877431
2.20604
2.41284
3.83269
6.6486
12.0809
15.9047
11.7065
11.4952
15.1225
22.3266
36.74
49.0574
53.7558
59.81
63.2135
66.9318
69.1534
71.1607
72.149
73.5057
74.4334
74.9972
74.852
74.1719
75.4089
76.9503
77.8879
77.8942
77.5543
78.4242
79.6454
80.6503
80.8692
80.4375
80.2643
80.3665
80.681
80.4613
79.9521
79.7419
79.157
78.8262
78.1242
77.4155
76.3658
75.741
74.6039
73.29
72.4587
70.2728
68.8785
68.1836
67.6468
63.5592
59.9143
53.5025
44.079
34.5346
20.6283
8.58376
1.94366
0.448365
0.0477697
0.00254532
8.99967e-005
2.3849e-006
3.49051e-007
1.1596e-006
5.61292e-006
9.2669e-006
1.5248e-005
3.782e-005
0.000193963
0.000260255
6.67226e-005
4.19573e-006
2.8403e-005
0.00013899
0.00245733
0.0178786
0.0966192
0.500318
1.57001
1.9399
3.29187
8.80018
16.4777
23.8651
30.971
30.869
23.449
11.2892
12.2599
13.6212
21.8284
34.8293
42.7448
43.9279
39.4415
30.3409
30.2816
31.2833
35.4295
42.6773
45.9413
47.1748
46.7525
47.8474
48.749
48.3536
48.6753
49.372
49.7989
50.2948
47.956
46.8772
45.9752
44.4127
44.9941
44.7526
41.5638
43.4992
42.2668
41.0094
41.3943
41.5974
40.7106
39.4695
37.6731
35.2251
32.8762
30.9335
28.5862
27.1947
25.8465
24.9967
23.8958
22.7947
21.1746
21.4694
21.398
20.9228
19.8434
20.4653
18.6793
16.8
15.7878
14.4152
15.2441
14.1601
10.4375
9.31549
9.30223
9.84442
9.45871
7.18155
4.40109
5.73054
6.89464
5.02795
5.57273
5.01532
1.52211
3.54242
3.18679
1.87013
