L of Background 1
0.452615
0.705112
0.772443
0.820107
0.920208
0.975852
0.987321
0.992283
0.840981
1.06258
1.08322
1.19438
1.27559
1.3176
1.3694
1.37305
1.36976
1.36092
1.37577
1.38569
1.33956
1.30936
1.35415
1.36734
1.3536
1.46386
1.57018
1.58352
1.7362
1.98375
2.20851
2.30191
2.45223
2.47949
2.55584
2.60991
2.5915
2.54532
2.42685
2.2853
2.18428
2.09449
2.03717
1.78061
1.78976
1.81023
1.81835
1.78583
1.68704
1.63991
1.62495
1.55856
1.53701
1.53183
1.48988
1.40249
1.30442
1.25077
1.24944
1.25425
1.22384
1.20303
1.20222
1.30161
1.41007
1.97645
2.83488
3.36718
4.23098
5.04396
5.22619
4.53789
5.27898
5.74931
7.55943
8.60137
9.52854
10.0427
10.2295
9.23889
4.53458
8.59873
10.4329
10.6387
10.6254
10.3233
9.81434
9.84061
9.74229
9.92984
9.27708
7.12842
7.56037
7.87199
8.04664
8.6392
9.3988
9.63243
9.41319
8.83061
9.58839
9.4396
9.04956
9.40961
9.35922
9.17853
8.98611
8.35903
5.99919
5.60256
5.83384
5.18628
4.91225
6.06312
5.26981
2.269
0.924126
1.73992
1.7867
2.1639
2.98349
4.38781
4.5733
5.15416
6.07519
6.55153
6.74504
6.75953
6.87928
6.83389
6.8163
6.79725
6.74502
6.68403
6.60195
6.45801
6.30804
6.14467
5.99855
5.64484
5.28702
4.74589
3.95813
3.27379
1.91811
0.699698
0.452378
0.583283
0.986766
0.823788
1.03857
1.73594
2.46624
2.9979
3.2857
3.21732
3.35878
3.5473
3.38488
3.5532
3.63135
3.8931
4.00489
4.1558
4.21295
4.15482
4.03834
3.78034
3.32643
3.24988
3.56881
3.61533
3.55772
3.25325
2.88944
2.46689
2.10633
1.73715
1.23668
0.822117
0.583692
0.133098
0.0061978
4.22349e-005
1.30614e-007
5.43129e-006
9.68734e-006
1.55313e-006
2.96271e-006
7.6749e-006
2.92136e-005
0.000497122
0.00284321
0.00841989
0.0198781
0.0209813
0.0315521
0.0529395
0.0961893
0.12581
0.0897007
0.0878004
0.118332
0.189189
0.348165
0.51383
0.59484
0.708159
0.781172
0.88549
0.951468
1.01878
1.06713
1.10621
1.12695
1.14615
1.13278
1.10213
1.15327
1.19503
1.21419
1.20344
1.19674
1.24302
1.2985
1.3296
1.33559
1.3119
1.30154
1.31318
1.33137
1.32043
1.29302
1.2825
1.24546
1.21816
1.16925
1.12371
1.06816
1.03144
0.977276
0.921231
0.896039
0.821224
0.771158
0.742994
0.70191
0.604642
0.532992
0.428299
0.313617
0.218862
0.116736
0.0452366
0.00931919
0.00193512
0.000179497
8.55583e-006
2.82843e-007
8.56965e-009
1.53777e-009
4.52071e-009
1.48795e-008
3.62406e-008
1.39273e-007
1.29122e-007
3.97266e-007
5.59661e-007
1.61754e-007
1.25067e-008
6.90188e-008
3.04413e-007
4.07066e-006
2.55434e-005
0.000122272
0.00060856
0.00194172
0.00254706
0.00488429
0.0146492
0.0306351
0.0497295
0.0726913
0.0770467
0.0595754
0.0289283
0.0327328
0.0373986
0.0631181
0.109612
0.144179
0.151286
0.133631
0.098276
0.0992433
0.104266
0.122285
0.156438
0.174567
0.185492
0.185798
0.193045
0.19926
0.200531
0.204915
0.210572
0.215421
0.218455
0.207278
0.204613
0.20236
0.195759
0.20207
0.20591
0.189762
0.205199
0.199874
0.195933
0.202205
0.210128
0.212177
0.21186
0.204256
0.195339
0.187644
0.178912
0.166212
0.158662
0.151383
0.145301
0.13928
0.132003
0.122069
0.120106
0.114529
0.105855
0.0938097
0.0916872
0.077994
0.0645837
0.0558156
0.0495329
0.0503801
0.0451157
0.0293134
0.0234603
0.0224791
0.0227007
0.020719
0.0136874
0.00701244
0.00862362
0.0101336
0.00659223
0.00569377
0.00470634
0.00113115
0.00257418
0.0023994
0.00142033
L of Background Average
0.452615
0.705112
0.772443
0.820107
0.920208
0.975852
0.987321
0.992283
0.840981
1.06258
1.08322
1.19438
1.27559
1.3176
1.3694
1.37305
1.36976
1.36092
1.37577
1.38569
1.33956
1.30936
1.35415
1.36734
1.3536
1.46386
1.57018
1.58352
1.7362
1.98375
2.20851
2.30191
2.45223
2.47949
2.55584
2.60991
2.5915
2.54532
2.42685
2.2853
2.18428
2.09449
2.03717
1.78061
1.78976
1.81023
1.81835
1.78583
1.68704
1.63991
1.62495
1.55856
1.53701
1.53183
1.48988
1.40249
1.30442
1.25077
1.24944
1.25425
1.22384
1.20303
1.20222
1.30161
1.41007
1.97645
2.83488
3.36718
4.23098
5.04396
5.22619
4.53789
5.27898
5.74931
7.55943
8.60137
9.52854
10.0427
10.2295
9.23889
4.53458
8.59873
10.4329
10.6387
10.6254
10.3233
9.81434
9.84061
9.74229
9.92984
9.27708
7.12842
7.56037
7.87199
8.04664
8.6392
9.3988
9.63243
9.41319
8.83061
9.58839
9.4396
9.04956
9.40961
9.35922
9.17853
8.98611
8.35903
5.99919
5.60256
5.83384
5.18628
4.91225
6.06312
5.26981
2.269
0.924126
1.73992
1.7867
2.1639
2.98349
4.38781
4.5733
5.15416
6.07519
6.55153
6.74504
6.75953
6.87928
6.83389
6.8163
6.79725
6.74502
6.68403
6.60195
6.45801
6.30804
6.14467
5.99855
5.64484
5.28702
4.74589
3.95813
3.27379
1.91811
0.699698
0.452378
0.583283
0.986766
0.823788
1.03857
1.73594
2.46624
2.9979
3.2857
3.21732
3.35878
3.5473
3.38488
3.5532
3.63135
3.8931
4.00489
4.1558
4.21295
4.15482
4.03834
3.78034
3.32643
3.24988
3.56881
3.61533
3.55772
3.25325
2.88944
2.46689
2.10633
1.73715
1.23668
0.822117
0.583692
0.133098
0.0061978
4.22349e-005
1.30614e-007
5.43129e-006
9.68734e-006
1.55313e-006
2.96271e-006
7.6749e-006
2.92136e-005
0.000497122
0.00284321
0.00841989
0.0198781
0.0209813
0.0315521
0.0529395
0.0961893
0.12581
0.0897007
0.0878004
0.118332
0.189189
0.348165
0.51383
0.59484
0.708159
0.781172
0.88549
0.951468
1.01878
1.06713
1.10621
1.12695
1.14615
1.13278
1.10213
1.15327
1.19503
1.21419
1.20344
1.19674
1.24302
1.2985
1.3296
1.33559
1.3119
1.30154
1.31318
1.33137
1.32043
1.29302
1.2825
1.24546
1.21816
1.16925
1.12371
1.06816
1.03144
0.977276
0.921231
0.896039
0.821224
0.771158
0.742994
0.70191
0.604642
0.532992
0.428299
0.313617
0.218862
0.116736
0.0452366
0.00931919
0.00193512
0.000179497
8.55583e-006
2.82843e-007
8.56965e-009
1.53777e-009
4.52071e-009
1.48795e-008
3.62406e-008
1.39273e-007
1.29122e-007
3.97266e-007
5.59661e-007
1.61754e-007
1.25067e-008
6.90188e-008
3.04413e-007
4.07066e-006
2.55434e-005
0.000122272
0.00060856
0.00194172
0.00254706
0.00488429
0.0146492
0.0306351
0.0497295
0.0726913
0.0770467
0.0595754
0.0289283
0.0327328
0.0373986
0.0631181
0.109612
0.144179
0.151286
0.133631
0.098276
0.0992433
0.104266
0.122285
0.156438
0.174567
0.185492
0.185798
0.193045
0.19926
0.200531
0.204915
0.210572
0.215421
0.218455
0.207278
0.204613
0.20236
0.195759
0.20207
0.20591
0.189762
0.205199
0.199874
0.195933
0.202205
0.210128
0.212177
0.21186
0.204256
0.195339
0.187644
0.178912
0.166212
0.158662
0.151383
0.145301
0.13928
0.132003
0.122069
0.120106
0.114529
0.105855
0.0938097
0.0916872
0.077994
0.0645837
0.0558156
0.0495329
0.0503801
0.0451157
0.0293134
0.0234603
0.0224791
0.0227007
0.020719
0.0136874
0.00701244
0.00862362
0.0101336
0.00659223
0.00569377
0.00470634
0.00113115
0.00257418
0.0023994
0.00142033
L of Target
0.54428
0.85094
0.934995
0.992173
1.10883
1.16911
1.17619
1.17841
1.00027
1.27096
1.30441
1.44626
1.55223
1.61032
1.67848
1.68942
1.69753
1.70112
1.73053
1.74671
1.69013
1.65546
1.71326
1.72411
1.69582
1.81694
1.91916
1.89887
2.04107
2.28736
2.50269
2.57414
2.71587
2.72376
2.78495
2.82221
2.78444
2.72298
2.59196
2.44239
2.33833
2.24425
2.1813
1.90451
1.91191
1.93067
1.93525
1.89857
1.79384
1.74597
1.73301
1.66462
1.6439
1.6419
1.60292
1.5165
1.41814
1.36688
1.37431
1.38891
1.36335
1.34461
1.34491
1.4385
1.51081
2.0506
2.87804
3.38351
4.2131
4.99227
5.15096
4.45614
5.17184
5.62152
7.38142
8.39118
9.29275
9.79713
9.98642
9.02644
4.43431
8.41064
10.2066
10.4107
10.4009
10.109
9.61462
9.64422
9.55189
9.73966
9.10305
6.9978
7.42443
7.73281
7.90659
8.49095
9.23953
9.47151
9.25784
8.68684
9.43499
9.29211
8.91113
9.26771
9.21975
9.04451
8.85884
8.24475
5.92051
5.53207
5.76291
5.12574
4.85714
5.99749
5.21498
2.24636
0.915507
1.72504
1.77281
2.14897
2.96502
4.36349
4.55078
5.13228
6.05306
6.5294
6.719
6.72825
6.84517
6.80038
6.78301
6.76421
6.71256
6.65238
6.57168
6.42934
6.28064
6.11918
5.97641
5.62841
5.27686
4.741
3.95643
3.2735
1.91848
0.70017
0.453077
0.584764
0.990436
0.827691
1.04505
1.74863
2.48542
3.01947
3.30463
3.23147
3.37113
3.56001
3.39726
3.56632
3.64496
3.90776
4.02002
4.17201
4.23054
4.17313
4.05697
3.7988
3.34383
3.26773
3.58875
3.63609
3.58029
3.27743
2.91486
2.49284
2.13374
1.76574
1.26179
0.842011
0.599272
0.136881
0.00638245
4.35328e-005
1.35015e-007
5.63815e-006
1.00595e-005
1.61651e-006
3.10052e-006
8.15387e-006
3.15567e-005
0.000546912
0.00315557
0.0094305
0.0224625
0.0238576
0.0361578
0.0609773
0.111075
0.145379
0.103675
0.101438
0.135873
0.214715
0.39127
0.574478
0.662647
0.785986
0.863966
0.975676
1.04396
1.11302
1.16115
1.19961
1.21877
1.23617
1.21691
1.17875
1.22997
1.2733
1.29211
1.27725
1.26572
1.31143
1.36849
1.40031
1.40472
1.37688
1.36327
1.37388
1.39201
1.37952
1.34971
1.33785
1.29912
1.27143
1.22159
1.17504
1.11787
1.08043
1.02471
0.966906
0.941279
0.863678
0.812462
0.7849
0.743657
0.641913
0.566576
0.455959
0.335007
0.234809
0.125918
0.0490505
0.0102509
0.00216667
0.000206918
1.01266e-005
3.40579e-007
9.97413e-009
1.71628e-009
5.18652e-009
1.88148e-008
4.16886e-008
1.40493e-007
1.53898e-007
5.51526e-007
7.67766e-007
2.13574e-007
1.55328e-008
9.07488e-008
4.13979e-007
6.13707e-006
4.08133e-005
0.000206319
0.00104629
0.00329888
0.00421418
0.00767276
0.0221764
0.0448513
0.0706215
0.100669
0.10448
0.0793649
0.0379012
0.0422955
0.0478855
0.0801806
0.138339
0.180919
0.188868
0.166156
0.121702
0.122437
0.128187
0.14988
0.19128
0.212837
0.225296
0.224734
0.232706
0.239503
0.240082
0.244212
0.250063
0.255447
0.258594
0.244607
0.24054
0.237181
0.228851
0.235662
0.2395
0.220071
0.237236
0.230651
0.225892
0.233022
0.241957
0.243868
0.243175
0.234292
0.223819
0.214692
0.204462
0.190043
0.181813
0.173822
0.167197
0.160754
0.153107
0.142219
0.140507
0.134942
0.125957
0.113023
0.111704
0.0963006
0.0811384
0.0715087
0.0641491
0.0663598
0.0606179
0.0411477
0.0344033
0.0336788
0.0348806
0.0327095
0.0232678
0.013079
0.0169017
0.0203347
0.0143639
0.0148302
0.0131196
0.00379502
0.00892688
0.0083436
0.00496786
