SNR of Background 1
4.9538
8.84364
10.5308
12.117
14.3308
16.5283
18.5162
20.3717
19.3506
25.0122
27.0972
30.753
34.1911
36.5971
38.8523
40.4341
41.6509
42.9785
44.3792
45.9522
46.4572
47.188
49.2119
50.6686
50.5301
52.8503
54.2625
54.7565
57.0429
60.694
63.3724
64.5381
66.2861
66.7294
67.5317
68.3507
68.6715
68.6421
68.0766
67.2921
66.5922
66.126
65.863
63.2661
63.7465
64.4772
64.0468
62.7771
60.7355
58.8427
58.5181
57.3851
56.8412
56.5946
55.425
53.7052
51.5881
50.7799
50.7283
50.984
50.5896
50.3074
50.4942
52.6087
54.5049
62.8336
70.899
74.3749
78.3096
80.8039
81.2248
78.6707
80.6527
81.7453
85.105
86.3081
87.2817
87.5047
87.3428
85.761
73.745
83.6895
85.7269
85.4799
84.7005
83.7399
82.3954
81.7415
80.8435
80.5491
79.0731
74.1325
74.3932
74.7592
74.2307
75.1346
76.2408
76.2314
74.7166
72.9374
73.9672
73.0637
71.5755
72.4721
71.6855
70.5594
69.3342
66.9176
58.2203
55.479
55.3423
51.2042
48.5519
52.4242
47.4425
26.7313
12.1852
32.2316
31.0704
19.9559
37.3678
48.8702
48.2375
47.487
45.7529
37.1191
23.7039
24.0295
24.7297
27.6036
27.8573
30.8073
33.522
33.6253
36.0047
35.5734
37.4417
39.1026
38.5821
39.0864
39.269
36.2427
32.9715
29.6391
19.3897
7.79144
5.36114
7.57044
13.2288
11.6304
15.0617
25.0761
34.9249
41.8372
44.7414
45.1545
47.607
50.4501
50.0845
52.9153
55.8202
59.2769
61.2884
63.5334
64.9634
66.2414
66.2459
64.9851
61.6998
61.8187
65.6863
66.9183
67.1728
65.762
62.6109
58.0396
53.4299
47.6225
37.4707
27.0628
20.2259
4.94471
0.237734
0.00165536
5.22734e-006
0.000222182
0.000404398
6.61497e-005
0.0001287
0.000339959
0.00132106
0.0226439
0.132162
0.399156
0.961631
1.02075
1.56604
2.66569
4.84011
6.41114
4.66736
4.58961
6.26029
9.94885
18.0889
26.3535
30.2205
35.649
39.2711
43.5533
46.6558
49.7016
51.6251
53.9175
55.6104
56.8713
57.51
57.6043
59.7501
61.9243
63.4119
63.9924
64.3062
65.9754
67.8184
69.3116
69.8924
69.7587
69.9555
70.3366
70.8895
70.7615
70.2852
70.1553
69.4208
68.8635
67.7502
66.6581
65.1606
64.1777
62.5619
60.7537
59.5676
56.7755
54.7916
53.4014
52.154
47.3979
43.5185
37.3428
28.9893
21.4086
11.9252
4.70466
0.973895
0.204235
0.0189007
0.000897562
2.95915e-005
9.03753e-007
1.61534e-007
4.68944e-007
1.54e-006
3.70193e-006
1.40202e-005
1.29572e-005
3.97225e-005
5.51583e-005
1.58727e-005
1.22696e-006
6.84665e-006
3.02197e-005
0.000404412
0.00256218
0.0122735
0.0611206
0.19706
0.257992
0.493602
1.45993
3.04051
4.90423
7.04317
7.45138
5.77535
2.8153
3.20512
3.68356
6.22109
10.7404
14.0713
14.8275
13.1288
9.77609
9.88686
10.3901
12.1404
15.368
17.0708
17.9226
17.9793
18.7728
19.4559
19.5243
20.0426
20.7036
21.063
21.489
20.4006
20.0987
19.8325
19.173
19.6823
19.7622
18.2376
19.5464
19.0118
18.3944
18.6395
18.8151
18.4683
17.8947
16.9817
15.7743
14.6661
13.7619
12.5728
11.7816
11.0437
10.5483
9.9127
9.22041
8.35826
8.33563
8.06163
7.56055
6.80233
6.73634
5.81831
4.89127
4.28724
3.76253
3.77892
3.29233
2.11739
1.67636
1.58523
1.57919
1.42187
0.911091
0.459971
0.547013
0.63213
0.397189
0.330767
0.26848
0.0621828
0.138952
0.124443
0.0722543
SNR of Background Average
4.9538
8.84364
10.5308
12.117
14.3308
16.5283
18.5162
20.3717
19.3506
25.0122
27.0972
30.753
34.1911
36.5971
38.8523
40.4341
41.6509
42.9785
44.3792
45.9522
46.4572
47.188
49.2119
50.6686
50.5301
52.8503
54.2625
54.7565
57.0429
60.694
63.3724
64.5381
66.2861
66.7294
67.5317
68.3507
68.6715
68.6421
68.0766
67.2921
66.5922
66.126
65.863
63.2661
63.7465
64.4772
64.0468
62.7771
60.7355
58.8427
58.5181
57.3851
56.8412
56.5946
55.425
53.7052
51.5881
50.7799
50.7283
50.984
50.5896
50.3074
50.4942
52.6087
54.5049
62.8336
70.899
74.3749
78.3096
80.8039
81.2248
78.6707
80.6527
81.7453
85.105
86.3081
87.2817
87.5047
87.3428
85.761
73.745
83.6895
85.7269
85.4799
84.7005
83.7399
82.3954
81.7415
80.8435
80.5491
79.0731
74.1325
74.3932
74.7592
74.2307
75.1346
76.2408
76.2314
74.7166
72.9374
73.9672
73.0637
71.5755
72.4721
71.6855
70.5594
69.3342
66.9176
58.2203
55.479
55.3423
51.2042
48.5519
52.4242
47.4425
26.7313
12.1852
32.2316
31.0704
19.9559
37.3678
48.8702
48.2375
47.487
45.7529
37.1191
23.7039
24.0295
24.7297
27.6036
27.8573
30.8073
33.522
33.6253
36.0047
35.5734
37.4417
39.1026
38.5821
39.0864
39.269
36.2427
32.9715
29.6391
19.3897
7.79144
5.36114
7.57044
13.2288
11.6304
15.0617
25.0761
34.9249
41.8372
44.7414
45.1545
47.607
50.4501
50.0845
52.9153
55.8202
59.2769
61.2884
63.5334
64.9634
66.2414
66.2459
64.9851
61.6998
61.8187
65.6863
66.9183
67.1728
65.762
62.6109
58.0396
53.4299
47.6225
37.4707
27.0628
20.2259
4.94471
0.237734
0.00165536
5.22734e-006
0.000222182
0.000404398
6.61497e-005
0.0001287
0.000339959
0.00132106
0.0226439
0.132162
0.399156
0.961631
1.02075
1.56604
2.66569
4.84011
6.41114
4.66736
4.58961
6.26029
9.94885
18.0889
26.3535
30.2205
35.649
39.2711
43.5533
46.6558
49.7016
51.6251
53.9175
55.6104
56.8713
57.51
57.6043
59.7501
61.9243
63.4119
63.9924
64.3062
65.9754
67.8184
69.3116
69.8924
69.7587
69.9555
70.3366
70.8895
70.7615
70.2852
70.1553
69.4208
68.8635
67.7502
66.6581
65.1606
64.1777
62.5619
60.7537
59.5676
56.7755
54.7916
53.4014
52.154
47.3979
43.5185
37.3428
28.9893
21.4086
11.9252
4.70466
0.973895
0.204235
0.0189007
0.000897562
2.95915e-005
9.03753e-007
1.61534e-007
4.68944e-007
1.54e-006
3.70193e-006
1.40202e-005
1.29572e-005
3.97225e-005
5.51583e-005
1.58727e-005
1.22696e-006
6.84665e-006
3.02197e-005
0.000404412
0.00256218
0.0122735
0.0611206
0.19706
0.257992
0.493602
1.45993
3.04051
4.90423
7.04317
7.45138
5.77535
2.8153
3.20512
3.68356
6.22109
10.7404
14.0713
14.8275
13.1288
9.77609
9.88686
10.3901
12.1404
15.368
17.0708
17.9226
17.9793
18.7728
19.4559
19.5243
20.0426
20.7036
21.063
21.489
20.4006
20.0987
19.8325
19.173
19.6823
19.7622
18.2376
19.5464
19.0118
18.3944
18.6395
18.8151
18.4683
17.8947
16.9817
15.7743
14.6661
13.7619
12.5728
11.7816
11.0437
10.5483
9.9127
9.22041
8.35826
8.33563
8.06163
7.56055
6.80233
6.73634
5.81831
4.89127
4.28724
3.76253
3.77892
3.29233
2.11739
1.67636
1.58523
1.57919
1.42187
0.911091
0.459971
0.547013
0.63213
0.397189
0.330767
0.26848
0.0621828
0.138952
0.124443
0.0722543
SNR of Target
5.89774
10.4805
12.4699
14.295
16.7747
19.1728
21.3025
23.301
22.2007
28.5165
30.9173
34.9678
38.7311
41.3613
43.7788
45.5072
46.9357
48.5066
50.0867
51.7271
52.2573
53.0407
55.071
56.425
56.1302
58.1774
59.1815
59.2021
60.9514
64.0328
66.2219
67.0513
68.5275
68.7805
69.384
70.0168
70.1944
70.075
69.4888
68.7373
68.09
67.6544
67.382
64.814
65.2571
65.9374
65.4678
64.1952
62.1885
60.3506
60.0709
58.9856
58.4814
58.2895
57.2226
55.6406
53.6703
52.9941
53.1041
53.5262
53.2819
53.0831
53.2913
55.0917
56.2089
63.689
71.2096
74.4669
78.2375
80.6437
81.0028
78.3642
80.3309
81.4076
84.8005
86.0132
87.001
87.2316
87.0746
85.4747
73.31
83.3855
85.4565
85.209
84.4219
83.4524
82.0953
81.4389
80.5361
80.2444
78.7582
73.7764
74.0462
74.4212
73.8936
74.81
75.93
75.925
74.4011
72.6124
73.6556
72.7528
71.261
72.1681
71.38
70.2531
69.0302
66.6123
57.899
55.1662
55.04
50.911
48.2703
52.1529
47.1819
26.5354
12.0854
32.0444
30.9036
19.8373
37.1831
48.684
48.0726
47.3455
45.633
37.0188
23.6214
23.9295
24.62
27.4852
27.7385
30.6797
33.388
33.4932
35.871
35.4449
37.312
38.9755
38.47
38.9973
39.21
36.2126
32.9597
29.6369
19.3932
7.79659
5.36931
7.58926
13.2759
11.6835
15.1509
25.2394
35.1467
42.0643
44.9287
45.298
47.7293
50.5708
50.2075
53.0405
55.9472
59.4033
61.4136
63.6605
65.0975
66.3808
66.3918
65.1418
61.8726
62.0001
65.8642
67.0981
67.3709
65.9981
62.8991
58.3931
53.8694
48.1669
38.0735
27.6358
20.7222
5.0835
0.244813
0.00170623
5.40347e-006
0.000230644
0.000419934
6.88488e-005
0.000134687
0.000361174
0.00142702
0.0249117
0.146677
0.447022
1.08638
1.16034
1.79376
3.06763
5.57885
7.38902
5.38491
5.29328
7.17094
11.2463
20.1581
29.0522
33.1049
38.7458
42.4215
46.7239
49.7541
52.694
54.4928
56.6718
58.2653
59.4248
59.9245
59.8694
61.897
64.0067
65.4262
65.9094
66.1059
67.6627
69.4301
70.8643
71.3894
71.1973
71.3302
71.6682
72.1884
72.0417
71.5515
71.4056
70.6856
70.1588
69.0986
68.0551
66.6102
65.6726
64.1127
62.3596
61.2144
58.481
56.5641
55.2666
54.1165
49.3981
45.5058
39.2336
30.6785
22.8244
12.8255
5.09639
1.07105
0.228661
0.021788
0.00106235
3.56319e-005
1.05187e-006
1.80286e-007
5.3801e-007
1.9473e-006
4.25843e-006
1.4143e-005
1.54435e-005
5.51469e-005
7.56685e-005
2.09577e-005
1.52383e-006
9.00226e-006
4.10966e-005
0.000609706
0.00409385
0.0207095
0.105075
0.334703
0.42671
0.774959
2.20654
4.4369
6.92841
9.68139
10.03
7.65546
3.68121
4.13249
4.70495
7.86788
13.4374
17.4406
18.2731
16.1512
12.0223
12.1131
12.6811
14.749
18.5638
20.5259
21.453
21.438
22.2942
23.0263
23.0231
23.5231
24.203
24.581
25.0272
23.7222
23.2983
22.9337
22.1334
22.6607
22.6959
20.9182
22.3298
21.6926
20.9814
21.248
21.4291
21.005
20.337
19.3015
17.9274
16.6587
15.624
14.2919
13.4276
12.6168
12.0793
11.3891
10.6488
9.70013
9.7126
9.46039
8.96085
8.16503
8.17476
7.15868
6.12589
5.47657
4.85994
4.96333
4.41195
2.9666
2.45413
2.37099
2.42206
2.24079
1.54674
0.857208
1.07096
1.26681
0.864623
0.860601
0.7477
0.208563
0.481535
0.432467
0.252632
