L of Background 1
0.937098
1.44076
1.5517
1.59318
1.7223
1.76117
1.72295
1.68991
1.41213
1.77488
1.80366
1.97966
2.09832
2.15248
2.21634
2.20814
2.2048
2.19985
2.2226
2.22416
2.13652
2.08187
2.14363
2.14274
2.09884
2.23349
2.31934
2.25816
2.39163
2.64321
2.85593
2.91169
3.06072
3.07645
3.14208
3.17773
3.14019
3.086
2.96555
2.84511
2.7494
2.65234
2.60075
2.39202
2.40541
2.37376
2.34
2.30245
2.18833
2.13978
2.12888
2.0558
2.03199
2.02804
1.9834
1.91154
1.82797
1.74516
1.73251
1.73547
1.70127
1.67379
1.66751
1.75169
1.73675
2.35418
3.29458
3.82717
4.5865
5.27775
5.65511
5.4804
6.23415
6.8469
8.08821
8.75178
9.31787
9.71962
9.88707
8.91311
4.17299
8.28032
10.0857
10.2543
10.2435
10.1402
9.86139
9.85827
9.82314
9.83301
9.58463
8.26906
8.3349
8.6224
8.66
9.11477
9.39423
9.38252
9.11446
8.52996
9.20962
9.04302
8.66397
9.00668
8.96606
8.82201
8.7078
8.47609
7.06809
6.59678
6.78635
6.36784
6.3628
7.01199
6.68656
4.21666
2.57346
3.50276
3.59136
3.90546
4.6024
5.49951
5.58758
5.97971
6.42849
6.60812
6.75777
6.80437
6.91341
6.83782
6.81998
6.76533
6.68841
6.61724
6.53115
6.38621
6.24479
6.13177
6.07242
5.8494
5.59619
5.23294
4.8411
4.45028
3.25845
1.94383
1.56792
1.70293
2.20407
1.99795
2.21927
2.86527
3.45849
3.77763
3.8542
3.81837
3.96408
4.08922
3.91629
3.98997
4.09654
4.194
4.22002
4.24751
4.21263
4.13489
4.01898
3.76093
3.29169
3.2277
3.58907
3.66823
3.7223
3.582
3.32151
2.98219
2.68007
2.37687
1.9457
1.58056
1.34739
0.617818
0.104195
0.00620565
0.000782566
0.0067664
0.0117632
0.00452676
0.00828866
0.0105854
0.0169349
0.0400734
0.078252
0.115445
0.157553
0.147543
0.181377
0.225754
0.303804
0.339516
0.286034
0.281208
0.339475
0.440646
0.620015
0.757054
0.807009
0.906081
0.963334
1.0237
1.06124
1.0962
1.13227
1.16225
1.1762
1.19485
1.17775
1.13855
1.19186
1.23774
1.2575
1.24275
1.2293
1.27866
1.3365
1.36554
1.37252
1.35037
1.33916
1.35475
1.37636
1.36829
1.34048
1.33312
1.29551
1.27846
1.24514
1.20171
1.15201
1.11944
1.07655
1.03141
0.998134
0.941803
0.906334
0.883158
0.850477
0.787232
0.764172
0.66972
0.562284
0.473954
0.345742
0.193705
0.0946527
0.0413828
0.0126233
0.00324974
0.00072716
7.45631e-005
4.00174e-005
8.3226e-005
0.00014647
0.000209256
7.39295e-005
0.000279348
0.000908584
0.00114559
0.000422243
9.16197e-005
0.000334308
0.000669917
0.00145731
0.00308964
0.00534157
0.00960131
0.0150753
0.0145409
0.0184993
0.035205
0.0621593
0.0918521
0.121121
0.127857
0.100626
0.0432032
0.0445432
0.0530841
0.0904811
0.150687
0.187219
0.189031
0.163669
0.11876
0.119194
0.125117
0.148384
0.188241
0.206326
0.215673
0.220085
0.225665
0.228311
0.230305
0.233872
0.237992
0.240219
0.240803
0.23621
0.235693
0.232195
0.226431
0.232396
0.236557
0.229809
0.23911
0.232459
0.230063
0.235399
0.237653
0.237049
0.231975
0.224881
0.215269
0.206559
0.197081
0.183489
0.175106
0.167252
0.161021
0.155264
0.148893
0.140324
0.139619
0.135079
0.127485
0.116824
0.115089
0.102457
0.0893562
0.0790205
0.0719188
0.0734437
0.06737
0.0485984
0.0444969
0.0426235
0.0424389
0.0397542
0.0308995
0.0204424
0.0224631
0.0243458
0.0182494
0.0160754
0.0139043
0.00642434
0.00986351
0.00949512
0.0072938
L of Background 2
14.0604
21.6495
23.222
23.4706
24.8572
24.8533
23.7282
22.8437
18.9681
23.978
24.5842
27.0966
28.7591
29.4985
30.2511
30.0928
30.2525
30.5214
31.0415
31.0081
29.6791
28.9213
29.7131
29.3749
28.2767
29.3792
29.2991
27.0467
27.019
28.0502
28.5414
27.8109
28.4165
28.0136
28.1161
28.0863
27.6915
27.56
27.2211
27.2212
27.4903
27.4068
27.396
25.605
26.2133
26.2725
26.1988
26.1056
25.2357
25.1533
25.4395
24.8598
24.7729
24.9981
24.8907
24.5716
24.0613
23.4356
23.799
24.3666
24.2893
24.0724
23.9305
23.6447
19.5589
20.3421
22.302
22.1161
22.354
22.3514
21.2467
18.2418
18.9044
18.9838
20.7
20.8496
20.9531
21.0489
20.9178
18.5331
8.45218
16.5282
19.8693
19.9514
19.7683
19.4418
18.7975
18.691
18.522
18.4512
17.8904
15.3279
15.3729
15.8307
15.8199
16.5737
17.0168
16.9523
16.4161
15.3011
16.4679
16.179
15.4823
16.0166
15.8513
15.567
15.3815
14.9997
12.5106
11.6879
12.0462
11.3151
11.3225
12.507
11.931
7.51202
4.60314
6.33129
6.54488
7.17616
8.51262
10.2486
10.4814
11.2971
12.1968
12.3925
12.2804
11.9713
11.9641
11.7746
11.6784
11.5201
11.3391
11.1793
11.0151
10.7598
10.4999
10.3074
10.2675
10.0213
9.74898
9.24365
8.60864
7.9177
5.79535
3.47389
2.84271
3.14193
4.14139
3.81732
4.32854
5.66968
6.86385
7.38436
7.30057
7.00264
7.1086
7.23067
6.80646
6.79488
6.88741
7.06462
7.20966
7.38445
7.42929
7.35133
7.17455
6.73604
5.92386
5.83555
6.4964
6.64676
6.80238
6.65624
6.30041
5.80243
5.41672
5.05548
4.36668
3.721
3.26747
1.52506
0.260519
0.014646
0.000890878
0.0152507
0.0374626
0.0157179
0.0277722
0.0497159
0.0799184
0.194201
0.397173
0.62268
0.891415
0.868264
1.11515
1.42716
1.93781
2.15686
1.80942
1.77004
2.0533
2.4706
3.23897
3.79776
3.92726
4.27983
4.41855
4.55245
4.56137
4.54713
4.543
4.53811
4.49076
4.45453
4.23839
3.93688
4.01545
4.12701
4.1353
3.97648
3.79742
3.8494
3.9728
4.02018
3.97401
3.81955
3.7063
3.70122
3.7315
3.67709
3.56902
3.52638
3.42742
3.40664
3.34201
3.20636
2.99329
2.7878
2.53542
2.28277
2.1493
2.13311
2.24576
2.35145
2.32812
2.14858
2.10152
1.91198
1.69878
1.50642
1.14502
0.672781
0.371727
0.190833
0.0720765
0.0255977
0.00690658
0.000644189
0.00031932
0.000853402
0.00167886
0.00231942
0.000967008
0.0057659
0.0188732
0.0219694
0.00731078
0.00131
0.00574147
0.012148
0.0318016
0.0696645
0.126149
0.232932
0.348624
0.310548
0.343229
0.57463
0.902367
1.20751
1.45461
1.40659
1.01709
0.407946
0.402423
0.469352
0.780132
1.26221
1.52319
1.49508
1.26222
0.892766
0.882767
0.917103
1.07914
1.35925
1.47239
1.51378
1.51228
1.52805
1.53147
1.52101
1.51684
1.51901
1.52479
1.51459
1.46053
1.42762
1.38156
1.32598
1.33869
1.3285
1.26951
1.29145
1.2338
1.20698
1.22655
1.23237
1.22152
1.18537
1.15083
1.11106
1.07623
1.03818
0.982362
0.941961
0.874357
0.817101
0.761038
0.690845
0.57935
0.490536
0.43972
0.429153
0.521791
0.592044
0.552624
0.489304
0.418738
0.364996
0.413434
0.416998
0.33401
0.330728
0.31028
0.319411
0.32143
0.304831
0.247494
0.283756
0.313639
0.25558
0.284652
0.272888
0.169181
0.320408
0.329651
0.296243
L of Background Average
3.38638
5.21531
5.60219
5.68591
6.05396
6.08861
5.85081
5.66179
4.71148
5.95106
6.09196
6.71195
7.12564
7.31327
7.51171
7.4795
7.51116
7.56211
7.68338
7.68263
7.36375
7.17956
7.38391
7.32297
7.08333
7.40671
7.46471
6.98976
7.09693
7.50226
7.77296
7.68218
7.92232
7.86144
7.93728
7.9631
7.85951
7.79277
7.63221
7.53715
7.51289
7.41967
7.37809
6.8699
6.9999
6.9854
6.9446
6.89799
6.63963
6.58605
6.63397
6.46576
6.4316
6.47232
6.41685
6.29924
6.13566
5.94829
6.00879
6.1218
6.08046
6.01752
5.98641
6.00089
5.21004
5.86261
6.99953
7.39535
8.05639
8.61539
8.7082
7.98871
8.72573
9.23512
10.569
11.1329
11.6094
11.9522
12.0619
10.8113
5.02308
9.91132
12.0176
12.1696
12.1252
11.9782
11.6278
11.6045
11.5433
11.5373
11.2278
9.66784
9.72927
10.0504
10.0786
10.5919
10.9035
10.8813
10.5604
9.87102
10.6473
10.4565
10.0147
10.3956
10.3304
10.1587
10.0305
9.76944
8.14866
7.60795
7.83084
7.35069
7.34804
8.10259
7.7277
4.87267
2.97848
4.06642
4.1799
4.55678
5.38022
6.44302
6.55969
7.03527
7.5728
7.75561
7.85371
7.83012
7.91633
7.81821
7.78499
7.70987
7.61237
7.52364
7.42215
7.25535
7.09046
6.9617
6.90623
6.67857
6.4216
6.03021
5.59027
5.1401
3.7638
2.24918
1.82246
1.99011
2.59039
2.36095
2.63989
3.42381
4.13602
4.49504
4.53988
4.45216
4.58997
4.71448
4.49173
4.54852
4.65233
4.7656
4.81517
4.87184
4.85276
4.77493
4.64693
4.35312
3.81584
3.74703
4.1678
4.26104
4.33531
4.19385
3.91451
3.54377
3.22505
2.91034
2.42804
2.00723
1.73025
0.798956
0.135441
0.00789345
0.000804228
0.0084629
0.0169018
0.00676458
0.0121847
0.018409
0.0295281
0.0708876
0.142008
0.216826
0.304184
0.291545
0.367901
0.465665
0.629857
0.702034
0.590052
0.578282
0.681387
0.845314
1.14148
1.36204
1.42775
1.57692
1.65025
1.7251
1.757
1.78223
1.81038
1.83348
1.83529
1.84311
1.78659
1.69537
1.7537
1.8126
1.8301
1.78683
1.74054
1.79042
1.86128
1.89401
1.89044
1.842
1.81055
1.82206
1.84541
1.82815
1.7844
1.77003
1.72022
1.70246
1.66294
1.60119
1.51904
1.45211
1.36755
1.28111
1.22787
1.17953
1.17355
1.17603
1.1452
1.05879
1.03097
0.917593
0.789108
0.680064
0.50538
0.28943
0.150042
0.0712637
0.024512
0.00771881
0.0019629
0.00018848
9.58742e-005
0.000237249
0.00045293
0.000631265
0.00025253
0.0013765
0.00450085
0.00530953
0.00179974
0.000335273
0.00141563
0.0029653
0.00752538
0.0164026
0.0294979
0.0542522
0.0817458
0.0737067
0.0834002
0.142954
0.229906
0.314479
0.387066
0.382905
0.283515
0.116071
0.11606
0.136259
0.228179
0.372428
0.453606
0.449458
0.382776
0.273238
0.271601
0.283179
0.334085
0.42179
0.458791
0.474513
0.477751
0.485357
0.488152
0.487669
0.489703
0.493429
0.49636
0.494802
0.480357
0.473388
0.461414
0.445733
0.453051
0.454361
0.437232
0.449034
0.432222
0.424966
0.433141
0.436107
0.433451
0.422182
0.409634
0.394014
0.380095
0.364922
0.342927
0.328165
0.308398
0.291998
0.276215
0.257122
0.228027
0.20974
0.19596
0.187771
0.197736
0.210352
0.192374
0.169254
0.146898
0.130486
0.141377
0.137227
0.105635
0.101696
0.0961149
0.0977896
0.0960443
0.0856462
0.0658308
0.0746848
0.0821552
0.0656864
0.0697507
0.0656631
0.0389644
0.0719167
0.0734701
0.0650428
L of Target
14.0604
21.6495
23.222
23.4706
24.8572
24.8533
23.7282
22.8437
18.9681
23.978
24.5842
27.0966
28.7591
29.4985
30.2511
30.0928
30.2525
30.5214
31.0415
31.0081
29.6791
28.9213
29.7131
29.3749
28.2767
29.3792
29.2991
27.0467
27.019
28.0502
28.5414
27.8109
28.4165
28.0136
28.1161
28.0863
27.6915
27.56
27.2211
27.2212
27.4903
27.4068
27.396
25.605
26.2133
26.2725
26.1988
26.1056
25.2357
25.1533
25.4395
24.8598
24.7729
24.9981
24.8907
24.5716
24.0613
23.4356
23.799
24.3666
24.2893
24.0724
23.9305
23.6447
19.5589
20.3421
22.302
22.1161
22.354
22.3514
21.2467
18.2418
18.9044
18.9838
20.7
20.8496
20.9531
21.0489
20.9178
18.5331
8.45218
16.5282
19.8693
19.9514
19.7683
19.4418
18.7975
18.691
18.522
18.4512
17.8904
15.3279
15.3729
15.8307
15.8199
16.5737
17.0168
16.9523
16.4161
15.3011
16.4679
16.179
15.4823
16.0166
15.8513
15.567
15.3815
14.9997
12.5106
11.6879
12.0462
11.3151
11.3225
12.507
11.931
7.51202
4.60314
6.33129
6.54488
7.17616
8.51262
10.2486
10.4814
11.2971
12.1968
12.3925
12.2804
11.9713
11.9641
11.7746
11.6784
11.5201
11.3391
11.1793
11.0151
10.7598
10.4999
10.3074
10.2675
10.0213
9.74898
9.24365
8.60864
7.9177
5.79535
3.47389
2.84271
3.14193
4.14139
3.81732
4.32854
5.66968
6.86385
7.38436
7.30057
7.00264
7.1086
7.23067
6.80646
6.79488
6.88741
7.06462
7.20966
7.38445
7.42929
7.35133
7.17455
6.73604
5.92386
5.83555
6.4964
6.64676
6.80238
6.65624
6.30041
5.80243
5.41672
5.05548
4.36668
3.721
3.26747
1.52506
0.260519
0.014646
0.000890878
0.0152507
0.0374626
0.0157179
0.0277722
0.0497159
0.0799184
0.194201
0.397173
0.62268
0.891415
0.868264
1.11515
1.42716
1.93781
2.15686
1.80942
1.77004
2.0533
2.4706
3.23897
3.79776
3.92726
4.27983
4.41855
4.55245
4.56137
4.54713
4.543
4.53811
4.49076
4.45453
4.23839
3.93688
4.01545
4.12701
4.1353
3.97648
3.79742
3.8494
3.9728
4.02018
3.97401
3.81955
3.7063
3.70122
3.7315
3.67709
3.56902
3.52638
3.42742
3.40664
3.34201
3.20636
2.99329
2.7878
2.53542
2.28277
2.1493
2.13311
2.24576
2.35145
2.32812
2.14858
2.10152
1.91198
1.69878
1.50642
1.14502
0.672781
0.371727
0.190833
0.0720765
0.0255977
0.00690658
0.000644189
0.00031932
0.000853402
0.00167886
0.00231942
0.000967008
0.0057659
0.0188732
0.0219694
0.00731078
0.00131
0.00574147
0.012148
0.0318016
0.0696645
0.126149
0.232932
0.348624
0.310548
0.343229
0.57463
0.902367
1.20751
1.45461
1.40659
1.01709
0.407946
0.402423
0.469352
0.780132
1.26221
1.52319
1.49508
1.26222
0.892766
0.882767
0.917103
1.07914
1.35925
1.47239
1.51378
1.51228
1.52805
1.53147
1.52101
1.51684
1.51901
1.52479
1.51459
1.46053
1.42762
1.38156
1.32598
1.33869
1.3285
1.26951
1.29145
1.2338
1.20698
1.22655
1.23237
1.22152
1.18537
1.15083
1.11106
1.07623
1.03818
0.982362
0.941961
0.874357
0.817101
0.761038
0.690845
0.57935
0.490536
0.43972
0.429153
0.521791
0.592044
0.552624
0.489304
0.418738
0.364996
0.413434
0.416998
0.33401
0.330728
0.31028
0.319411
0.32143
0.304831
0.247494
0.283756
0.313639
0.25558
0.284652
0.272888
0.169181
0.320408
0.329651
0.296243
