SNR of Background 1
9.73877
16.5409
19.1192
21.1219
23.839
26.3223
28.3893
30.3418
28.7131
35.7731
38.2224
42.3917
46.0735
48.5239
50.6908
52.1832
53.4583
54.9134
56.3049
57.703
58.0438
58.6815
60.5275
61.6723
61.2902
63.0961
63.6626
63.3092
64.6494
67.2891
69.1075
69.7126
71.0454
71.3321
71.8841
72.4456
72.6461
72.6304
72.265
71.9182
71.4994
71.1957
71.1214
69.8181
70.2627
70.412
69.6241
68.4947
66.7347
65.0981
64.8859
63.9756
63.5149
63.3149
62.3348
61.2524
59.8871
59.0024
58.802
58.998
58.7282
58.4752
58.5818
59.8982
59.6023
66.8159
73.8982
76.7372
79.6481
81.4966
82.3977
81.6651
83.1156
84.2086
85.9416
86.5116
87.0315
87.1429
86.9617
85.3172
72.1056
83.1681
85.3078
85.0174
84.2204
83.4949
82.4646
81.7683
80.9711
80.3951
79.6075
76.8742
76.2057
76.4375
75.6101
76.1217
76.232
75.7521
74.1029
72.2487
73.1841
72.2111
70.6818
71.591
70.8069
69.7303
68.6616
67.2245
62.1444
59.4667
59.0407
56.2984
54.9987
56.0291
53.3836
40.3965
27.8628
48.9028
47.524
32.209
51.3331
56.5208
55.0117
52.4883
47.6232
37.3749
23.7441
24.1726
24.8393
27.6175
27.8705
30.684
33.2881
33.3462
35.6914
35.2511
37.1418
39.0383
38.9546
40.1827
41.0312
39.1676
38.8149
38.2052
31.1076
20.6918
17.8548
21.0806
27.7745
26.5431
30.0709
38.306
45.3555
49.41
50.0413
50.863
53.1925
55.274
55.0299
56.8544
59.8936
61.7638
63.0173
64.2442
64.9609
66.0886
66.0932
64.8191
61.3512
61.5917
65.867
67.3739
68.5768
68.775
67.0996
64.3401
61.5632
58.2262
52.1176
45.8638
41.3488
21.6851
3.96435
0.243109
0.0313174
0.276647
0.490576
0.192726
0.359803
0.468442
0.764638
1.8186
3.61024
5.41115
7.50326
7.07533
8.8402
11.1134
14.8362
16.7412
14.4574
14.2851
17.3323
22.1487
30.3872
36.5883
38.832
43.1974
45.9504
48.3225
50.3073
52.1773
53.6364
55.5975
57.0623
58.2795
58.8249
58.7026
60.8511
63.0815
64.552
65.0324
65.1728
66.8705
68.7089
70.1161
70.7067
70.6232
70.8049
71.2585
71.8618
71.805
71.3511
71.302
70.6032
70.3236
69.6779
68.7466
67.5547
66.7983
65.703
64.4713
63.1517
61.3827
60.2524
59.2596
58.6682
56.3159
55.5692
51.7637
46.1631
41.2862
32.2452
19.2212
9.67765
4.3282
1.32568
0.34069
0.0760651
0.00786329
0.00420358
0.00863309
0.015159
0.0213743
0.00744213
0.0280307
0.0908327
0.112881
0.0414307
0.00898811
0.0331612
0.0664953
0.14474
0.309724
0.535618
0.962554
1.52578
1.46919
1.86418
3.49275
6.12317
8.9604
11.5804
12.1915
9.65099
4.19112
4.34984
5.20924
8.8539
14.5792
18.0081
18.2879
15.9228
11.7422
11.8041
12.3893
14.6089
18.2889
19.9464
20.6112
21.0316
21.6786
22.0472
22.1706
22.6203
23.148
23.2591
23.4768
22.9857
22.8731
22.4961
21.92
22.3753
22.4426
21.7637
22.49
21.8477
21.3361
21.4462
21.0798
20.4647
19.4704
18.5802
17.2855
16.0633
15.0891
13.8215
12.9529
12.1582
11.6493
11.0132
10.3647
9.57446
9.65298
9.46972
9.06672
8.43322
8.41675
7.60699
6.73554
6.04312
5.4407
5.486
4.89757
3.49949
3.16904
2.9965
2.94346
2.7205
2.05184
1.33847
1.42231
1.5159
1.09797
0.932724
0.792353
0.352961
0.532005
0.492094
0.370827
SNR of Background 2
61.782
74.8324
77.9345
79.7511
81.8522
83.4265
84.4992
85.4634
84.3799
88.2543
89.3857
90.9573
92.1229
92.8072
93.3401
93.6931
94.0273
94.4071
94.7307
95
95.0491
95.1714
95.5025
95.6594
95.518
95.7392
95.6733
95.3807
95.3796
95.6166
95.7155
95.6463
95.7922
95.7703
95.8094
95.8717
95.9025
95.9488
95.9841
96.0764
96.1637
96.2297
96.2859
96.1156
96.2589
96.3397
96.2468
96.0985
95.8534
95.6345
95.664
95.5469
95.4965
95.5067
95.4024
95.3054
95.1533
95.0757
95.1426
95.2792
95.3042
95.2902
95.3002
95.2701
94.3181
94.5608
95.0382
95.0131
95.0165
94.9099
94.6183
93.6792
93.7198
93.6634
93.9911
93.8562
93.7843
93.6206
93.3812
92.3546
83.9589
90.7926
91.9593
91.6933
91.149
90.6517
89.9623
89.4754
88.9155
88.4968
87.93
86.0341
85.5188
85.6209
84.9887
85.2838
85.3121
84.9469
83.7461
82.3595
82.9894
82.2941
81.1566
81.7521
81.085
80.2517
79.462
78.395
74.3899
72.2102
71.8924
69.5889
68.4942
69.4373
67.1331
54.6886
40.8506
63.3593
62.2606
48.5235
71.3877
75.8478
74.8371
72.9787
68.8447
57.9701
39.381
38.9993
39.4245
43.0356
43.1913
46.6466
49.7305
49.6831
52.4229
51.8713
53.9985
56.1303
56.2357
58.0332
59.5129
57.9539
57.7884
57.1248
48.6323
34.4223
30.4913
35.9192
46.0847
44.9376
50.3974
60.816
68.1175
71.3378
70.964
70.728
72.0813
73.4227
72.733
73.6727
75.768
77.2655
78.5553
79.8576
80.6865
81.6357
81.7265
80.9326
78.5934
78.8785
81.8702
82.883
83.8199
84.2625
83.6199
82.3906
81.4021
80.3252
77.2995
73.6084
70.42
45.9582
9.75981
0.573382
0.0356517
0.623096
1.5589
0.668549
1.20348
2.19216
3.58625
8.6635
17.5535
26.9291
37.0952
36.4885
44.9376
53.7661
64.1672
68.0959
63.0089
62.4305
67.7194
73.3353
80.595
84.3664
85.1836
87.0337
87.8846
88.4758
88.8269
89.0965
89.2265
89.6261
89.8898
90.0412
89.8014
89.2349
89.7313
90.434
90.7994
90.6555
90.2902
90.6177
91.1449
91.5412
91.5745
91.2953
91.1242
91.1513
91.2935
91.176
90.8986
90.8053
90.5321
90.5059
90.336
89.8868
89.0368
88.0969
86.7
84.9734
83.6963
83.6367
84.6983
85.4606
85.6389
84.3259
84.0529
82.5731
80.1747
77.7803
70.4749
53.0213
34.0773
19.0399
7.45813
2.67035
0.721533
0.067927
0.0335406
0.08851
0.1737
0.236815
0.0973268
0.577935
1.87983
2.15557
0.716367
0.128484
0.568907
1.20302
3.13843
6.87742
12.2654
21.8486
31.4756
28.4595
30.9664
46.0479
61.2304
70.4145
75.3387
74.4113
64.6036
34.8056
34.6172
39.375
56.3572
72.0014
77.2843
76.9865
72.2996
61.5381
61.2238
62.5466
67.8234
74.5877
76.7491
77.2329
77.2519
77.7147
77.9394
77.7057
77.8047
78.0379
78.0325
78.0616
77.0486
76.3803
75.4294
74.2268
74.3947
73.7859
72.3684
72.7544
71.3317
70.2202
70.1838
69.4728
68.2944
66.3434
64.7788
62.5345
60.2595
58.4064
55.8318
53.6877
50.4834
47.9933
44.9275
41.1595
35.1851
30.9736
28.5217
28.2472
33.7241
37.7591
36.1008
33.0119
29.2364
25.6432
28.297
27.8076
22.5572
22.1175
20.6092
20.9022
20.7564
19.197
15.5613
17.1541
18.548
14.7994
15.8312
14.9493
9.09796
16.51
16.3312
14.49
SNR of Background Average
28.0422
41.7563
46.028
48.8477
52.3668
55.2398
57.3591
59.3197
57.316
65.1084
67.6169
71.3707
74.3531
76.1922
77.6867
78.6956
79.6342
80.7092
81.6563
82.4841
82.6538
83.0351
84.0728
84.6052
84.2275
84.9995
84.9293
84.2218
84.4331
85.3711
85.8871
85.8559
86.3916
86.4051
86.5879
86.8177
86.9187
87.0104
87.0181
87.1494
87.2647
87.3598
87.4742
86.9119
87.2978
87.4996
87.1781
86.6846
85.8829
85.1581
85.1962
84.8076
84.6317
84.6269
84.2546
83.8868
83.3555
83.0568
83.1846
83.5317
83.5589
83.4963
83.5371
83.643
81.5611
83.3663
85.7407
86.4361
87.2982
87.7878
87.8157
86.652
87.3245
87.7928
88.8735
89.0808
89.3173
89.2867
89.0547
87.5741
75.6763
85.5365
87.3708
87.0699
86.3339
85.6637
84.7207
84.074
83.3333
82.7919
82.0554
79.5342
78.8949
79.0839
78.2967
78.7427
78.8241
78.3684
76.8258
75.0779
75.9322
75.0282
73.5903
74.414
73.6449
72.6212
71.6198
70.272
65.4268
62.8505
62.4504
59.79
58.528
59.5514
56.9587
43.9185
30.8915
52.6279
51.313
36.0703
56.636
61.8415
60.4316
58.0073
53.1454
42.3149
27.14
27.3793
27.9947
31
31.2322
34.2366
36.9974
37.0291
39.513
39.0365
41.0211
43.0159
42.9833
44.3973
45.449
43.6301
43.3248
42.6871
35.0785
23.631
20.5287
24.2817
31.9047
30.679
34.7821
43.8871
51.3287
55.3023
55.5951
56.0765
58.1685
60.0836
59.6688
61.2612
64.0994
65.9221
67.2544
68.5823
69.3911
70.5232
70.565
69.4022
66.1627
66.4378
70.482
71.8922
73.0776
73.4069
72.0573
69.7497
67.5395
64.9318
59.6237
53.8931
49.5257
27.3023
5.13853
0.309188
0.0321843
0.345961
0.704572
0.287947
0.528747
0.814092
1.33168
3.2071
6.50478
10.0341
14.189
13.7011
17.4218
22.0036
28.9004
32.1564
28.1035
27.7206
32.3521
38.6887
48.8676
55.663
57.6347
61.7579
64.0175
65.7917
67.1017
68.2573
69.0631
70.3971
71.3487
72.0607
72.0446
71.3997
72.901
74.6418
75.6855
75.7585
75.4668
76.5739
77.9311
78.9603
79.2648
78.9681
78.9024
79.1444
79.5588
79.4305
78.9746
78.8728
78.3016
78.142
77.6821
76.8498
75.5735
74.483
72.9405
71.1876
69.6945
68.6089
68.5907
68.5422
68.3446
66.131
65.5287
62.3874
57.5945
53.2136
43.5742
27.6251
15.0725
7.39501
2.56731
0.808442
0.205278
0.0198763
0.0100709
0.0246092
0.0468732
0.0644746
0.0254201
0.138093
0.449636
0.522745
0.176544
0.0328895
0.140391
0.2942
0.746514
1.63978
2.94264
5.38415
8.14003
7.3423
8.27156
13.7713
21.48
28.3657
33.496
33.1759
25.5571
11.0494
11.1235
13.0683
21.3483
33.0356
38.9689
38.8988
34.0864
25.5562
25.4608
26.4619
30.5925
37.115
39.7131
40.487
40.7533
41.5028
41.9
41.7874
42.1327
42.6288
42.6897
42.8415
41.7671
41.2044
40.2984
39.1284
39.523
39.1684
37.8581
38.5528
37.2972
36.3372
36.3886
35.7608
34.7317
33.0879
31.7422
29.8427
28.0263
26.5935
24.7063
23.3027
21.6265
20.4486
19.0381
17.4659
15.2708
14.2859
13.5606
13.1832
14.0253
15.0599
14.0029
12.5401
11.074
9.75495
10.4163
9.84245
7.52948
7.17079
6.69581
6.71976
6.51215
5.63933
4.28182
4.69376
5.07372
3.92727
4.01946
3.71793
2.13279
3.85088
3.78043
3.28619
SNR of Target
61.782
74.8324
77.9345
79.7511
81.8522
83.4265
84.4992
85.4634
84.3799
88.2543
89.3857
90.9573
92.1229
92.8072
93.3401
93.6931
94.0273
94.4071
94.7307
95
95.0491
95.1714
95.5025
95.6594
95.518
95.7392
95.6733
95.3807
95.3796
95.6166
95.7155
95.6463
95.7922
95.7703
95.8094
95.8717
95.9025
95.9488
95.9841
96.0764
96.1637
96.2297
96.2859
96.1156
96.2589
96.3397
96.2468
96.0985
95.8534
95.6345
95.664
95.5469
95.4965
95.5067
95.4024
95.3054
95.1533
95.0757
95.1426
95.2792
95.3042
95.2902
95.3002
95.2701
94.3181
94.5608
95.0382
95.0131
95.0165
94.9099
94.6183
93.6792
93.7198
93.6634
93.9911
93.8562
93.7843
93.6206
93.3812
92.3546
83.9589
90.7926
91.9593
91.6933
91.149
90.6517
89.9623
89.4754
88.9155
88.4968
87.93
86.0341
85.5188
85.6209
84.9887
85.2838
85.3121
84.9469
83.7461
82.3595
82.9894
82.2941
81.1566
81.7521
81.085
80.2517
79.462
78.395
74.3899
72.2102
71.8924
69.5889
68.4942
69.4373
67.1331
54.6886
40.8506
63.3593
62.2606
48.5235
71.3877
75.8478
74.8371
72.9787
68.8447
57.9701
39.381
38.9993
39.4245
43.0356
43.1913
46.6466
49.7305
49.6831
52.4229
51.8713
53.9985
56.1303
56.2357
58.0332
59.5129
57.9539
57.7884
57.1248
48.6323
34.4223
30.4913
35.9192
46.0847
44.9376
50.3974
60.816
68.1175
71.3378
70.964
70.728
72.0813
73.4227
72.733
73.6727
75.768
77.2655
78.5553
79.8576
80.6865
81.6357
81.7265
80.9326
78.5934
78.8785
81.8702
82.883
83.8199
84.2625
83.6199
82.3906
81.4021
80.3252
77.2995
73.6084
70.42
45.9582
9.75981
0.573382
0.0356517
0.623096
1.5589
0.668549
1.20348
2.19216
3.58625
8.6635
17.5535
26.9291
37.0952
36.4885
44.9376
53.7661
64.1672
68.0959
63.0089
62.4305
67.7194
73.3353
80.595
84.3664
85.1836
87.0337
87.8846
88.4758
88.8269
89.0965
89.2265
89.6261
89.8898
90.0412
89.8014
89.2349
89.7313
90.434
90.7994
90.6555
90.2902
90.6177
91.1449
91.5412
91.5745
91.2953
91.1242
91.1513
91.2935
91.176
90.8986
90.8053
90.5321
90.5059
90.336
89.8868
89.0368
88.0969
86.7
84.9734
83.6963
83.6367
84.6983
85.4606
85.6389
84.3259
84.0529
82.5731
80.1747
77.7803
70.4749
53.0213
34.0773
19.0399
7.45813
2.67035
0.721533
0.067927
0.0335406
0.08851
0.1737
0.236815
0.0973268
0.577935
1.87983
2.15557
0.716367
0.128484
0.568907
1.20302
3.13843
6.87742
12.2654
21.8486
31.4756
28.4595
30.9664
46.0479
61.2304
70.4145
75.3387
74.4113
64.6036
34.8056
34.6172
39.375
56.3572
72.0014
77.2843
76.9865
72.2996
61.5381
61.2238
62.5466
67.8234
74.5877
76.7491
77.2329
77.2519
77.7147
77.9394
77.7057
77.8047
78.0379
78.0325
78.0616
77.0486
76.3803
75.4294
74.2268
74.3947
73.7859
72.3684
72.7544
71.3317
70.2202
70.1838
69.4728
68.2944
66.3434
64.7788
62.5345
60.2595
58.4064
55.8318
53.6877
50.4834
47.9933
44.9275
41.1595
35.1851
30.9736
28.5217
28.2472
33.7241
37.7591
36.1008
33.0119
29.2364
25.6432
28.297
27.8076
22.5572
22.1175
20.6092
20.9022
20.7564
19.197
15.5613
17.1541
18.548
14.7994
15.8312
14.9493
9.09796
16.51
16.3312
14.49
