SNR of Background 1
5.70761
10.0982
11.9456
13.5715
15.8104
17.9848
19.941
21.7945
20.6656
26.5556
28.6941
32.4629
35.9508
38.3894
40.6533
42.2609
43.5692
45.0164
46.473
48.0464
48.5624
49.3435
51.4031
52.8404
52.736
54.9901
56.074
56.2513
58.221
61.5642
63.9669
64.935
66.5759
67.0312
67.7573
68.4703
68.7492
68.7279
68.2595
67.7433
67.1286
66.6874
66.5634
65.1272
65.5679
65.7008
64.8463
63.6231
61.708
59.9197
59.6541
58.6841
58.212
57.9942
56.9192
55.7013
54.1966
53.2142
52.9228
53.0388
52.7113
52.4642
52.6519
54.464
55.2475
63.8035
71.884
75.1748
78.4759
80.5661
81.6174
80.9675
82.5276
83.7058
85.524
86.1407
86.6969
86.8267
86.6526
84.986
71.6281
82.8224
85.0034
84.715
83.9108
83.1792
82.1389
81.4377
80.6348
80.056
79.2635
76.5064
75.8358
76.0748
75.2438
75.7648
75.8804
75.3997
73.7394
71.8741
72.8218
71.8438
70.3065
71.2276
70.443
69.3628
68.29
66.8467
61.7476
59.0635
58.6389
55.8936
54.5945
55.6266
52.981
40.0291
27.5846
48.5324
47.1558
31.8482
50.8145
55.9883
54.4789
51.957
47.1041
36.9209
23.4323
23.8692
24.5371
27.2934
27.5492
30.3438
32.9328
32.9951
35.3286
34.8948
36.7782
38.6677
38.5857
39.8064
40.6482
38.7927
38.4439
37.8424
30.8044
20.4909
17.6834
20.8756
27.5017
26.284
29.7773
37.9429
44.9526
49.0042
49.6507
50.4877
52.8268
54.916
54.682
56.5175
59.5676
61.4433
62.6974
63.9243
64.6411
65.7729
65.7791
64.5028
61.0288
61.2712
65.5588
67.0726
68.2804
68.4771
66.7908
64.0162
61.2226
57.8671
51.7471
45.5002
40.9979
21.4811
3.9299
0.241388
0.0312128
0.274687
0.48556
0.190997
0.356735
0.461283
0.753409
1.79174
3.5552
5.3198
7.36302
6.93789
8.65514
10.8712
14.4966
16.3594
14.1372
13.971
16.9674
21.7165
29.8461
35.9901
38.2305
42.5844
45.3442
47.7291
49.7323
51.6229
53.1021
55.0802
56.5604
57.794
58.3609
58.2606
60.4267
62.6693
64.153
64.6493
64.8066
66.522
68.3747
69.7943
70.3953
70.3204
70.5115
70.973
71.5832
71.5302
71.078
71.0316
70.3307
70.0492
69.3999
68.4679
67.2811
66.5365
65.4555
64.2388
62.9241
61.1403
59.9836
58.9688
58.3704
56.0199
55.2744
51.4644
45.86
40.9886
31.9908
19.0583
9.5914
4.28512
1.31039
0.335625
0.0747317
0.00773839
0.00416995
0.00859667
0.0150354
0.0211514
0.00725789
0.0267567
0.0866567
0.108073
0.0399981
0.00878848
0.0321397
0.0643291
0.139301
0.298308
0.513334
0.916602
1.44936
1.402
1.78987
3.36001
5.90354
8.66182
11.2253
11.8518
9.4106
4.10596
4.26764
5.11074
8.67582
14.2806
17.6537
17.9405
15.6301
11.5374
11.6022
12.1794
14.361
17.9797
19.6155
20.2761
20.6981
21.3425
21.7105
21.8378
22.2888
22.8163
22.9285
23.1479
22.6695
22.5655
22.1991
21.6353
22.0912
22.1663
21.4988
22.2242
21.5946
21.0921
21.203
20.8415
20.2348
19.2542
18.3737
17.0912
15.8806
14.9153
13.6587
12.7993
12.0187
11.5207
10.8972
10.2634
9.49242
9.5848
9.40886
9.00602
8.35409
8.32573
7.52103
6.65903
5.97833
5.38472
5.42319
4.8359
3.45112
3.12429
2.9553
2.90181
2.67915
2.01367
1.31056
1.39054
1.48065
1.07092
0.903296
0.764813
0.337839
0.498625
0.459102
0.342711
SNR of Background 2
9.64337
16.2779
18.6515
20.2538
22.4538
24.3701
25.8262
27.2323
25.5265
32.1828
34.603
38.6229
42.1604
44.5083
46.5088
47.9044
49.2675
50.9263
52.459
53.8167
54.0594
54.6866
56.5063
57.4529
56.6894
58.0526
57.7793
56.2527
56.4278
57.9904
58.7825
58.5354
59.513
59.4774
59.7964
60.2361
60.4372
60.6916
60.8445
61.3292
61.7867
62.1544
62.5052
61.4238
62.3243
62.8505
62.2684
61.3351
59.8213
58.5125
58.679
58.0287
57.7705
57.8463
57.2789
56.762
55.9485
55.5359
55.8942
56.6338
56.7919
56.7502
56.8664
56.8497
52.5255
54.2826
57.3324
57.7203
58.368
58.4003
57.5256
54.0214
54.6915
54.9501
56.7512
56.5816
56.6196
56.1736
55.3423
51.5884
31.7424
46.8164
50.5303
49.7024
47.9972
46.5274
44.6088
43.3406
41.9554
40.9572
39.6887
35.8405
34.8729
35.069
33.9648
34.4959
34.54
33.8797
31.8887
29.8091
30.7584
29.7181
28.1518
28.9806
28.1345
27.0972
26.1316
24.8882
20.978
19.2111
18.986
17.3081
16.6012
17.2288
15.8008
9.97609
5.88367
13.5653
12.9852
6.5813
10.9433
12.7284
12.3193
11.6736
10.2535
7.43829
4.30482
4.28009
4.36053
4.89755
4.92968
5.48507
6.01541
6.01547
6.52904
6.43059
6.84276
7.27893
7.2951
7.67347
7.99831
7.64305
7.62018
7.49047
5.85494
3.72465
3.20689
3.87755
5.36762
5.18382
6.08362
8.24431
10.3211
11.506
11.4535
11.4667
12.09
12.7808
12.6906
13.3462
14.5174
15.278
15.8135
16.4059
16.8061
17.4161
17.4493
16.8414
15.2906
15.4221
17.4526
18.2894
19.154
19.596
19.0158
17.9461
17.1211
16.3083
14.4372
12.5996
11.3436
5.51766
0.990404
0.0612119
0.0046433
0.0408128
0.0917518
0.154997
0.30625
0.193761
0.300192
0.846998
1.80104
2.87463
4.17909
4.12492
5.40505
6.94731
9.36537
10.5943
9.09785
8.90797
10.4279
12.5144
16.4574
19.5609
20.4593
22.6895
23.9356
24.8918
25.5292
26.054
26.3468
27.0924
27.6153
27.9728
27.5956
26.6401
27.6013
29.0709
29.9319
29.6865
29.0113
29.7951
31.07
32.1489
32.3429
31.7135
31.3667
31.5125
31.9524
31.7664
31.2034
31.0981
30.5619
30.4734
30.1137
29.5493
28.8561
28.5805
28.0113
27.2938
26.5135
25.5623
25.2915
25.3141
25.5665
24.4035
24.1451
22.0953
19.5157
17.6673
14.0234
8.57535
4.78921
2.54754
1.08537
0.509745
0.150905
0.000810111
0.000652358
0.0731656
0.116192
0.134387
0.0170398
0.00486389
0.00719464
0.130157
0.0812331
0.0408782
0.11348
0.17
0.573562
1.34568
2.03934
3.03217
4.17932
3.64865
3.96193
6.61107
10.5239
14.0749
16.6146
16.237
12.0868
4.90064
4.79362
5.58944
9.29646
14.9858
18.1727
18.1747
15.5387
11.1422
11.0135
11.383
13.3691
16.7491
18.0666
18.2462
18.3661
18.8939
19.0144
18.6543
18.7274
18.9486
18.8444
18.984
18.3554
17.8698
17.3352
16.7582
16.8944
16.8304
15.7008
15.8699
15.2789
14.9162
14.9677
14.4973
13.9377
13.4884
13.1066
12.3236
11.5781
10.9611
9.92352
9.2371
8.64056
8.44396
8.27218
8.13195
7.17487
7.00199
6.76263
6.51023
6.51495
7.20331
6.94369
6.53606
6.20837
5.43981
5.92962
5.73377
4.63972
5.2846
5.06176
5.22292
5.12307
4.43487
4.0238
4.54289
4.9686
4.01919
4.51276
4.22402
2.11741
3.33131
3.13577
2.47522
SNR of Background Average
6.52007
11.4032
13.3709
14.9935
17.2263
19.3446
21.19
22.9448
21.6868
27.7533
29.9585
33.7906
37.2957
39.7176
41.9238
43.4844
44.8081
46.3087
47.7869
49.3121
49.7639
50.5099
52.5166
53.8407
53.5831
55.6376
56.426
56.2516
57.8743
60.8986
63.0364
63.817
65.3662
65.7529
66.4259
67.1063
67.3766
67.393
67.0086
66.6354
66.1824
65.8693
65.8232
64.4442
64.9644
65.1661
64.3592
63.1874
61.345
59.6459
59.4627
58.5546
58.1244
57.9647
56.9914
55.9175
54.558
53.6976
53.5485
53.8044
53.5876
53.3878
53.5591
54.9619
54.7282
62.2287
69.8216
72.934
76.1651
78.2362
79.2514
78.4253
80.063
81.3022
83.2808
83.9326
84.5303
84.6583
84.4489
82.5542
67.852
80.103
82.5438
82.2109
81.2992
80.4729
79.3042
78.5176
77.6203
76.9736
76.0931
73.0611
72.3217
72.5786
71.6682
72.2304
72.352
71.8243
70.0166
67.999
69.0192
67.9645
66.3139
67.2979
66.4537
65.2994
64.1589
62.6326
57.3086
54.5465
54.1137
51.3191
50.0078
51.0487
48.3882
35.7176
24.0765
43.9852
42.6356
27.6393
44.7373
49.7935
48.3173
45.8764
41.2352
31.7958
19.8309
20.1887
20.7587
23.1588
23.3795
25.8343
28.1287
28.1823
30.2722
29.8827
31.5782
33.2935
33.2248
34.3541
35.1458
33.4643
33.1587
32.6168
26.3058
17.3112
14.9082
17.657
23.4384
22.3868
25.4811
32.8326
39.3249
43.1495
43.7337
44.505
46.7501
48.7918
48.5619
50.3753
53.4311
55.3354
56.6209
57.8927
58.6443
59.8338
59.8436
58.512
54.9372
55.1881
59.6252
61.2236
62.5244
62.7621
61.0045
58.1383
55.3178
52.0044
46.0557
40.1483
35.9827
18.458
3.34509
0.205359
0.0258991
0.227925
0.40684
0.183797
0.34664
0.407798
0.662831
1.6031
3.2055
4.83314
6.73076
6.37881
8.01027
10.0947
13.4865
15.2281
13.1446
12.9738
15.6878
19.9399
27.3353
32.9945
35.0319
39.0951
41.6622
43.876
45.7241
47.469
48.828
50.7053
52.1149
53.2862
53.7625
53.5566
55.6811
57.951
59.4502
59.8997
59.983
61.7166
63.6441
65.1388
65.7517
65.6247
65.787
66.2609
66.909
66.8411
66.3418
66.2864
65.5399
65.2516
64.5747
63.6024
62.3723
61.6186
60.513
59.2672
57.9268
56.13
55.0099
54.0623
53.5343
51.2263
50.5118
46.7949
41.4575
36.9406
28.6989
17.0354
8.64228
3.93875
1.26539
0.370453
0.0899657
0.00887181
0.00736394
0.0215115
0.0352695
0.0438022
0.00921425
0.0223784
0.0786929
0.11249
0.0482449
0.0152065
0.0484084
0.0854657
0.226207
0.50813
0.819327
1.34131
1.99812
1.85315
2.22603
4.01463
6.83821
9.76137
12.3218
12.7415
9.94987
4.26508
4.37293
5.20654
8.80014
14.4221
17.7577
17.9873
15.6118
11.4584
11.4847
12.0205
14.1634
17.7347
19.3076
19.8734
20.236
20.8576
21.1773
21.2096
21.5877
22.0561
22.1268
22.3312
21.8225
21.6446
21.2458
20.6787
21.0732
21.1224
20.3657
20.9859
20.3629
19.887
19.9874
19.6048
19.0062
18.1247
17.3406
16.1538
15.0325
14.1343
12.9201
12.0943
11.3495
10.9106
10.376
9.83951
9.03168
9.07163
8.88313
8.50995
7.98789
8.10186
7.40571
6.63446
6.02444
5.39575
5.52462
5.01588
3.68947
3.55827
3.37838
3.36817
3.17028
2.50013
1.85591
2.02471
2.18284
1.6637
1.62994
1.46096
0.69481
1.06792
0.996877
0.77073
SNR of Target
9.64337
16.2779
18.6515
20.2538
22.4538
24.3701
25.8262
27.2323
25.5265
32.1828
34.603
38.6229
42.1604
44.5083
46.5088
47.9044
49.2675
50.9263
52.459
53.8167
54.0594
54.6866
56.5063
57.4529
56.6894
58.0526
57.7793
56.2527
56.4278
57.9904
58.7825
58.5354
59.513
59.4774
59.7964
60.2361
60.4372
60.6916
60.8445
61.3292
61.7867
62.1544
62.5052
61.4238
62.3243
62.8505
62.2684
61.3351
59.8213
58.5125
58.679
58.0287
57.7705
57.8463
57.2789
56.762
55.9485
55.5359
55.8942
56.6338
56.7919
56.7502
56.8664
56.8497
52.5255
54.2826
57.3324
57.7203
58.368
58.4003
57.5256
54.0214
54.6915
54.9501
56.7512
56.5816
56.6196
56.1736
55.3423
51.5884
31.7424
46.8164
50.5303
49.7024
47.9972
46.5274
44.6088
43.3406
41.9554
40.9572
39.6887
35.8405
34.8729
35.069
33.9648
34.4959
34.54
33.8797
31.8887
29.8091
30.7584
29.7181
28.1518
28.9806
28.1345
27.0972
26.1316
24.8882
20.978
19.2111
18.986
17.3081
16.6012
17.2288
15.8008
9.97609
5.88367
13.5653
12.9852
6.5813
10.9433
12.7284
12.3193
11.6736
10.2535
7.43829
4.30482
4.28009
4.36053
4.89755
4.92968
5.48507
6.01541
6.01547
6.52904
6.43059
6.84276
7.27893
7.2951
7.67347
7.99831
7.64305
7.62018
7.49047
5.85494
3.72465
3.20689
3.87755
5.36762
5.18382
6.08362
8.24431
10.3211
11.506
11.4535
11.4667
12.09
12.7808
12.6906
13.3462
14.5174
15.278
15.8135
16.4059
16.8061
17.4161
17.4493
16.8414
15.2906
15.4221
17.4526
18.2894
19.154
19.596
19.0158
17.9461
17.1211
16.3083
14.4372
12.5996
11.3436
5.51766
0.990404
0.0612119
0.0046433
0.0408128
0.0917518
0.154997
0.30625
0.193761
0.300192
0.846998
1.80104
2.87463
4.17909
4.12492
5.40505
6.94731
9.36537
10.5943
9.09785
8.90797
10.4279
12.5144
16.4574
19.5609
20.4593
22.6895
23.9356
24.8918
25.5292
26.054
26.3468
27.0924
27.6153
27.9728
27.5956
26.6401
27.6013
29.0709
29.9319
29.6865
29.0113
29.7951
31.07
32.1489
32.3429
31.7135
31.3667
31.5125
31.9524
31.7664
31.2034
31.0981
30.5619
30.4734
30.1137
29.5493
28.8561
28.5805
28.0113
27.2938
26.5135
25.5623
25.2915
25.3141
25.5665
24.4035
24.1451
22.0953
19.5157
17.6673
14.0234
8.57535
4.78921
2.54754
1.08537
0.509745
0.150905
0.0134061
0.0201399
0.0731656
0.116192
0.134387
0.0170398
0.00486389
0.0468326
0.130157
0.0812331
0.0408782
0.11348
0.17
0.573562
1.34568
2.03934
3.03217
4.17932
3.64865
3.96193
6.61107
10.5239
14.0749
16.6146
16.237
12.0868
4.90064
4.79362
5.58944
9.29646
14.9858
18.1727
18.1747
15.5387
11.1422
11.0135
11.383
13.3691
16.7491
18.0666
18.2462
18.3661
18.8939
19.0144
18.6543
18.7274
18.9486
18.8444
18.984
18.3554
17.8698
17.3352
16.7582
16.8944
16.8304
15.7008
15.8699
15.2789
14.9162
14.9677
14.4973
13.9377
13.4884
13.1066
12.3236
11.5781
10.9611
9.92352
9.2371
8.64056
8.44396
8.27218
8.13195
7.17487
7.00199
6.76263
6.51023
6.51495
7.20331
6.94369
6.53606
6.20837
5.43981
5.92962
5.73377
4.63972
5.2846
5.06176
5.22292
5.12307
4.43487
4.0238
4.54289
4.9686
4.01919
4.51276
4.22402
2.11741
3.33131
3.13577
2.47522
