L of Background 1
1.05239
1.61632
1.73801
1.77876
1.91591
1.95181
1.90191
1.85966
1.55137
1.94934
1.9811
2.17344
2.30194
2.35929
2.4261
2.4147
2.41077
2.40625
2.43082
2.43014
2.33171
2.27031
2.33537
2.33014
2.27688
2.41577
2.49753
2.41876
2.54779
2.80054
3.01116
3.05897
3.20818
3.21944
3.28327
3.31653
3.27527
3.2196
3.09764
2.97811
2.8846
2.78733
2.73522
2.5175
2.53333
2.50112
2.46601
2.42718
2.30827
2.25883
2.24878
2.17229
2.14722
2.14351
2.09787
2.02437
1.93832
1.85219
1.84069
1.84579
1.81067
1.78142
1.77344
1.85361
1.81225
2.42338
3.36105
3.88313
4.63024
5.30932
5.6735
5.4793
6.22542
6.83149
8.06437
8.7184
9.27606
9.67195
9.83613
8.8596
4.11096
8.21204
10.0262
10.1929
10.1813
10.0781
9.80047
9.7969
9.76155
9.77096
9.52356
8.2018
8.27025
8.55901
8.59583
9.05435
9.33276
9.32096
9.05453
8.47371
9.14872
8.98329
8.60678
8.94701
8.90647
8.76336
8.65008
8.41958
6.97419
6.53012
6.72544
6.30744
6.30773
6.96309
6.63969
4.16539
2.52936
3.4544
3.54357
3.85496
4.53123
5.44903
5.54316
5.9392
6.38947
6.56807
6.71595
6.76143
6.86943
6.79433
6.77662
6.7223
6.64595
6.57531
6.48988
6.346
6.20557
6.09334
6.03455
5.81316
5.56176
5.20064
4.8103
4.4196
3.22869
1.91817
1.54542
1.68093
2.17975
1.97374
2.19473
2.8406
3.43509
3.7543
3.82851
3.79148
3.93835
4.06445
3.89141
3.9653
4.07216
4.16955
4.19574
4.22339
4.18894
4.11179
3.99663
3.73984
3.27175
3.20779
3.56916
3.6483
3.70227
3.56282
3.30279
2.96304
2.66216
2.36102
1.93212
1.56909
1.33716
0.611501
0.102728
0.00610852
0.000773407
0.00666869
0.0116041
0.00447312
0.00819252
0.0104878
0.0167682
0.0396793
0.0774854
0.114476
0.156503
0.146634
0.180523
0.224858
0.303098
0.338862
0.285267
0.280482
0.338614
0.439779
0.619104
0.756222
0.805839
0.905191
0.962506
1.02269
1.05997
1.09464
1.13045
1.16022
1.17405
1.19258
1.17535
1.13604
1.18917
1.23496
1.25466
1.23981
1.22625
1.27546
1.33317
1.36216
1.3691
1.34695
1.33573
1.35127
1.37286
1.36484
1.33714
1.32983
1.29238
1.27545
1.24227
1.19901
1.14938
1.11676
1.0737
1.02847
0.995118
0.938918
0.903653
0.880578
0.848191
0.785298
0.762521
0.668034
0.56057
0.472457
0.344452
0.192799
0.094098
0.0411511
0.0125709
0.00325093
0.000731089
7.5583e-005
4.10063e-005
8.48987e-005
0.000148757
0.000212326
7.5462e-005
0.000284686
0.000923876
0.00116469
0.000429526
9.38628e-005
0.000341414
0.000681789
0.00148212
0.00313433
0.00542009
0.00974937
0.0153098
0.0147323
0.0186883
0.0355611
0.0627417
0.0926571
0.122114
0.128756
0.101189
0.0432958
0.0446047
0.0531673
0.0907416
0.151258
0.188032
0.189812
0.164273
0.119102
0.11952
0.125459
0.148819
0.188832
0.206988
0.216336
0.220723
0.226296
0.228932
0.230905
0.234451
0.238545
0.24077
0.241345
0.236719
0.236164
0.232626
0.226828
0.232787
0.236921
0.230114
0.239425
0.232754
0.230346
0.23569
0.237953
0.237339
0.232244
0.225142
0.215536
0.206827
0.197342
0.183748
0.175363
0.167482
0.161229
0.155451
0.149057
0.140438
0.139678
0.135085
0.127473
0.116928
0.115279
0.102637
0.0895167
0.0791726
0.0719879
0.0735736
0.0675322
0.0487209
0.0446613
0.0427846
0.0426245
0.0399534
0.0310949
0.0205953
0.022663
0.0245849
0.0184428
0.0163198
0.0141436
0.00655826
0.0101336
0.00976731
0.00752071
L of Background 2
13.4449
20.7115
22.2252
22.4739
23.8127
23.8199
22.7532
21.9154
18.2057
23.024
23.6159
26.0405
27.6499
28.3724
29.1086
28.968
29.1331
29.4032
29.9156
29.8949
28.6245
27.9042
28.6786
28.3627
27.3132
28.389
28.3229
26.1564
26.141
27.1507
27.6382
26.9416
27.5381
27.1569
27.2653
27.2456
26.8714
26.7518
26.4295
26.4357
26.703
26.6282
26.6247
24.8909
25.4886
25.5525
25.4875
25.4033
24.5631
24.4886
24.7726
24.2137
24.1349
24.3598
24.2605
23.9542
23.4616
22.8562
23.2153
23.7734
23.7029
23.4955
23.3627
23.0896
19.0711
19.8552
21.8131
21.643
21.8896
21.9
20.825
17.8662
18.5326
18.6302
20.3356
20.4933
20.6038
20.7046
20.5808
18.2253
8.23994
16.2288
19.5645
19.6494
19.4715
19.152
18.5193
18.4167
18.2525
18.1846
17.6339
15.0816
15.1348
15.5938
15.5848
16.3431
16.7841
16.7221
16.1952
15.0963
16.2486
15.9654
15.2788
15.8075
15.6462
15.3666
15.1845
14.8072
12.2645
11.4965
11.8636
11.1379
11.1554
12.345
11.7761
7.37476
4.49613
6.20456
6.41706
7.03866
8.32721
10.0924
10.3349
11.1535
12.0519
12.2476
12.1392
11.8365
11.8313
11.6449
11.5511
11.3956
11.2177
11.0604
10.8988
10.6471
10.3904
10.2006
10.1615
9.9175
9.64765
9.14652
8.51583
7.82798
5.71624
3.41209
2.78883
3.08659
4.07561
3.75223
4.25895
5.59237
6.78388
7.30444
7.21964
6.92413
7.03437
7.15943
6.7381
6.72886
6.82296
6.99976
7.14376
7.31689
7.36181
7.28458
7.10976
6.67504
5.86712
5.779
6.43801
6.58812
6.74249
6.59724
6.24192
5.74273
5.35827
4.99934
4.31538
3.67512
3.22546
1.5013
0.255447
0.0143291
0.00087898
0.0149389
0.0366543
0.015377
0.0271871
0.0486866
0.0782541
0.190268
0.389222
0.610851
0.875553
0.85295
1.09651
1.40401
1.90913
2.12606
1.78257
1.7443
2.02454
2.43957
3.20242
3.75838
3.88663
4.23945
4.37911
4.51292
4.52221
4.50855
4.50509
4.50098
4.45435
4.41901
4.20497
3.90606
3.9846
4.09577
4.10436
3.94706
3.76967
3.8218
3.94474
3.99218
3.94663
3.79361
3.6815
3.67675
3.70716
3.65334
3.54623
3.50418
3.40606
3.38558
3.32143
3.18679
2.9751
2.77094
2.51989
2.2687
2.1359
2.11929
2.23068
2.33513
2.31228
2.13439
2.08826
1.89894
1.68586
1.4945
1.1351
0.666184
0.367449
0.18848
0.0711394
0.0252559
0.00681381
0.000635941
0.000315682
0.000842433
0.00165641
0.00228844
0.000954464
0.00568771
0.018627
0.0216952
0.00721766
0.00129404
0.00567024
0.0119928
0.0314003
0.0687874
0.124628
0.230331
0.345125
0.307433
0.339888
0.570026
0.895819
1.19962
1.44617
1.39834
1.01078
0.404639
0.399105
0.465633
0.774841
1.25486
1.51577
1.4879
1.25587
0.887773
0.877854
0.912101
1.07356
1.35263
1.46559
1.50686
1.50536
1.52113
1.52459
1.51419
1.51006
1.51222
1.51804
1.50793
1.45409
1.42136
1.37548
1.3201
1.33283
1.32271
1.26372
1.28578
1.22843
1.20174
1.22128
1.22712
1.21636
1.18039
1.146
1.10638
1.07169
1.03381
0.978192
0.93795
0.870629
0.813617
0.757805
0.687946
0.576958
0.488571
0.437882
0.427227
0.519426
0.589507
0.550128
0.486996
0.416825
0.362997
0.411324
0.414892
0.332079
0.328977
0.308655
0.317813
0.319815
0.303146
0.245912
0.282143
0.312003
0.254051
0.283065
0.271351
0.167973
0.318544
0.327682
0.294263
L of Background Average
3.37557
5.19807
5.58304
5.66548
6.03108
6.06452
5.82659
5.63751
4.69084
5.92475
6.0649
6.68189
7.09333
7.27978
7.47685
7.44454
7.476
7.52682
7.64731
7.64642
7.32873
7.14535
7.34852
7.28755
7.04861
7.3699
7.42665
6.95286
7.05813
7.45982
7.72757
7.6363
7.87434
7.81344
7.88849
7.91393
7.81095
7.74489
7.58593
7.49234
7.46918
7.37725
7.33624
6.83137
6.96091
6.94675
6.90632
6.86023
6.60358
6.5506
6.59852
6.43127
6.39745
6.4381
6.38325
6.26657
6.10427
5.91809
5.97855
6.09119
6.05024
5.98775
5.95678
5.97042
5.17179
5.81926
6.95358
7.34407
7.99712
8.54906
8.63734
7.91155
8.64327
9.15099
10.476
11.034
11.5052
11.8444
11.9528
10.7062
4.93077
9.79624
11.9082
12.0592
12.0153
11.8697
11.5226
11.4998
11.4394
11.4337
11.1268
9.56415
9.62924
9.95165
9.97955
10.4967
10.807
10.7853
10.4675
9.78438
10.5541
10.3653
9.92755
10.3053
10.2411
10.0711
9.9443
9.68506
8.02396
7.51588
7.74513
7.26651
7.2701
8.03045
7.6587
4.80406
2.92174
4.00224
4.11594
4.48866
5.28597
6.37098
6.49437
6.97356
7.51191
7.6939
7.79144
7.76824
7.85404
7.757
7.7243
7.65003
7.55361
7.46584
7.36538
7.20016
7.03676
6.90915
6.85426
6.62841
6.37332
5.98447
5.54669
5.0973
3.72399
2.21625
1.79365
1.96136
2.55768
2.32848
2.60623
3.38838
4.10095
4.45997
4.50278
4.41463
4.55423
4.6801
4.4579
4.51531
4.61966
4.73278
4.78229
4.83875
4.81997
4.74281
4.6158
4.32373
3.7883
3.71954
4.13988
4.23306
4.30699
4.16639
3.88751
3.51625
3.19879
2.88617
2.40672
1.98873
1.71353
0.789122
0.133251
0.00775227
0.000794523
0.00832249
0.0166131
0.0066535
0.0119906
0.0181243
0.0290609
0.0697827
0.139796
0.213671
0.300145
0.287732
0.363455
0.460269
0.623465
0.695239
0.583995
0.572462
0.674838
0.838244
1.13317
1.35311
1.41828
1.56767
1.6412
1.7159
1.74766
1.77278
1.80085
1.82393
1.82583
1.83371
1.77753
1.68681
1.74501
1.80377
1.82129
1.77825
1.73224
1.78205
1.85271
1.88539
1.88195
1.83382
1.80259
1.81415
1.83749
1.8204
1.77693
1.76272
1.71321
1.6956
1.65632
1.59493
1.51313
1.44646
1.36206
1.27586
1.22272
1.1744
1.16831
1.1706
1.14011
1.05432
1.0269
0.913561
0.785106
0.676445
0.502338
0.287372
0.148738
0.0706071
0.0242826
0.00765121
0.00194745
0.000187644
9.5937e-005
0.000236391
0.000450276
0.000627538
0.000251249
0.00136513
0.00446373
0.0052697
0.00178688
0.00033387
0.00140705
0.00294372
0.00746475
0.0162625
0.0292553
0.0538461
0.0812255
0.0732297
0.0828743
0.142295
0.229011
0.313466
0.386058
0.381868
0.282642
0.115473
0.115433
0.135562
0.227291
0.371341
0.452664
0.448534
0.381911
0.272472
0.27083
0.282405
0.333258
0.420845
0.457837
0.473535
0.476766
0.484371
0.487159
0.486675
0.488688
0.492411
0.495337
0.493777
0.479361
0.472418
0.460465
0.4448
0.452112
0.453417
0.43624
0.448077
0.431306
0.424065
0.432238
0.435209
0.43257
0.42132
0.408806
0.393218
0.379329
0.364189
0.342236
0.327504
0.307786
0.291426
0.275685
0.256647
0.227611
0.209371
0.195585
0.18737
0.197324
0.209969
0.191999
0.168907
0.146624
0.130136
0.141049
0.136924
0.10534
0.101472
0.0959122
0.0976127
0.0958753
0.0854595
0.0656317
0.0745172
0.0820144
0.0655316
0.0696233
0.0655416
0.0388283
0.0717538
0.0732874
0.064822
L of Target
13.4449
20.7115
22.2252
22.4739
23.8127
23.8199
22.7532
21.9154
18.2057
23.024
23.6159
26.0405
27.6499
28.3724
29.1086
28.968
29.1331
29.4032
29.9156
29.8949
28.6245
27.9042
28.6786
28.3627
27.3132
28.389
28.3229
26.1564
26.141
27.1507
27.6382
26.9416
27.5381
27.1569
27.2653
27.2456
26.8714
26.7518
26.4295
26.4357
26.703
26.6282
26.6247
24.8909
25.4886
25.5525
25.4875
25.4033
24.5631
24.4886
24.7726
24.2137
24.1349
24.3598
24.2605
23.9542
23.4616
22.8562
23.2153
23.7734
23.7029
23.4955
23.3627
23.0896
19.0711
19.8552
21.8131
21.643
21.8896
21.9
20.825
17.8662
18.5326
18.6302
20.3356
20.4933
20.6038
20.7046
20.5808
18.2253
8.23994
16.2288
19.5645
19.6494
19.4715
19.152
18.5193
18.4167
18.2525
18.1846
17.6339
15.0816
15.1348
15.5938
15.5848
16.3431
16.7841
16.7221
16.1952
15.0963
16.2486
15.9654
15.2788
15.8075
15.6462
15.3666
15.1845
14.8072
12.2645
11.4965
11.8636
11.1379
11.1554
12.345
11.7761
7.37476
4.49613
6.20456
6.41706
7.03866
8.32721
10.0924
10.3349
11.1535
12.0519
12.2476
12.1392
11.8365
11.8313
11.6449
11.5511
11.3956
11.2177
11.0604
10.8988
10.6471
10.3904
10.2006
10.1615
9.9175
9.64765
9.14652
8.51583
7.82798
5.71624
3.41209
2.78883
3.08659
4.07561
3.75223
4.25895
5.59237
6.78388
7.30444
7.21964
6.92413
7.03437
7.15943
6.7381
6.72886
6.82296
6.99976
7.14376
7.31689
7.36181
7.28458
7.10976
6.67504
5.86712
5.779
6.43801
6.58812
6.74249
6.59724
6.24192
5.74273
5.35827
4.99934
4.31538
3.67512
3.22546
1.5013
0.255447
0.0143291
0.00087898
0.0149389
0.0366543
0.015377
0.0271871
0.0486866
0.0782541
0.190268
0.389222
0.610851
0.875553
0.85295
1.09651
1.40401
1.90913
2.12606
1.78257
1.7443
2.02454
2.43957
3.20242
3.75838
3.88663
4.23945
4.37911
4.51292
4.52221
4.50855
4.50509
4.50098
4.45435
4.41901
4.20497
3.90606
3.9846
4.09577
4.10436
3.94706
3.76967
3.8218
3.94474
3.99218
3.94663
3.79361
3.6815
3.67675
3.70716
3.65334
3.54623
3.50418
3.40606
3.38558
3.32143
3.18679
2.9751
2.77094
2.51989
2.2687
2.1359
2.11929
2.23068
2.33513
2.31228
2.13439
2.08826
1.89894
1.68586
1.4945
1.1351
0.666184
0.367449
0.18848
0.0711394
0.0252559
0.00681381
0.000635941
0.000315682
0.000842433
0.00165641
0.00228844
0.000954464
0.00568771
0.018627
0.0216952
0.00721766
0.00129404
0.00567024
0.0119928
0.0314003
0.0687874
0.124628
0.230331
0.345125
0.307433
0.339888
0.570026
0.895819
1.19962
1.44617
1.39834
1.01078
0.404639
0.399105
0.465633
0.774841
1.25486
1.51577
1.4879
1.25587
0.887773
0.877854
0.912101
1.07356
1.35263
1.46559
1.50686
1.50536
1.52113
1.52459
1.51419
1.51006
1.51222
1.51804
1.50793
1.45409
1.42136
1.37548
1.3201
1.33283
1.32271
1.26372
1.28578
1.22843
1.20174
1.22128
1.22712
1.21636
1.18039
1.146
1.10638
1.07169
1.03381
0.978192
0.93795
0.870629
0.813617
0.757805
0.687946
0.576958
0.488571
0.437882
0.427227
0.519426
0.589507
0.550128
0.486996
0.416825
0.362997
0.411324
0.414892
0.332079
0.328977
0.308655
0.317813
0.319815
0.303146
0.245912
0.282143
0.312003
0.254051
0.283065
0.271351
0.167973
0.318544
0.327682
0.294263
