SNR of Background 1
10.8072
18.1891
20.9335
23.015
25.8257
28.3623
30.4393
32.4009
30.6746
37.9534
40.4596
44.6853
48.3797
50.8153
52.9467
54.4072
55.6706
57.1209
58.4929
59.8472
60.1551
60.7641
62.5535
63.6325
63.2021
64.9022
65.3559
64.889
66.0804
68.5481
70.2252
70.7437
72.0032
72.2516
72.7634
73.2904
73.4746
73.4643
73.1295
72.831
72.4668
72.2024
72.1451
70.8839
71.3332
71.4885
70.7212
69.6212
67.9077
66.3174
66.123
65.235
64.7826
64.5906
63.6419
62.6035
61.2858
60.4331
60.2602
60.4793
60.2292
59.9791
60.0669
61.2478
60.6219
67.4546
74.2814
76.9952
79.8015
81.5864
82.4448
81.6621
83.0959
84.1787
85.9059
86.467
86.9807
87.0878
86.903
85.2416
71.8035
83.0519
85.2335
84.9407
84.1393
83.41
82.3749
81.675
80.8741
80.2952
79.5036
76.7288
76.0643
76.3044
75.4727
76.0007
76.1129
75.631
73.9761
72.1159
73.0537
72.078
70.5445
71.4557
70.6689
69.5894
68.5184
67.0771
61.8295
59.2218
58.8226
56.064
54.7836
55.8567
53.2086
40.1025
27.5169
48.5557
47.1903
31.8946
50.806
56.2077
54.7404
52.2577
47.4206
37.194
23.6118
24.0355
24.698
27.4638
27.7157
30.5176
33.1122
33.1703
35.5081
35.0698
36.9551
38.8466
38.764
39.9902
40.8379
38.9784
38.6207
37.9967
30.866
20.4404
17.6151
20.8306
27.5063
26.2589
29.7855
38.0451
45.1333
49.2018
49.816
50.6242
52.9713
55.0674
54.8133
56.644
59.6933
61.5698
62.8278
64.0592
64.7791
65.9104
65.9158
64.6376
61.1491
61.3862
65.6895
67.2034
68.4108
68.6103
66.922
64.1311
61.3405
58.0001
51.8802
45.6245
41.1093
21.4824
3.90907
0.239305
0.0309509
0.272654
0.483946
0.190444
0.355633
0.464128
0.757122
1.80079
3.57516
5.36636
7.45424
7.03258
8.7996
11.0707
14.8034
16.7109
14.4205
14.25
17.2911
22.109
30.3491
36.5559
38.7878
43.1658
45.922
48.2895
50.2668
52.1291
53.5817
55.5381
57.0004
58.2153
58.7563
58.6281
60.7756
63.0077
64.4788
64.9563
65.093
66.7915
68.6326
70.0418
70.6325
70.5478
70.729
71.1832
71.788
71.7318
71.2779
71.2295
70.5312
70.2531
69.6083
68.6775
67.4832
66.7229
65.6184
64.3786
63.0525
61.2808
60.1532
59.1611
58.5774
56.2324
55.4957
51.6783
46.0625
41.1868
32.144
19.1378
9.62251
4.30422
1.32019
0.340814
0.0764761
0.00797084
0.00430745
0.00880659
0.0153957
0.0216879
0.0075964
0.0285663
0.0923612
0.114762
0.0421453
0.00920816
0.0338659
0.0676736
0.147203
0.314201
0.543483
0.977366
1.54944
1.48846
1.88315
3.52779
6.17963
9.03693
11.672
12.2739
9.70353
4.20001
4.35579
5.2173
8.87875
14.6318
18.0812
18.3583
15.9783
11.7748
11.8352
12.4219
14.6496
18.3424
20.0055
20.6694
21.0874
21.7339
22.1018
22.2231
22.6711
23.1967
23.3073
23.5245
23.0306
22.9146
22.534
21.9551
22.4095
22.474
21.7901
22.5169
21.873
21.3601
21.4705
21.1042
20.4878
19.4912
18.6003
17.3056
16.0829
15.108
13.8401
12.9712
12.1743
11.6638
11.026
10.3758
9.58203
9.65692
9.47016
9.06592
8.44056
8.43029
7.62012
6.74742
6.05457
5.44585
5.49557
4.90923
3.50824
3.18067
3.00775
2.95625
2.73404
2.06475
1.34845
1.43492
1.53074
1.10959
0.946877
0.805962
0.360313
0.546558
0.506186
0.382354
SNR of Background 2
60.7204
73.9895
77.1711
79.0416
81.2061
82.8312
83.9419
84.9405
83.8317
87.827
88.9985
90.6251
91.8328
92.543
93.0968
93.4643
93.812
94.2068
94.5432
94.8235
94.876
95.0042
95.3478
95.5115
95.3672
95.5971
95.5309
95.231
95.2319
95.4779
95.5817
95.5121
95.6638
95.6427
95.6843
95.7498
95.7827
95.8315
95.8688
95.9646
96.055
96.1237
96.1824
96.0086
96.1567
96.2404
96.1461
95.995
95.7447
95.5213
95.5525
95.4336
95.3829
95.3943
95.2886
95.1903
95.0356
94.9571
95.0265
95.1671
95.1936
95.1802
95.1915
95.1619
94.1812
94.4348
94.9326
94.9097
94.9161
94.8104
94.5153
93.5549
93.6019
93.5509
93.89
93.7561
93.6856
93.5214
93.2801
92.2356
83.6135
90.6386
91.8442
91.5764
91.0262
90.5237
89.8269
89.3354
88.7702
88.3478
87.7759
85.8383
85.3245
85.4343
84.7968
85.1071
85.1388
84.7712
83.5609
82.1629
82.7994
82.0997
80.9535
81.5553
80.8846
80.0456
79.2508
78.1755
74.0097
71.8779
71.5829
69.2539
68.1726
69.1601
66.8444
54.2316
40.2838
62.8889
61.7964
47.973
70.7394
75.4411
74.4544
72.6153
68.478
57.5725
39.027
38.6544
39.0824
42.6812
42.8399
46.2875
49.3683
49.3237
52.063
51.5145
53.6422
55.7766
55.8832
57.6813
59.1616
57.5966
57.4216
56.7385
48.1727
33.9167
29.9963
35.4046
45.5582
44.3775
49.8511
60.3575
67.754
71.0182
70.6342
70.393
71.7775
73.1445
72.4449
73.4
75.519
77.0318
78.3321
79.6445
80.4817
81.439
81.5316
80.7304
78.3597
78.6445
81.6774
82.7026
83.6482
84.0936
83.4368
82.1749
81.1655
80.0706
76.9999
73.2609
70.0332
45.4424
9.57507
0.56099
0.0351756
0.610373
1.52537
0.654068
1.17819
2.14698
3.51217
8.49219
17.2239
26.478
36.5648
35.9681
44.3887
53.2103
63.682
67.6492
62.5171
61.9465
67.2791
72.9791
80.3391
84.1697
84.9963
86.8823
87.7501
88.351
88.7071
88.9808
89.114
89.5199
89.7871
89.9417
89.7007
89.1295
89.6325
90.3432
90.713
90.5688
90.2013
90.5333
91.0664
91.4672
91.5016
91.2211
91.0497
91.078
91.2223
91.1046
90.8257
90.7328
90.4582
90.4323
90.2615
89.8097
88.9538
88.0075
86.5997
84.8609
83.5742
83.5095
84.5738
85.3374
85.5195
84.2008
83.9317
82.4318
80
77.5823
70.2154
52.6866
33.7528
18.8217
7.36307
2.63489
0.711855
0.0670573
0.0331585
0.0873725
0.171377
0.233652
0.0960646
0.570107
1.8554
2.12879
0.707256
0.126919
0.561857
1.18769
3.0991
6.79237
12.1232
21.6257
31.2078
28.2112
30.7098
45.7832
60.9879
70.2188
75.1831
74.25
64.4024
34.574
34.3825
39.1312
56.1262
71.8322
77.1608
76.8636
72.1547
61.3519
61.038
62.3663
67.6621
74.4544
76.63
77.1169
77.1357
77.6014
77.8279
77.5936
77.6934
77.9274
77.923
77.9528
76.9361
76.266
75.3117
74.1046
74.2745
73.6644
72.2372
72.6291
71.2037
70.0899
70.0548
69.3434
68.1636
66.2098
64.6429
62.3954
60.118
58.2638
55.6872
53.5427
50.3392
47.8508
44.7886
41.0275
35.0664
30.8681
28.4182
28.1368
33.5974
37.6305
35.9689
32.8819
29.1211
25.5184
28.1713
27.6849
22.4387
22.0108
20.5099
20.8062
20.6605
19.0986
15.467
17.0626
18.4579
14.7152
15.7478
14.8693
9.03468
16.4195
16.2392
14.3978
SNR of Background Average
27.9778
41.6759
45.943
48.7579
52.2724
55.1419
57.2576
59.216
57.2087
65.0078
67.5194
71.2789
74.2664
76.1089
77.606
78.617
79.5581
80.6363
81.5857
82.4157
82.5853
82.9678
84.0083
84.5419
84.1622
84.9359
84.8638
84.1514
84.3609
85.3001
85.816
85.7831
86.3201
86.333
86.5161
86.7466
86.8481
86.9406
86.9492
87.0825
87.1997
87.2964
87.4118
86.8478
87.2357
87.4388
87.1162
86.6212
85.8168
85.0898
85.1285
84.7386
84.5623
84.5578
84.1849
83.8165
83.2842
82.9851
83.114
83.4627
83.4904
83.4278
83.4687
83.5732
81.4501
83.2632
85.66
86.3543
87.2161
87.7047
87.728
86.5394
87.2191
87.6944
88.7858
88.9938
89.231
89.1998
88.9659
87.4675
75.3335
85.3915
87.2696
86.967
86.2261
85.5517
84.6027
83.9523
83.2074
82.663
81.922
79.3582
78.7224
78.9202
78.1285
78.5913
78.6755
78.2178
76.6681
74.9127
75.7712
74.8637
73.4202
74.2477
73.4761
72.4487
71.4441
70.0906
65.0774
62.566
62.1922
59.5129
58.2691
59.3359
56.7388
43.5698
30.4826
52.2314
50.9279
35.6827
56.0361
61.4685
60.0967
57.7094
52.8711
42.061
26.9509
27.1896
27.8025
30.7935
31.0254
34.0173
36.7684
36.8009
39.2772
38.8036
40.7831
42.7733
42.7415
44.1527
45.2018
43.3848
43.0734
42.4203
34.7746
23.3187
20.2296
23.9665
31.5643
30.3187
34.4176
43.5512
51.0406
55.036
55.3162
55.789
57.9044
59.8384
59.4149
61.0172
63.8701
65.7017
67.0394
68.3726
69.1851
70.3222
70.3649
69.1964
65.9323
66.2043
70.2817
71.701
72.8922
73.2224
71.8572
69.5142
67.284
64.6627
59.3274
53.5783
49.1995
27.0071
5.05648
0.303662
0.0317959
0.340225
0.692552
0.283221
0.520334
0.801524
1.31066
3.15747
6.40515
9.89232
14.0093
13.5298
17.2243
21.771
28.6462
31.8943
27.8519
27.4765
32.0906
38.4339
48.6225
55.4394
57.4094
61.5627
63.8386
65.621
66.9344
68.093
68.9019
70.2412
71.1972
71.913
71.8976
71.2514
72.7598
74.5087
75.5576
75.6311
75.3394
76.4527
77.8167
78.8511
79.1583
78.8617
78.7968
79.0411
79.4581
79.3305
78.8743
78.7735
78.2018
78.0427
77.5825
76.7494
75.4699
74.3765
72.8266
71.0669
69.5673
68.4748
68.4529
68.3998
68.2071
65.9965
65.4021
62.242
57.4224
53.0323
43.3798
27.4532
14.9481
7.32821
2.54341
0.801373
0.203663
0.0197881
0.0100775
0.0245203
0.0465986
0.064094
0.0252912
0.136953
0.445931
0.518827
0.175283
0.0327519
0.13954
0.29206
0.740508
1.62582
2.9186
5.34438
8.08937
7.2957
8.22059
13.7106
21.4036
28.2862
33.4236
33.1011
25.4872
10.9944
11.0654
13.0043
21.2722
32.9551
38.9055
38.836
34.0228
25.4925
25.3965
26.3981
30.5279
37.0484
39.6489
40.4227
40.6888
41.4386
41.8355
41.7228
42.0668
42.5629
42.6238
42.7752
41.7015
41.14
40.2345
39.0644
39.4592
39.1048
37.79
38.4881
37.2341
36.2751
36.3275
35.701
34.6738
33.0316
31.688
29.791
27.9771
26.5464
24.6617
23.2603
21.5874
20.4118
19.0042
17.4357
15.2444
14.2619
13.5358
13.1563
13.9975
15.0339
13.9768
12.5154
11.054
9.72949
10.3928
9.82131
7.50882
7.1553
6.68194
6.70782
6.50088
5.62721
4.26899
4.68334
5.06513
3.9181
4.01218
3.71111
2.12538
3.84223
3.77111
3.27512
SNR of Target
60.7204
73.9895
77.1711
79.0416
81.2061
82.8312
83.9419
84.9405
83.8317
87.827
88.9985
90.6251
91.8328
92.543
93.0968
93.4643
93.812
94.2068
94.5432
94.8235
94.876
95.0042
95.3478
95.5115
95.3672
95.5971
95.5309
95.231
95.2319
95.4779
95.5817
95.5121
95.6638
95.6427
95.6843
95.7498
95.7827
95.8315
95.8688
95.9646
96.055
96.1237
96.1824
96.0086
96.1567
96.2404
96.1461
95.995
95.7447
95.5213
95.5525
95.4336
95.3829
95.3943
95.2886
95.1903
95.0356
94.9571
95.0265
95.1671
95.1936
95.1802
95.1915
95.1619
94.1812
94.4348
94.9326
94.9097
94.9161
94.8104
94.5153
93.5549
93.6019
93.5509
93.89
93.7561
93.6856
93.5214
93.2801
92.2356
83.6135
90.6386
91.8442
91.5764
91.0262
90.5237
89.8269
89.3354
88.7702
88.3478
87.7759
85.8383
85.3245
85.4343
84.7968
85.1071
85.1388
84.7712
83.5609
82.1629
82.7994
82.0997
80.9535
81.5553
80.8846
80.0456
79.2508
78.1755
74.0097
71.8779
71.5829
69.2539
68.1726
69.1601
66.8444
54.2316
40.2838
62.8889
61.7964
47.973
70.7394
75.4411
74.4544
72.6153
68.478
57.5725
39.027
38.6544
39.0824
42.6812
42.8399
46.2875
49.3683
49.3237
52.063
51.5145
53.6422
55.7766
55.8832
57.6813
59.1616
57.5966
57.4216
56.7385
48.1727
33.9167
29.9963
35.4046
45.5582
44.3775
49.8511
60.3575
67.754
71.0182
70.6342
70.393
71.7775
73.1445
72.4449
73.4
75.519
77.0318
78.3321
79.6445
80.4817
81.439
81.5316
80.7304
78.3597
78.6445
81.6774
82.7026
83.6482
84.0936
83.4368
82.1749
81.1655
80.0706
76.9999
73.2609
70.0332
45.4424
9.57507
0.56099
0.0351756
0.610373
1.52537
0.654068
1.17819
2.14698
3.51217
8.49219
17.2239
26.478
36.5648
35.9681
44.3887
53.2103
63.682
67.6492
62.5171
61.9465
67.2791
72.9791
80.3391
84.1697
84.9963
86.8823
87.7501
88.351
88.7071
88.9808
89.114
89.5199
89.7871
89.9417
89.7007
89.1295
89.6325
90.3432
90.713
90.5688
90.2013
90.5333
91.0664
91.4672
91.5016
91.2211
91.0497
91.078
91.2223
91.1046
90.8257
90.7328
90.4582
90.4323
90.2615
89.8097
88.9538
88.0075
86.5997
84.8609
83.5742
83.5095
84.5738
85.3374
85.5195
84.2008
83.9317
82.4318
80
77.5823
70.2154
52.6866
33.7528
18.8217
7.36307
2.63489
0.711855
0.0670573
0.0331585
0.0873725
0.171377
0.233652
0.0960646
0.570107
1.8554
2.12879
0.707256
0.126919
0.561857
1.18769
3.0991
6.79237
12.1232
21.6257
31.2078
28.2112
30.7098
45.7832
60.9879
70.2188
75.1831
74.25
64.4024
34.574
34.3825
39.1312
56.1262
71.8322
77.1608
76.8636
72.1547
61.3519
61.038
62.3663
67.6621
74.4544
76.63
77.1169
77.1357
77.6014
77.8279
77.5936
77.6934
77.9274
77.923
77.9528
76.9361
76.266
75.3117
74.1046
74.2745
73.6644
72.2372
72.6291
71.2037
70.0899
70.0548
69.3434
68.1636
66.2098
64.6429
62.3954
60.118
58.2638
55.6872
53.5427
50.3392
47.8508
44.7886
41.0275
35.0664
30.8681
28.4182
28.1368
33.5974
37.6305
35.9689
32.8819
29.1211
25.5184
28.1713
27.6849
22.4387
22.0108
20.5099
20.8062
20.6605
19.0986
15.467
17.0626
18.4579
14.7152
15.7478
14.8693
9.03468
16.4195
16.2392
14.3978
