SNR of Background 1
24.4129
24.4534
24.453
24.4893
24.5794
24.6835
24.7487
24.7642
24.7312
24.6845
24.6664
24.6448
24.6054
24.5697
24.5446
24.5559
24.6317
24.8455
24.9046
24.9439
24.9673
24.9616
24.9722
24.9732
24.9715
24.9636
24.9672
24.9736
24.9739
24.975
24.9777
24.9716
24.949
24.9418
24.7501
24.8047
24.9341
24.9634
24.9707
24.9706
24.972
24.9723
24.969
24.969
24.9642
24.9349
24.5751
23.7615
24.5295
24.8729
24.9247
24.9304
24.9288
24.9422
24.9494
24.9518
24.9451
24.9381
24.9438
24.9282
24.8817
24.6844
6.90628e-005
0.00525888
0.0821251
0.621922
5.30155
11.4684
13.7951
22.4877
24.2479
24.5608
24.6862
24.7411
24.7676
24.7466
24.7713
24.7782
24.7938
24.807
24.7969
24.7916
24.7879
24.7703
24.7568
24.7378
24.7024
24.6358
24.5509
24.4768
24.2104
23.3497
19.7128
6.76477
0.150979
10.4221
15.8329
10.0439
20.431
21.4388
21.0555
22.9743
23.3137
23.462
23.5709
23.4658
23.4088
23.3092
23.4597
23.3271
23.2119
22.8039
22.4437
21.5995
20.6017
19.1736
16.4924
14.8086
11.6521
10.5239
6.59958
7.36011
3.84326
1.64863
0.0817443
0.0258634
SNR of Background 2
24.4633
24.5122
24.5287
24.5775
24.658
24.7411
24.793
24.8061
24.7884
24.7646
24.7614
24.7594
24.7425
24.7255
24.7071
24.7099
24.7398
24.8666
24.9016
24.9304
24.9567
24.9476
24.9606
24.9622
24.9602
24.949
24.9531
24.9622
24.9626
24.9644
24.9685
24.9608
24.9299
24.9216
24.6502
24.7142
24.9075
24.9502
24.9605
24.9602
24.962
24.9622
24.9578
24.9582
24.9526
24.9161
24.4388
23.3056
24.3488
24.834
24.9072
24.9162
24.9144
24.9304
24.9389
24.942
24.9342
24.9257
24.9336
24.9169
24.8666
24.6498
6.90628e-005
0.00525888
0.0821251
0.536157
5.13077
11.7274
14.2397
22.7952
24.3786
24.6383
24.7384
24.781
24.8011
24.7815
24.8012
24.8062
24.8178
24.8285
24.8211
24.8189
24.8171
24.8026
24.7918
24.7778
24.7516
24.6999
24.6319
24.5723
24.3572
23.6338
20.366
7.35815
0.150979
9.45036
15.5365
7.68268
20.6376
21.8785
21.3974
23.2011
23.5271
23.6685
23.7874
23.6994
23.6345
23.5009
23.5798
23.3987
23.2037
22.6991
22.2631
21.1673
19.6353
17.038
10.8855
6.25793
1.7163
0.615449
0.417536
0.438483
0.270815
0.229423
0.0818035
0.0258638
SNR of Background 3
24.7964
24.8159
24.8245
24.8344
24.8434
24.8506
24.862
24.8648
24.8633
24.8603
24.8657
24.8697
24.8658
24.8663
24.8733
24.8817
24.8601
24.8694
24.8536
24.8592
24.9022
24.8709
24.9038
24.9054
24.8971
24.8636
24.8768
24.9022
24.903
24.9074
24.9183
24.8916
24.7909
24.7707
23.8478
24.118
24.7404
24.8634
24.892
24.8896
24.8947
24.8945
24.8794
24.8788
24.8595
24.7342
22.8606
19.6258
22.8554
24.5133
24.7414
24.7694
24.7654
24.812
24.8358
24.8433
24.8182
24.7911
24.8156
24.7678
24.6393
24.1749
7.37329e-005
0.0210244
0.698255
3.09313
11.5003
17.6253
18.1279
23.5291
24.5043
24.6756
24.7435
24.7671
24.771
24.7286
24.7372
24.7298
24.7338
24.7413
24.7226
24.7149
24.7122
24.688
24.6694
24.6464
24.6059
24.5276
24.4364
24.3773
24.1129
23.2768
20.1549
8.68738
5.77514
22.016
23.5819
21.1372
24.0808
24.2072
23.9748
24.4211
24.4756
24.4944
24.5034
24.4315
24.373
24.2987
24.3457
24.3089
24.3057
24.2149
24.1418
23.9292
23.7174
23.3801
22.7577
22.3564
20.7884
20.5611
17.1318
17.3718
12.2478
9.51571
1.81996
0.958953
SNR of Background Average
24.5147
24.5551
24.5651
24.5995
24.6635
24.7353
24.7843
24.7965
24.7763
24.7488
24.7434
24.7374
24.7169
24.6996
24.6883
24.697
24.721
24.8571
24.8999
24.9349
24.9608
24.9532
24.9656
24.9669
24.9649
24.955
24.9593
24.9672
24.9676
24.9689
24.9724
24.9651
24.9373
24.929
24.6873
24.7522
24.9184
24.9553
24.9644
24.9642
24.9658
24.9661
24.9621
24.9622
24.9566
24.9218
24.476
23.449
24.4115
24.8466
24.9116
24.9191
24.9173
24.9329
24.9412
24.944
24.9363
24.9281
24.9352
24.9179
24.8663
24.6472
6.97453e-005
0.00692195
0.156141
0.838711
5.94613
12.407
14.5321
22.7582
24.3364
24.6078
24.7151
24.7611
24.7825
24.7602
24.7815
24.7866
24.7997
24.8115
24.8021
24.7981
24.7954
24.7787
24.7661
24.7491
24.7175
24.6567
24.5787
24.5119
24.2679
23.468
20.0327
7.20215
1.30977
12.7651
18.0341
11.4969
21.5021
22.3098
21.8656
23.3907
23.6481
23.7586
23.8437
23.7437
23.6763
23.5625
23.6658
23.5365
23.4239
23.0608
22.7488
21.9776
21.0256
19.5413
16.4269
14.2143
10.3491
9.3318
5.91988
6.38496
3.47916
1.97141
0.309909
0.119893
SNR of Target
24.8348
24.8535
24.8625
24.8709
24.8769
24.8801
24.8852
24.8823
24.8757
24.8687
24.8702
24.872
24.8675
24.8685
24.8763
24.8854
24.8652
24.8746
24.86
24.8667
24.9094
24.8843
24.9157
24.9185
24.913
24.8871
24.899
24.9201
24.9214
24.9256
24.9343
24.9153
24.8426
24.8296
24.1875
24.3841
24.8135
24.9006
24.9215
24.9202
24.9238
24.9242
24.9144
24.9145
24.9021
24.821
23.6552
21.4754
23.6762
24.6906
24.8315
24.8492
24.8465
24.8756
24.8906
24.8956
24.8801
24.8636
24.8794
24.8502
24.7719
24.4993
7.78037e-005
0.0301683
0.992265
4.26178
14.5358
20.1633
20.6515
24.1652
24.7092
24.8054
24.8442
24.8579
24.8605
24.8369
24.8422
24.8383
24.8406
24.8449
24.8347
24.8304
24.8285
24.8148
24.8037
24.7899
24.7669
24.7237
24.6742
24.6431
24.5017
24.0486
22.1652
11.5672
7.86259
23.1969
24.1553
22.6952
24.4641
24.5428
24.4302
24.6756
24.7075
24.7153
24.7183
24.6805
24.652
24.6143
24.6395
24.6136
24.5903
24.5177
24.4712
24.353
24.2405
24.0461
23.6568
23.4054
22.4194
22.2625
19.8088
20.0335
15.4803
12.7464
3.02673
1.02688
