L of Background 1
0.869826
1.33775
1.44198
1.48374
1.60813
1.64889
1.6176
1.59007
1.33006
1.67155
1.69804
1.8617
1.97585
2.02859
2.09069
2.08446
2.08091
2.07428
2.09664
2.10056
2.01913
1.968
2.02856
2.03107
1.98522
2.1132
2.21337
2.16812
2.30677
2.56048
2.77957
2.84335
2.99182
3.00102
3.07273
3.11997
3.08719
3.03511
2.91064
2.76942
2.67866
2.59126
2.53192
2.21771
2.23449
2.26507
2.28003
2.24697
2.13283
2.08285
2.07014
1.98767
1.96099
1.95953
1.91719
1.81812
1.70071
1.63836
1.64787
1.66737
1.63603
1.60962
1.60392
1.69
1.71042
2.23918
3.06448
3.5562
4.37665
5.14416
5.27485
4.53382
5.24335
5.68038
7.43724
8.4338
9.32334
9.81701
9.99503
9.02317
4.42359
8.39014
10.176
10.3726
10.3588
10.0657
9.56959
9.59329
9.49487
9.67533
9.03727
6.94133
7.36067
7.66281
7.83134
8.4068
9.14383
9.36216
9.13498
8.56093
9.29248
9.14337
8.76177
9.10699
9.05131
8.86973
8.68757
8.0898
5.81193
5.43385
5.66388
5.04059
4.77957
5.90698
5.13984
2.21368
0.902168
1.70237
1.75116
2.12539
2.93637
4.32716
4.51717
5.10019
6.02196
6.513
6.73788
6.78168
6.91078
6.85935
6.83771
6.81506
6.75484
6.6864
6.60095
6.4553
6.30389
6.14045
5.99512
5.64186
5.28435
4.74378
3.9563
3.27176
1.91625
0.698648
0.451708
0.58272
0.986447
0.823499
1.03874
1.73733
2.46924
3.0016
3.28887
3.21982
3.36157
3.55001
3.3859
3.55323
3.63227
3.89636
4.01055
4.16359
4.22291
4.16714
4.05313
3.79591
3.34012
3.26247
3.58197
3.62832
3.57096
3.26709
2.90373
2.48078
2.1198
1.75011
1.24732
0.830101
0.589888
0.134527
0.00626413
4.26986e-005
1.32252e-007
5.51492e-006
9.86716e-006
1.58413e-006
3.02579e-006
7.91122e-006
3.01075e-005
0.000512792
0.00293495
0.00871288
0.0206495
0.0218382
0.032959
0.0554981
0.101239
0.132741
0.0947978
0.0931511
0.125842
0.201696
0.371542
0.547469
0.631876
0.750313
0.825751
0.933858
1.00091
1.06909
1.11718
1.15574
1.17538
1.19353
1.17759
1.14363
1.19503
1.23737
1.25647
1.24421
1.23569
1.28211
1.33846
1.36996
1.37566
1.35077
1.33936
1.35043
1.36847
1.35688
1.32844
1.31747
1.27956
1.25185
1.20176
1.15469
1.09705
1.05884
1.00299
0.945516
0.92008
0.844107
0.793873
0.76623
0.724891
0.624889
0.551307
0.443567
0.325375
0.22742
0.12143
0.047096
0.0097132
0.00201994
0.000187755
8.96688e-006
2.9665e-007
8.89847e-009
1.55486e-009
4.58648e-009
1.52801e-008
3.67956e-008
1.39447e-007
1.33861e-007
4.29338e-007
6.05282e-007
1.72964e-007
1.30241e-008
7.25646e-008
3.28154e-007
4.55433e-006
2.87941e-005
0.000139472
0.000703166
0.00226733
0.00298688
0.00576846
0.0173927
0.0364072
0.0590987
0.0864083
0.0914635
0.0705789
0.0341047
0.0384054
0.0435404
0.0730641
0.12638
0.165521
0.172796
0.151822
0.11095
0.111535
0.116714
0.13637
0.173941
0.19353
0.205057
0.204719
0.211947
0.21817
0.219197
0.22368
0.229599
0.234648
0.237673
0.225273
0.22225
0.219746
0.21251
0.219276
0.223285
0.205585
0.222406
0.216888
0.212743
0.219426
0.227685
0.229746
0.229671
0.221619
0.212129
0.204212
0.195373
0.182045
0.173983
0.166389
0.160228
0.15438
0.147603
0.13752
0.134978
0.128568
0.118984
0.106306
0.105051
0.0902881
0.075673
0.0662069
0.0592155
0.0607254
0.0547845
0.0360792
0.029424
0.0287758
0.0295192
0.0272914
0.0185607
0.00981503
0.0121949
0.0143842
0.00950301
0.00880336
0.00748476
0.0019303
0.00460346
0.00431043
0.00257625
L of Background 2
15.242
23.4452
25.1265
25.3692
26.8425
26.8139
25.5723
24.5964
20.4047
25.7714
26.4008
29.0372
30.8262
31.6069
32.3899
32.1993
32.3441
32.5931
33.1442
33.1033
31.6593
30.8234
31.6613
31.2893
29.9691
31.0471
31.1103
28.7558
28.7122
29.786
30.3112
29.5335
30.1338
29.585
29.7207
29.7696
29.3614
29.2268
28.8211
28.6129
28.9705
28.998
28.8873
25.6555
26.3293
27.1396
27.6575
27.6022
26.6513
26.5387
26.8189
26.0514
25.903
26.1667
26.0745
25.3276
24.2663
23.8684
24.5859
25.453
25.4055
25.1712
25.0055
24.6669
20.6062
20.52
21.65
21.3668
22.0659
22.4728
20.4279
15.4225
16.246
16.0374
19.3696
20.4437
21.3265
21.6139
21.4861
19.0534
9.09496
16.9917
20.3276
20.458
20.2585
19.5469
18.4654
18.4093
18.1149
18.3703
17.0577
12.9954
13.7156
14.2095
14.4493
15.4358
16.7339
17.0921
16.6238
15.5137
16.7843
16.523
15.8124
16.3527
16.1552
15.7984
15.4877
14.4417
10.3679
9.70551
10.135
9.02777
8.56925
10.6166
9.23588
3.97327
1.6284
3.10206
3.21752
3.93605
5.47329
8.12844
8.53874
9.71062
11.5174
12.3129
12.3409
12.0197
12.0451
11.8951
11.7898
11.6839
11.5288
11.3707
11.2056
10.9464
10.6666
10.3862
10.1984
9.72282
9.26038
8.42691
7.07308
5.85225
3.42651
1.25521
0.824613
1.08257
1.86577
1.5829
2.04204
3.46101
4.92893
5.898
6.2654
5.93994
6.05942
6.3089
5.91407
6.08073
6.13541
6.59469
6.88592
7.27649
7.48702
7.4479
7.27372
6.83467
6.04325
5.9297
6.51694
6.60763
6.55693
6.09858
5.53347
4.85049
4.30574
3.73797
2.80788
1.96515
1.43628
0.332774
0.015651
0.000106769
2.71011e-007
1.26949e-005
2.81587e-005
4.5592e-006
8.71416e-006
3.34313e-005
0.000132164
0.00249914
0.0151478
0.0477105
0.118696
0.130179
0.205924
0.356569
0.6554
0.856058
0.608441
0.594064
0.770016
1.14006
1.95733
2.77145
3.10543
3.57652
3.81964
4.18809
4.33747
4.47174
4.52004
4.54959
4.52344
4.48447
4.26987
3.98345
4.05489
4.15457
4.16009
4.0075
3.84188
3.8841
4.00306
4.05766
4.00681
3.84274
3.72766
3.70973
3.73019
3.66581
3.55562
3.50313
3.40269
3.35262
3.24182
3.09666
2.8655
2.65045
2.37566
2.10211
1.98906
1.9192
1.97579
2.05125
1.99538
1.71501
1.52303
1.26966
0.985789
0.72355
0.402427
0.161381
0.0366563
0.0085443
0.00092754
4.99414e-005
1.87332e-006
4.67566e-008
3.52384e-009
1.21757e-008
6.02004e-008
9.83654e-008
1.6277e-007
8.6528e-007
5.13725e-006
6.95117e-006
1.69192e-006
7.8159e-008
5.02567e-007
3.71513e-006
8.88236e-005
0.000615434
0.00330553
0.0172404
0.052972
0.0648095
0.107651
0.286352
0.536495
0.787517
1.0513
1.02039
0.722507
0.324944
0.35081
0.389262
0.63657
1.0687
1.35853
1.37872
1.18141
0.841691
0.833445
0.863106
1.00036
1.26657
1.39242
1.45123
1.41785
1.44633
1.4748
1.45868
1.46148
1.47614
1.50034
1.5058
1.40335
1.35552
1.31664
1.25285
1.27154
1.26247
1.14339
1.20858
1.15843
1.12298
1.15023
1.18784
1.19118
1.18093
1.1412
1.10175
1.07082
1.03591
0.981127
0.942213
0.875667
0.818505
0.761758
0.689453
0.571461
0.477336
0.421052
0.402215
0.477747
0.544202
0.490115
0.417583
0.353607
0.302978
0.344853
0.341316
0.250183
0.220992
0.211769
0.224752
0.221856
0.185361
0.120163
0.156861
0.188122
0.135549
0.160078
0.14831
0.0511435
0.148178
0.144646
0.0994372
L of Background Average
4.90378
7.54859
8.1016
8.20672
8.71775
8.74609
8.38112
8.09258
6.72688
8.49667
8.70045
9.57318
10.1696
10.4366
10.7119
10.6612
10.7073
10.7811
10.9616
10.9605
10.4968
10.2283
10.518
10.4202
10.0188
10.4279
10.5217
9.81854
9.91197
10.4098
10.7246
10.552
10.8371
10.6921
10.787
10.8384
10.7012
10.6292
10.427
10.272
10.3129
10.26
10.19
9.04682
9.25764
9.50879
9.66637
9.62918
9.27411
9.20843
9.28361
9.00677
8.94772
9.02411
8.96902
8.68688
8.30148
8.14005
8.35455
8.62075
8.58624
8.50113
8.45086
8.4161
7.26084
7.6175
8.53361
8.8012
9.58737
10.2505
9.74879
7.7653
8.50882
8.7558
10.9743
11.9931
12.8808
13.3146
13.4031
12
5.81752
10.9477
13.191
13.3683
13.2998
12.8837
12.2149
12.2152
12.0591
12.2615
11.4244
8.74743
9.25519
9.6143
9.80398
10.5012
11.4038
11.6635
11.3646
10.6311
11.5233
11.3409
10.8616
11.2651
11.1675
10.9339
10.7138
9.98338
7.17295
6.71009
6.99947
6.23228
5.91245
7.31323
6.36364
2.74069
1.11993
2.12187
2.19064
2.6679
3.6958
5.46328
5.71896
6.47696
7.66138
8.2427
8.40917
8.34461
8.44303
8.36226
8.3158
8.26842
8.17994
8.08486
7.97575
7.79633
7.60668
7.40844
7.25052
6.86085
6.47214
5.84439
4.88828
4.04387
2.3686
0.865528
0.563545
0.732585
1.25001
1.05119
1.3395
2.25363
3.20534
3.86792
4.17897
4.03346
4.16858
4.37525
4.14226
4.3094
4.38123
4.70356
4.87049
5.0943
5.19862
5.14781
5.01588
4.70447
4.14861
4.06026
4.45961
4.5191
4.4638
4.11393
3.69041
3.18985
2.77403
2.34526
1.71477
1.17032
0.843618
0.19398
0.00907998
6.19194e-005
1.7388e-007
7.66898e-006
1.53548e-005
2.47667e-006
4.73227e-006
1.55668e-005
6.07241e-005
0.00110867
0.00659851
0.020411
0.0500596
0.0543358
0.0848388
0.145796
0.267415
0.349615
0.248826
0.243351
0.319
0.482996
0.846536
1.21301
1.37178
1.59541
1.72081
1.90647
1.99798
2.08581
2.13395
2.16986
2.17589
2.17704
2.10189
1.99265
2.05004
2.10948
2.12454
2.07049
2.01512
2.06028
2.13532
2.17373
2.16258
2.09612
2.05379
2.05625
2.07506
2.0477
1.99482
1.97145
1.91487
1.88051
1.81231
1.73595
1.62644
1.53537
1.41408
1.29199
1.24031
1.16614
1.14785
1.15105
1.10538
0.951447
0.842478
0.691169
0.523377
0.376187
0.205704
0.0813749
0.0177954
0.00397717
0.000409689
2.12592e-005
7.69651e-007
2.02559e-008
2.14557e-009
6.8633e-009
2.87557e-008
5.52659e-008
1.46443e-007
3.53289e-007
1.8417e-006
2.509e-006
6.28628e-007
3.2564e-008
2.01567e-007
1.34423e-006
2.98342e-005
0.000204786
0.00108928
0.00566423
0.0174775
0.0215321
0.0363286
0.0980559
0.186357
0.277449
0.375526
0.369821
0.266001
0.121317
0.132086
0.147211
0.241975
0.408708
0.522855
0.533975
0.460225
0.329912
0.327856
0.340363
0.395215
0.501213
0.552574
0.578234
0.568049
0.581627
0.594484
0.590369
0.594351
0.602878
0.613635
0.61738
0.578075
0.561664
0.54827
0.524115
0.534454
0.534555
0.486509
0.517809
0.498948
0.485436
0.498264
0.515298
0.517743
0.514616
0.497073
0.478614
0.463817
0.447185
0.421446
0.40415
0.378913
0.357485
0.336397
0.309999
0.267598
0.237616
0.216267
0.203915
0.217665
0.236696
0.210153
0.178185
0.152383
0.132312
0.14592
0.1407
0.100287
0.0868793
0.0836597
0.0880726
0.0856441
0.0685877
0.0429156
0.055586
0.0664927
0.0473109
0.0541739
0.0497209
0.0166934
0.0476667
0.0464027
0.0316309
L of Target
15.242
23.4452
25.1265
25.3692
26.8425
26.8139
25.5723
24.5964
20.4047
25.7714
26.4008
29.0372
30.8262
31.6069
32.3899
32.1993
32.3441
32.5931
33.1442
33.1033
31.6593
30.8234
31.6613
31.2893
29.9691
31.0471
31.1103
28.7558
28.7122
29.786
30.3112
29.5335
30.1338
29.585
29.7207
29.7696
29.3614
29.2268
28.8211
28.6129
28.9705
28.998
28.8873
25.6555
26.3293
27.1396
27.6575
27.6022
26.6513
26.5387
26.8189
26.0514
25.903
26.1667
26.0745
25.3276
24.2663
23.8684
24.5859
25.453
25.4055
25.1712
25.0055
24.6669
20.6062
20.52
21.65
21.3668
22.0659
22.4728
20.4279
15.4225
16.246
16.0374
19.3696
20.4437
21.3265
21.6139
21.4861
19.0534
9.09496
16.9917
20.3276
20.458
20.2585
19.5469
18.4654
18.4093
18.1149
18.3703
17.0577
12.9954
13.7156
14.2095
14.4493
15.4358
16.7339
17.0921
16.6238
15.5137
16.7843
16.523
15.8124
16.3527
16.1552
15.7984
15.4877
14.4417
10.3679
9.70551
10.135
9.02777
8.56925
10.6166
9.23588
3.97327
1.6284
3.10206
3.21752
3.93605
5.47329
8.12844
8.53874
9.71062
11.5174
12.3129
12.3409
12.0197
12.0451
11.8951
11.7898
11.6839
11.5288
11.3707
11.2056
10.9464
10.6666
10.3862
10.1984
9.72282
9.26038
8.42691
7.07308
5.85225
3.42651
1.25521
0.824613
1.08257
1.86577
1.5829
2.04204
3.46101
4.92893
5.898
6.2654
5.93994
6.05942
6.3089
5.91407
6.08073
6.13541
6.59469
6.88592
7.27649
7.48702
7.4479
7.27372
6.83467
6.04325
5.9297
6.51694
6.60763
6.55693
6.09858
5.53347
4.85049
4.30574
3.73797
2.80788
1.96515
1.43628
0.332774
0.015651
0.000106769
2.71011e-007
1.26949e-005
2.81587e-005
4.5592e-006
8.71416e-006
3.34313e-005
0.000132164
0.00249914
0.0151478
0.0477105
0.118696
0.130179
0.205924
0.356569
0.6554
0.856058
0.608441
0.594064
0.770016
1.14006
1.95733
2.77145
3.10543
3.57652
3.81964
4.18809
4.33747
4.47174
4.52004
4.54959
4.52344
4.48447
4.26987
3.98345
4.05489
4.15457
4.16009
4.0075
3.84188
3.8841
4.00306
4.05766
4.00681
3.84274
3.72766
3.70973
3.73019
3.66581
3.55562
3.50313
3.40269
3.35262
3.24182
3.09666
2.8655
2.65045
2.37566
2.10211
1.98906
1.9192
1.97579
2.05125
1.99538
1.71501
1.52303
1.26966
0.985789
0.72355
0.402427
0.161381
0.0366563
0.0085443
0.00092754
4.99414e-005
1.87332e-006
4.67566e-008
3.52384e-009
1.21757e-008
6.02004e-008
9.83654e-008
1.6277e-007
8.6528e-007
5.13725e-006
6.95117e-006
1.69192e-006
7.8159e-008
5.02567e-007
3.71513e-006
8.88236e-005
0.000615434
0.00330553
0.0172404
0.052972
0.0648095
0.107651
0.286352
0.536495
0.787517
1.0513
1.02039
0.722507
0.324944
0.35081
0.389262
0.63657
1.0687
1.35853
1.37872
1.18141
0.841691
0.833445
0.863106
1.00036
1.26657
1.39242
1.45123
1.41785
1.44633
1.4748
1.45868
1.46148
1.47614
1.50034
1.5058
1.40335
1.35552
1.31664
1.25285
1.27154
1.26247
1.14339
1.20858
1.15843
1.12298
1.15023
1.18784
1.19118
1.18093
1.1412
1.10175
1.07082
1.03591
0.981127
0.942213
0.875667
0.818505
0.761758
0.689453
0.571461
0.477336
0.421052
0.402215
0.477747
0.544202
0.490115
0.417583
0.353607
0.302978
0.344853
0.341316
0.250183
0.220992
0.211769
0.224752
0.221856
0.185361
0.120163
0.156861
0.188122
0.135549
0.160078
0.14831
0.0511435
0.148178
0.144646
0.0994372
