SNR of Background 1
9.10343
15.5424
18.0113
19.9611
22.6167
25.0655
27.125
29.0711
27.504
34.408
36.8088
40.8998
44.5843
47.0459
49.2329
50.7445
52.018
53.4553
54.8656
56.3026
56.6626
57.3124
59.2028
60.4004
59.9626
61.7987
62.5746
62.3596
63.82
66.5858
68.5263
69.2091
70.5751
70.822
71.4311
72.0781
72.3068
72.2988
71.8892
71.3707
70.9656
70.7158
70.5677
68.2012
68.701
69.4269
69.0726
67.9663
66.1623
64.4834
64.2461
63.1958
62.6873
62.5137
61.5349
60.0575
58.1431
57.4675
57.5844
58.027
57.778
57.5237
57.636
59.0346
59.2341
65.6968
72.4784
75.4014
78.8787
81.1071
81.3657
78.6556
80.5469
81.5647
84.8973
86.074
87.0381
87.2542
87.0843
85.4702
73.2627
83.3517
85.4191
85.1629
84.3685
83.393
82.0262
81.3587
80.4421
80.1392
78.6367
73.6195
73.8802
74.2478
73.7088
74.6219
75.7393
75.7122
74.146
72.3212
73.3594
72.4319
70.9138
71.8156
71.002
69.8439
68.6116
66.1893
57.4475
54.7231
54.611
50.4926
47.8687
51.7736
46.8207
26.2509
11.9303
31.7572
30.642
19.6495
36.8953
48.4041
47.8253
47.1372
45.464
36.9443
23.6812
24.1002
24.8309
27.6935
27.9337
30.8759
33.5625
33.6351
36.0003
35.5613
37.4221
39.0816
38.5648
39.0702
39.2535
36.2297
32.9588
29.6234
19.3722
7.77999
5.35331
7.56328
13.2247
11.6265
15.0642
25.094
34.9597
41.8761
44.7728
45.1799
47.6346
50.4759
50.0946
52.9156
55.8287
59.3051
61.3353
63.5946
65.0394
66.3353
66.3618
65.1173
61.8359
61.9468
65.8039
67.0311
67.2892
65.8974
62.7733
58.2294
53.6466
47.8702
37.7268
27.2933
20.4236
4.99716
0.240277
0.00167353
5.29291e-006
0.000225603
0.000411904
6.74699e-005
0.000131441
0.000350426
0.00136148
0.0233576
0.136425
0.413034
0.998875
1.06234
1.63563
2.79372
5.09105
6.75813
4.92941
4.86601
6.65077
10.5861
19.2164
27.8624
31.8114
37.3474
40.9916
45.2816
48.3409
51.3286
53.1804
55.4066
57.0386
58.2423
58.8204
58.8526
60.9396
63.0717
64.5255
65.0702
65.3392
66.955
68.7539
70.2128
70.7744
70.6319
70.8093
71.1648
71.6951
71.5615
71.0863
70.9548
70.234
69.6923
68.5981
67.5118
66.0141
65.0254
63.4143
61.6195
60.4548
57.7066
55.7783
54.4482
53.2478
48.4966
44.6129
38.3946
29.9228
22.1713
12.3862
4.89574
1.01498
0.213183
0.0197703
0.000940684
3.10359e-005
9.3843e-007
1.6333e-007
4.75766e-007
1.58146e-006
3.75862e-006
1.40376e-005
1.34328e-005
4.29294e-005
5.96546e-005
1.69727e-005
1.27772e-006
7.1984e-006
3.25765e-005
0.000452463
0.00288825
0.0139999
0.070621
0.23009
0.302514
0.58285
1.73235
3.60866
5.81488
8.34228
8.81196
6.82334
3.31528
3.75576
4.28242
7.18304
12.3215
16.0408
16.8129
14.8288
10.9958
11.0712
11.5872
13.4787
16.9853
18.7976
19.6738
19.6754
20.4673
21.1507
21.192
21.7212
22.4068
22.7704
23.2011
22.0171
21.6834
21.3941
20.6831
21.2198
21.2913
19.6461
21.0517
20.5031
19.8544
20.1058
20.2658
19.8828
19.2912
18.3291
17.0488
15.8908
14.965
13.7176
12.8733
12.0978
11.5939
10.9525
10.2777
9.38829
9.34071
9.02506
8.47649
7.6899
7.69812
6.71963
5.71924
5.07563
4.49022
4.54655
3.99139
2.60331
2.10057
2.02735
2.05143
1.87112
1.23465
0.643564
0.77319
0.896794
0.572365
0.511226
0.426843
0.106105
0.248437
0.223512
0.131043
SNR of Background 2
63.6672
76.3025
79.2595
80.9778
82.9654
84.4495
85.4542
86.3576
85.3179
88.9815
90.0432
91.5103
92.612
93.2546
93.7523
94.0812
94.3918
94.7439
95.0484
95.3016
95.3443
95.4558
95.7675
95.9141
95.7603
95.9588
95.9149
95.6433
95.6402
95.8614
95.9555
95.8898
96.0224
95.9859
96.0266
96.096
96.1265
96.171
96.1986
96.2601
96.3525
96.4291
96.4709
96.1229
96.2748
96.4525
96.4376
96.3022
96.065
95.8529
95.8778
95.7419
95.6844
95.6987
95.6019
95.4392
95.1923
95.1606
95.2907
95.4715
95.5012
95.4865
95.4932
95.4572
94.5912
94.6054
94.8964
94.8473
94.9547
94.936
94.4146
92.6093
92.7666
92.5858
93.6048
93.7419
93.8864
93.777
93.5449
92.5478
84.9213
91.0211
92.1262
91.8822
91.3446
90.6973
89.8002
89.3315
88.6946
88.452
87.415
83.9309
84.0487
84.2394
83.7959
84.3688
85.1009
85.0515
83.9165
82.5589
83.2563
82.5985
81.477
82.0597
81.3745
80.4844
79.5739
77.7462
70.6526
68.3339
68.2758
64.6136
62.202
65.8556
61.2618
38.9744
19.6439
45.8769
44.7948
32.3984
57.2174
69.2542
68.9169
68.5038
67.0675
57.7523
39.5321
39.1225
39.632
43.3628
43.4967
47.1144
50.2894
50.2553
53.0052
52.4545
54.5342
56.3889
56.0063
57.0098
57.7793
54.8154
51.1199
46.9152
32.4556
13.7233
9.65813
13.7841
23.9598
21.5306
27.9837
44.2371
57.2837
64.3796
66.2757
65.6497
67.2692
69.442
68.5693
70.4716
72.5905
75.4804
77.4217
79.5153
80.8589
81.9143
82.0183
81.2522
79.0719
79.2591
81.9372
82.7629
83.096
82.5349
80.9153
78.3461
75.889
72.5702
64.4263
53.173
43.3829
12.1129
0.599899
0.00418469
1.08462e-005
0.00051932
0.00117548
0.000194181
0.000378543
0.00148083
0.00597649
0.113815
0.703313
2.25299
5.68004
6.25625
10.0023
17.1867
29.9073
37.82
28.8624
28.3787
35.7875
48.2878
66.8591
77.459
80.4354
83.8827
85.5227
87.2291
88.1101
88.8684
89.1586
89.6586
89.9805
90.1238
89.8947
89.3907
89.8552
90.5129
90.8676
90.7454
90.4297
90.7219
91.2281
91.6383
91.6602
91.3606
91.1875
91.1766
91.2898
91.1422
90.8559
90.7293
90.4464
90.3153
89.9634
89.4403
88.429
87.3334
85.6027
83.4121
82.1288
81.4625
82.1773
82.8741
82.7221
79.5787
76.8642
72.4694
64.9759
55.3206
36.5352
16.2029
3.80685
0.900504
0.0976531
0.00523914
0.00019599
4.93094e-006
3.7016e-007
1.26302e-006
6.23066e-006
1.00479e-005
1.63855e-005
8.68299e-005
0.000513671
0.000685083
0.000166025
7.66772e-006
4.98546e-005
0.000368808
0.0088243
0.0617251
0.331592
1.72562
5.31455
6.47107
10.6036
26.1886
43.7854
56.5828
65.7567
64.7748
53.1467
28.7262
30.8641
33.8762
49.4625
66.9711
74.2687
74.8584
70.3627
59.5706
59.3003
60.5327
65.4301
72.6183
75.2858
76.1485
75.5818
76.3161
76.9932
76.646
76.8678
77.3243
77.6315
77.9179
76.0174
75.01
74.1252
72.6385
72.962
72.3464
69.2765
70.8304
69.4532
68.0233
68.23
68.3481
67.5139
66.2245
64.507
62.2571
60.0909
58.3325
55.789
53.6968
50.534
48.0506
44.9583
41.0962
34.7928
30.2617
27.4633
26.6887
31.3226
35.2836
32.7066
28.8501
25.2064
21.6819
24.1033
23.273
17.272
15.1949
14.4076
15.0495
14.67
11.984
7.74611
9.7249
11.4123
8.01917
9.10172
8.2988
2.79533
7.85333
7.37524
5.00336
SNR of Background Average
36.0696
50.9181
55.2169
57.9474
61.2812
63.9297
65.8291
67.5721
65.7154
72.705
74.8839
78.046
80.5329
82.0349
83.2331
84.0368
84.7869
85.6403
86.3944
87.0423
87.1654
87.4562
88.2604
88.6611
88.3073
88.8603
88.8173
88.2316
88.3375
89.007
89.357
89.2898
89.6729
89.6302
89.7678
89.9631
90.0459
90.134
90.1544
90.2359
90.3894
90.5268
90.6052
89.7374
90.0878
90.5011
90.4426
90.0861
89.47
88.9153
88.9537
88.6043
88.4533
88.4718
88.2055
87.7731
87.1383
87.0258
87.3055
87.718
87.769
87.7248
87.7487
87.7614
86.0407
86.6872
87.9958
88.3498
89.105
89.5315
88.9725
86.3206
87.0433
87.2102
89.2402
89.7839
90.2689
90.2761
90.0407
88.6651
78.2752
86.7236
88.3632
88.091
87.3883
86.5354
85.3473
84.7485
83.9314
83.6417
82.3095
77.8584
78.0515
78.341
77.8239
78.5984
79.563
79.5215
78.106
76.4393
77.3466
76.5175
75.1367
75.9125
75.1283
74.0581
72.9392
70.7223
62.49
59.8762
59.7858
55.7687
53.1772
57.0619
52.1508
30.5862
14.3947
36.7068
35.5917
23.817
44.041
56.2964
55.8016
55.203
53.5405
44.2732
28.8062
28.939
29.6007
32.8079
33.0133
36.2464
39.1633
39.197
41.7573
41.2663
43.2529
45.0296
44.5547
45.2757
45.7063
42.6254
39.1108
35.3794
23.5166
9.58853
6.65629
9.4573
16.5604
14.6893
19.1268
31.4689
42.8923
50.2052
52.7796
52.72
54.9024
57.568
56.9349
59.4554
62.1311
65.5036
67.6113
69.9392
71.4417
72.7121
72.7864
71.7082
68.7728
68.9363
72.4579
73.5648
73.8945
72.8644
70.3266
66.4968
62.702
57.7737
47.8633
36.4637
28.157
7.16528
0.348211
0.00242687
6.95891e-006
0.000313721
0.000640986
0.000105484
0.00020557
0.000689529
0.00274598
0.050497
0.306614
0.966495
2.4142
2.63429
4.18601
7.25844
13.136
17.2086
12.6542
12.4394
16.3478
24.0654
39.2232
51.7262
56.2792
62.1436
65.3698
68.9167
71.0169
72.9211
73.8577
75.1736
76.0746
76.6139
76.4966
75.8929
77.0996
78.544
79.4125
79.4341
79.1542
79.9981
81.1365
82.056
82.2569
81.8829
81.7566
81.8636
82.1588
81.9616
81.5082
81.3358
80.8034
80.4844
79.7517
78.8519
77.3409
75.976
73.8781
71.4354
69.9978
68.2573
67.907
67.8789
67.2444
62.6699
58.8728
52.8332
43.8215
34.3706
20.3662
8.38141
1.85623
0.419573
0.0431375
0.00223022
8.0522e-005
2.13618e-006
2.25381e-007
7.11947e-007
2.97617e-006
5.64533e-006
1.4742e-005
3.54522e-005
0.000184151
0.000247278
6.16863e-005
3.19466e-006
1.99954e-005
0.000133444
0.00296395
0.0205407
0.109319
0.56831
1.768
2.17228
3.64623
9.57351
17.6857
25.406
32.6618
32.2252
24.1421
11.5313
12.5995
14.0707
22.5219
35.6621
43.4292
44.3324
39.518
30.127
30.0125
31.0339
35.1998
42.4316
45.6467
46.8563
46.3261
47.3761
48.3327
48.0149
48.4644
49.21
49.6695
50.1402
47.7956
46.7315
45.8239
44.2416
44.7658
44.302
41.1397
43.0037
41.707
40.3577
40.6313
40.7958
40.0191
38.8404
37.2143
35.1271
33.2108
31.6972
29.608
28.0367
26.0302
24.5744
22.8135
20.7763
17.7549
16.0806
14.8964
14.2639
15.3659
16.8356
15.2309
13.1741
11.4731
9.88756
10.7403
10.0842
7.15554
6.14276
5.84113
6.06248
5.81746
4.5286
2.80098
3.50337
4.11602
2.83577
3.12831
2.82107
0.91611
2.55994
2.39522
1.60407
SNR of Target
63.6672
76.3025
79.2595
80.9778
82.9654
84.4495
85.4542
86.3576
85.3179
88.9815
90.0432
91.5103
92.612
93.2546
93.7523
94.0812
94.3918
94.7439
95.0484
95.3016
95.3443
95.4558
95.7675
95.9141
95.7603
95.9588
95.9149
95.6433
95.6402
95.8614
95.9555
95.8898
96.0224
95.9859
96.0266
96.096
96.1265
96.171
96.1986
96.2601
96.3525
96.4291
96.4709
96.1229
96.2748
96.4525
96.4376
96.3022
96.065
95.8529
95.8778
95.7419
95.6844
95.6987
95.6019
95.4392
95.1923
95.1606
95.2907
95.4715
95.5012
95.4865
95.4932
95.4572
94.5912
94.6054
94.8964
94.8473
94.9547
94.936
94.4146
92.6093
92.7666
92.5858
93.6048
93.7419
93.8864
93.777
93.5449
92.5478
84.9213
91.0211
92.1262
91.8822
91.3446
90.6973
89.8002
89.3315
88.6946
88.452
87.415
83.9309
84.0487
84.2394
83.7959
84.3688
85.1009
85.0515
83.9165
82.5589
83.2563
82.5985
81.477
82.0597
81.3745
80.4844
79.5739
77.7462
70.6526
68.3339
68.2758
64.6136
62.202
65.8556
61.2618
38.9744
19.6439
45.8769
44.7948
32.3984
57.2174
69.2542
68.9169
68.5038
67.0675
57.7523
39.5321
39.1225
39.632
43.3628
43.4967
47.1144
50.2894
50.2553
53.0052
52.4545
54.5342
56.3889
56.0063
57.0098
57.7793
54.8154
51.1199
46.9152
32.4556
13.7233
9.65813
13.7841
23.9598
21.5306
27.9837
44.2371
57.2837
64.3796
66.2757
65.6497
67.2692
69.442
68.5693
70.4716
72.5905
75.4804
77.4217
79.5153
80.8589
81.9143
82.0183
81.2522
79.0719
79.2591
81.9372
82.7629
83.096
82.5349
80.9153
78.3461
75.889
72.5702
64.4263
53.173
43.3829
12.1129
0.599899
0.00418469
1.08462e-005
0.00051932
0.00117548
0.000194181
0.000378543
0.00148083
0.00597649
0.113815
0.703313
2.25299
5.68004
6.25625
10.0023
17.1867
29.9073
37.82
28.8624
28.3787
35.7875
48.2878
66.8591
77.459
80.4354
83.8827
85.5227
87.2291
88.1101
88.8684
89.1586
89.6586
89.9805
90.1238
89.8947
89.3907
89.8552
90.5129
90.8676
90.7454
90.4297
90.7219
91.2281
91.6383
91.6602
91.3606
91.1875
91.1766
91.2898
91.1422
90.8559
90.7293
90.4464
90.3153
89.9634
89.4403
88.429
87.3334
85.6027
83.4121
82.1288
81.4625
82.1773
82.8741
82.7221
79.5787
76.8642
72.4694
64.9759
55.3206
36.5352
16.2029
3.80685
0.900504
0.0976531
0.00523914
0.00019599
4.93094e-006
3.7016e-007
1.26302e-006
6.23066e-006
1.00479e-005
1.63855e-005
8.68299e-005
0.000513671
0.000685083
0.000166025
7.66772e-006
4.98546e-005
0.000368808
0.0088243
0.0617251
0.331592
1.72562
5.31455
6.47107
10.6036
26.1886
43.7854
56.5828
65.7567
64.7748
53.1467
28.7262
30.8641
33.8762
49.4625
66.9711
74.2687
74.8584
70.3627
59.5706
59.3003
60.5327
65.4301
72.6183
75.2858
76.1485
75.5818
76.3161
76.9932
76.646
76.8678
77.3243
77.6315
77.9179
76.0174
75.01
74.1252
72.6385
72.962
72.3464
69.2765
70.8304
69.4532
68.0233
68.23
68.3481
67.5139
66.2245
64.507
62.2571
60.0909
58.3325
55.789
53.6968
50.534
48.0506
44.9583
41.0962
34.7928
30.2617
27.4633
26.6887
31.3226
35.2836
32.7066
28.8501
25.2064
21.6819
24.1033
23.273
17.272
15.1949
14.4076
15.0495
14.67
11.984
7.74611
9.7249
11.4123
8.01917
9.10172
8.2988
2.79533
7.85333
7.37524
5.00336
