L of Background 1
1.52939
2.34312
2.50983
2.54792
2.71893
2.74299
2.64511
2.5651
2.13048
2.67548
2.72022
2.98136
3.1516
3.22288
3.30275
3.27855
3.2729
3.27082
3.30375
3.29427
3.15121
3.06208
3.14167
3.11872
3.02659
3.18385
3.24893
3.09646
3.20729
3.46546
3.66764
3.68237
3.83277
3.82545
3.88214
3.90576
3.84925
3.78792
3.66003
3.54475
3.46118
3.36357
3.30974
3.05348
3.08017
3.04645
3.00629
2.96243
2.8234
2.77059
2.76452
2.67361
2.64346
2.64129
2.59172
2.51135
2.41458
2.31454
2.30855
2.3233
2.28457
2.24794
2.23292
2.29565
2.12557
2.72534
3.6505
4.12722
4.82197
5.44864
5.75567
5.48296
6.19416
6.76698
7.96013
8.57232
9.09308
9.46317
9.61238
8.62993
3.86161
7.88939
9.76416
9.92205
9.90709
9.80354
9.53057
9.52516
9.48873
9.4963
9.25292
7.92305
7.99816
8.28713
8.32188
8.78685
9.05984
9.04795
8.78865
8.22406
8.87875
8.71855
8.35309
8.68251
8.64216
8.50322
8.39386
8.16897
6.69256
6.25457
6.47695
6.06447
6.08031
6.74961
6.43504
3.95787
2.35228
3.25809
3.34143
3.61315
4.28929
5.25596
5.35971
5.76485
6.21669
6.39051
6.53029
6.57052
6.67387
6.60095
6.58376
6.53104
6.45703
6.3887
6.30619
6.16687
6.03064
5.92195
5.86571
5.65184
5.40863
5.05755
4.67514
4.2772
3.06724
1.80887
1.45313
1.58833
2.06097
1.8699
2.08754
2.7197
3.33427
3.65405
3.72004
3.67887
3.82777
3.95586
3.78389
3.85757
3.96422
4.06077
4.08768
4.11595
4.08345
4.00897
3.8971
3.64628
3.18571
3.12237
3.48086
3.55959
3.61304
3.47755
3.22127
2.88308
2.58498
2.27932
1.868
1.51358
1.29386
0.585272
0.0967353
0.00572176
0.000740276
0.00628244
0.010974
0.00426652
0.00782004
0.0101136
0.0161216
0.0381293
0.0744465
0.110654
0.152391
0.143096
0.177249
0.221451
0.300519
0.336515
0.282413
0.277779
0.335356
0.435441
0.60998
0.74787
0.801365
0.901907
0.959163
1.01846
1.05452
1.08797
1.12266
1.1516
1.16489
1.18283
1.16499
1.12517
1.17744
1.22282
1.24226
1.22707
1.21305
1.26148
1.31856
1.34729
1.35406
1.33192
1.32062
1.33599
1.35745
1.34963
1.32231
1.31525
1.27848
1.26214
1.2297
1.18711
1.1378
1.10511
1.06157
1.01606
0.982631
0.926146
0.886523
0.865788
0.834535
0.772485
0.752272
0.656398
0.552674
0.466231
0.339136
0.189066
0.0918207
0.0402182
0.0123717
0.00326636
0.000751308
8.06068e-005
4.57648e-005
9.29026e-005
0.000159744
0.000227189
8.27541e-005
0.000309637
0.000995087
0.00125355
0.000463695
0.000104468
0.000374671
0.000737483
0.00159748
0.00334229
0.00578312
0.0104298
0.0163823
0.0156111
0.0195613
0.0371914
0.0653952
0.096131
0.125447
0.132364
0.102618
0.0436138
0.0449374
0.0536021
0.0920121
0.153974
0.19174
0.193369
0.167045
0.120685
0.121026
0.127038
0.150831
0.191566
0.209999
0.219353
0.223637
0.229176
0.231766
0.233641
0.237087
0.241101
0.243291
0.243797
0.239018
0.238347
0.234663
0.228702
0.234626
0.238652
0.231612
0.240921
0.234132
0.231658
0.237008
0.239251
0.238605
0.233454
0.226339
0.216731
0.208025
0.198542
0.184939
0.176543
0.168552
0.162197
0.156325
0.149822
0.140975
0.13998
0.135209
0.127566
0.117476
0.116163
0.103495
0.0902948
0.0798979
0.0723875
0.074231
0.0683196
0.049329
0.0454269
0.0435298
0.0431521
0.0404763
0.0319825
0.0212995
0.0235783
0.0256762
0.0193253
0.0174252
0.0152242
0.00716782
0.0113507
0.0109934
0.00854409
L of Background 2
11.1171
17.1534
18.4345
18.6734
19.8189
19.8586
19.0048
18.337
15.2588
19.3268
19.8537
21.9259
23.3176
23.9632
24.6236
24.5422
24.7179
24.9818
25.4543
25.4739
24.4264
23.8464
24.5427
24.3074
23.4443
24.4048
24.3873
22.5597
22.5863
23.5017
23.9668
23.4011
23.9539
23.655
23.7815
23.7966
23.5008
23.4241
23.1648
23.191
23.4458
23.402
23.4238
21.9225
22.472
22.5512
22.5181
22.4683
21.7478
21.7025
21.974
21.4989
21.4506
21.6713
21.6029
21.3481
20.9269
20.4043
20.7434
21.2595
21.2148
21.0479
20.948
20.7233
16.9259
17.8214
19.7239
19.6149
19.8935
19.9547
19.0119
16.2879
16.9565
17.1128
18.751
18.9416
19.0808
19.2013
19.1063
16.8942
7.37883
14.8901
18.2261
18.3208
18.1659
17.8774
17.2952
17.2088
17.0645
17.0101
16.5004
14.0402
14.116
14.5706
14.5701
15.326
15.7538
15.7027
15.2141
14.1883
15.2775
15.0162
14.3758
14.8797
14.7347
14.4766
14.309
13.9537
11.4288
10.6947
11.1001
10.4053
10.4504
11.6332
11.0967
6.81033
4.06222
5.68487
5.87736
6.40669
7.65862
9.46467
9.71604
10.5279
11.4061
11.6013
11.5103
11.2345
11.2372
11.0653
10.9812
10.8381
10.6734
10.5282
10.378
10.1413
9.89998
9.722
9.68604
9.45282
9.19364
8.71312
8.10601
7.41902
5.31505
3.14903
2.56575
2.85284
3.76627
3.47341
3.95654
5.22931
6.43594
6.95512
6.87162
6.58854
6.71108
6.84426
6.43914
6.43821
6.53626
6.70968
6.8489
7.01563
7.05894
6.98583
6.81911
6.40135
5.6188
5.53267
6.17696
6.32481
6.47383
6.33291
5.98378
5.48812
5.10416
4.72723
4.07974
3.46206
3.0458
1.4013
0.234428
0.0130324
0.000834482
0.0136646
0.0333358
0.0139798
0.0247843
0.0444306
0.0713654
0.173947
0.356162
0.561446
0.809012
0.788732
1.0181
1.30641
1.78743
1.99505
1.66877
1.63501
1.90209
2.30091
3.01453
3.56091
3.71146
4.06371
4.20474
4.33713
4.34823
4.33717
4.33602
4.33414
4.29135
4.25952
4.0551
3.76851
3.84669
3.95609
3.96613
3.81545
3.64568
3.6984
3.81922
3.86664
3.82412
3.67748
3.57031
3.56711
3.59792
3.54688
3.44411
3.40449
3.31009
3.29086
3.22901
3.09897
2.89378
2.6959
2.45156
2.20749
2.07821
2.05765
2.14997
2.25407
2.2321
2.05945
2.02092
1.82896
1.62757
1.44267
1.09228
0.637835
0.349186
0.17847
0.0671608
0.023806
0.00642149
0.000601454
0.00030073
0.000796565
0.00156202
0.00215838
0.000901775
0.00535611
0.0175798
0.0205279
0.00682224
0.00122678
0.00536809
0.0113346
0.0296932
0.0650509
0.118129
0.219168
0.330081
0.294071
0.325547
0.55006
0.867335
1.16297
1.39501
1.35696
0.971129
0.388722
0.384672
0.449434
0.751978
1.22336
1.48281
1.45588
1.22776
0.865667
0.856027
0.889893
1.04884
1.32341
1.4351
1.47577
1.47429
1.48997
1.49362
1.48353
1.47959
1.48179
1.4877
1.4779
1.42512
1.39313
1.34818
1.29382
1.30648
1.29667
1.23817
1.26045
1.20435
1.17824
1.19761
1.20351
1.1931
1.15786
1.12416
1.08529
1.05125
1.01406
0.95944
0.919942
0.853915
0.798016
0.743333
0.674957
0.566279
0.479834
0.429927
0.419087
0.509171
0.578235
0.5392
0.477013
0.408455
0.35457
0.402331
0.405851
0.323861
0.321352
0.301509
0.308325
0.309804
0.295816
0.239038
0.275127
0.304877
0.247382
0.276119
0.264624
0.162735
0.310393
0.319078
0.28564
L of Background Average
3.3577
5.16733
5.54671
5.62342
5.98073
6.00833
5.76696
5.57544
4.63675
5.85486
5.99219
6.60001
7.0043
7.18616
7.37801
7.34382
7.37379
7.42345
7.54145
7.53862
7.22362
7.04162
7.24028
7.17791
6.93979
7.25264
7.30321
6.83108
6.92761
7.31409
7.569
7.4738
7.70317
7.64123
7.71259
7.73553
7.63383
7.57012
7.4173
7.32974
7.3113
7.22407
7.18544
6.69215
6.82021
6.80738
6.76837
6.72391
6.47325
6.42236
6.47021
6.30658
6.27363
6.31433
6.26154
6.14847
5.99049
5.80876
5.86918
5.98077
5.94126
5.88009
5.84934
5.8579
4.99729
5.65675
6.77059
7.13652
7.75358
8.27338
8.34161
7.5987
8.30282
8.79553
10.0756
10.6066
11.0541
11.3763
11.4785
10.2556
4.55865
9.26985
11.4301
11.5759
11.5338
11.3942
11.0609
11.0396
10.9823
10.9777
10.6824
9.13171
9.20656
9.52821
9.55608
10.0778
10.3812
10.3616
10.0572
9.40172
10.1424
9.96214
9.54252
9.90661
9.84578
9.68346
9.56268
9.31229
7.63039
7.13404
7.39238
6.92446
6.94588
7.71589
7.35769
4.52445
2.69305
3.74079
3.84581
4.1683
4.95789
6.08958
6.22235
6.70724
7.24262
7.42066
7.51532
7.4935
7.57723
7.48484
7.45451
7.38406
7.29218
7.20866
7.11287
6.95436
6.79741
6.675
6.6228
6.40509
6.15864
5.782
5.35535
4.90054
3.5141
2.07598
1.67503
1.84029
2.40045
2.18937
2.45963
3.21837
3.94956
4.30865
4.34524
4.2564
4.40008
4.52919
4.31121
4.37019
4.47517
4.5869
4.63594
4.69155
4.67398
4.59973
4.47698
4.19315
3.6689
3.60103
4.01605
4.10838
4.18077
4.04423
3.76964
3.40042
3.08535
2.76564
2.30761
1.90116
1.64249
0.747982
0.124241
0.00718324
0.000759105
0.00775834
0.0154441
0.00620848
0.0112118
0.0169719
0.0271629
0.0652697
0.130734
0.200688
0.283461
0.271968
0.34501
0.437816
0.596696
0.666714
0.558626
0.548115
0.647321
0.806418
1.08741
1.3057
1.37816
1.52814
1.6018
1.67544
1.7066
1.73131
1.75898
1.78191
1.78421
1.79236
1.73774
1.64925
1.7067
1.76475
1.78236
1.74047
1.69571
1.74504
1.81477
1.84725
1.84431
1.79752
1.76728
1.77903
1.80238
1.78602
1.74377
1.73026
1.68208
1.6652
1.62699
1.5671
1.48696
1.42159
1.33828
1.2534
1.20094
1.15158
1.13818
1.1422
1.11278
1.02877
1.00491
0.889998
0.766893
0.660883
0.489373
0.278647
0.143245
0.0678502
0.0233245
0.00737302
0.00188505
0.000184757
9.67547e-005
0.000233624
0.000440159
0.000613371
0.000246529
0.00131865
0.00431081
0.00510684
0.00173503
0.000328888
0.00137312
0.00285642
0.00721483
0.0156794
0.0282409
0.0521446
0.0790421
0.0712308
0.0806675
0.139507
0.225238
0.308614
0.378171
0.37612
0.275684
0.112497
0.112765
0.132609
0.223572
0.366836
0.448524
0.444487
0.378132
0.269109
0.267468
0.279001
0.329618
0.41677
0.453685
0.469257
0.472414
0.479969
0.482758
0.482265
0.484242
0.487894
0.490822
0.489286
0.474988
0.468107
0.456228
0.440657
0.447929
0.449222
0.431995
0.443882
0.427297
0.420129
0.428267
0.43124
0.428643
0.417506
0.405116
0.389695
0.375955
0.360969
0.339221
0.324646
0.30513
0.288934
0.273364
0.254561
0.225829
0.20782
0.19406
0.185782
0.195659
0.208343
0.190425
0.167472
0.145484
0.12874
0.139735
0.1357
0.10415
0.10053
0.0950565
0.0961172
0.0942708
0.0846777
0.0648018
0.0738199
0.08143
0.0648869
0.0690949
0.0650378
0.0382594
0.071063
0.072513
0.0638908
L of Target
11.1171
17.1534
18.4345
18.6734
19.8189
19.8586
19.0048
18.337
15.2588
19.3268
19.8537
21.9259
23.3176
23.9632
24.6236
24.5422
24.7179
24.9818
25.4543
25.4739
24.4264
23.8464
24.5427
24.3074
23.4443
24.4048
24.3873
22.5597
22.5863
23.5017
23.9668
23.4011
23.9539
23.655
23.7815
23.7966
23.5008
23.4241
23.1648
23.191
23.4458
23.402
23.4238
21.9225
22.472
22.5512
22.5181
22.4683
21.7478
21.7025
21.974
21.4989
21.4506
21.6713
21.6029
21.3481
20.9269
20.4043
20.7434
21.2595
21.2148
21.0479
20.948
20.7233
16.9259
17.8214
19.7239
19.6149
19.8935
19.9547
19.0119
16.2879
16.9565
17.1128
18.751
18.9416
19.0808
19.2013
19.1063
16.8942
7.37883
14.8901
18.2261
18.3208
18.1659
17.8774
17.2952
17.2088
17.0645
17.0101
16.5004
14.0402
14.116
14.5706
14.5701
15.326
15.7538
15.7027
15.2141
14.1883
15.2775
15.0162
14.3758
14.8797
14.7347
14.4766
14.309
13.9537
11.4288
10.6947
11.1001
10.4053
10.4504
11.6332
11.0967
6.81033
4.06222
5.68487
5.87736
6.40669
7.65862
9.46467
9.71604
10.5279
11.4061
11.6013
11.5103
11.2345
11.2372
11.0653
10.9812
10.8381
10.6734
10.5282
10.378
10.1413
9.89998
9.722
9.68604
9.45282
9.19364
8.71312
8.10601
7.41902
5.31505
3.14903
2.56575
2.85284
3.76627
3.47341
3.95654
5.22931
6.43594
6.95512
6.87162
6.58854
6.71108
6.84426
6.43914
6.43821
6.53626
6.70968
6.8489
7.01563
7.05894
6.98583
6.81911
6.40135
5.6188
5.53267
6.17696
6.32481
6.47383
6.33291
5.98378
5.48812
5.10416
4.72723
4.07974
3.46206
3.0458
1.4013
0.234428
0.0130324
0.000834482
0.0136646
0.0333358
0.0139798
0.0247843
0.0444306
0.0713654
0.173947
0.356162
0.561446
0.809012
0.788732
1.0181
1.30641
1.78743
1.99505
1.66877
1.63501
1.90209
2.30091
3.01453
3.56091
3.71146
4.06371
4.20474
4.33713
4.34823
4.33717
4.33602
4.33414
4.29135
4.25952
4.0551
3.76851
3.84669
3.95609
3.96613
3.81545
3.64568
3.6984
3.81922
3.86664
3.82412
3.67748
3.57031
3.56711
3.59792
3.54688
3.44411
3.40449
3.31009
3.29086
3.22901
3.09897
2.89378
2.6959
2.45156
2.20749
2.07821
2.05765
2.14997
2.25407
2.2321
2.05945
2.02092
1.82896
1.62757
1.44267
1.09228
0.637835
0.349186
0.17847
0.0671608
0.023806
0.00642149
0.000601454
0.00030073
0.000796565
0.00156202
0.00215838
0.000901775
0.00535611
0.0175798
0.0205279
0.00682224
0.00122678
0.00536809
0.0113346
0.0296932
0.0650509
0.118129
0.219168
0.330081
0.294071
0.325547
0.55006
0.867335
1.16297
1.39501
1.35696
0.971129
0.388722
0.384672
0.449434
0.751978
1.22336
1.48281
1.45588
1.22776
0.865667
0.856027
0.889893
1.04884
1.32341
1.4351
1.47577
1.47429
1.48997
1.49362
1.48353
1.47959
1.48179
1.4877
1.4779
1.42512
1.39313
1.34818
1.29382
1.30648
1.29667
1.23817
1.26045
1.20435
1.17824
1.19761
1.20351
1.1931
1.15786
1.12416
1.08529
1.05125
1.01406
0.95944
0.919942
0.853915
0.798016
0.743333
0.674957
0.566279
0.479834
0.429927
0.419087
0.509171
0.578235
0.5392
0.477013
0.408455
0.35457
0.402331
0.405851
0.323861
0.321352
0.301509
0.308325
0.309804
0.295816
0.239038
0.275127
0.304877
0.247382
0.276119
0.264624
0.162735
0.310393
0.319078
0.28564
