SNR of Background 1
14.9707
24.3714
27.6547
29.979
33.066
35.7445
37.829
39.7951
37.7926
45.6338
48.2631
52.5593
56.1958
58.5239
60.4982
61.8308
63.026
64.4181
65.6936
66.8885
67.1048
67.6207
69.2005
70.0728
69.5371
70.9025
71.0454
70.2874
71.0321
72.948
74.1765
74.4282
75.4435
75.5719
75.9531
76.3661
76.499
76.5089
76.2774
76.1361
75.9487
75.8109
75.8088
74.6997
75.1564
75.3313
74.6471
73.6624
72.1289
70.7146
70.5813
69.7814
69.366
69.2064
68.3765
67.4954
66.3495
65.6164
65.5353
65.8229
65.6414
65.4086
65.4413
66.1836
64.3552
69.9765
75.8269
78.0567
80.4473
81.9722
82.6518
81.6721
83.0251
84.0519
85.7477
86.2681
86.7535
86.8405
86.639
84.9082
70.5203
82.4804
84.8972
84.5931
83.7717
83.0244
81.9659
81.2504
80.432
79.8404
79.03
76.106
75.4502
75.7161
74.8685
75.4497
75.5694
75.0792
73.3986
71.5109
72.4604
71.4724
69.9194
70.84
70.041
68.9483
67.8666
66.4067
60.8527
58.1773
57.9084
55.0948
53.8732
55.0881
52.429
38.8822
26.0939
47.0969
45.7303
30.3574
48.958
54.982
53.5962
51.248
46.5117
36.385
23.0215
23.4236
24.0669
26.7764
27.0234
29.7728
32.3233
32.3817
34.6851
34.2556
36.1146
37.9828
37.9059
39.1242
39.9693
38.132
37.7608
37.0188
29.5407
19.3624
16.6259
19.7711
26.1832
25.0285
28.5253
36.7487
44.1633
48.295
48.8503
49.6077
52.0047
54.1467
53.8606
55.7088
58.7897
60.6899
61.9671
63.2183
63.9525
65.0996
65.1085
63.8154
60.2598
60.4868
64.8856
66.4278
67.6551
67.8622
66.1317
63.2386
60.3595
56.8077
50.7379
44.4476
40.0827
20.636
3.68298
0.22416
0.0296252
0.25687
0.45769
0.181651
0.339474
0.44758
0.727973
1.7307
3.43606
5.18947
7.26217
6.86596
8.64389
10.9085
14.6837
16.6019
14.2831
14.1191
17.135
21.9102
29.9659
36.2302
38.6186
43.0492
45.8076
48.1512
50.093
51.9218
53.3467
55.2846
56.7348
57.9379
58.4577
58.3036
60.4448
62.6831
64.1569
64.6229
64.7442
66.4434
68.2934
69.7117
70.3038
70.2132
70.3909
70.8481
71.4594
71.405
70.95
70.9049
70.2088
69.9388
69.3001
68.3707
67.1665
66.3914
65.2542
63.9846
62.6375
60.8246
59.5113
58.5905
58.0294
55.6737
55.0358
51.0834
45.596
40.771
31.7257
18.7933
9.39591
4.20762
1.29933
0.34243
0.0785907
0.00850063
0.0048073
0.00963683
0.0165327
0.023206
0.00833045
0.0310698
0.0994789
0.123516
0.0454976
0.0102486
0.0371646
0.0732009
0.158657
0.335033
0.579842
1.04543
1.6576
1.57696
1.97075
3.68814
6.43667
9.36671
11.9788
12.6042
9.83665
4.23055
4.38794
5.25942
8.99992
14.8813
18.4135
18.6785
16.2326
11.9255
11.9788
12.572
14.8378
18.5896
20.2738
20.934
21.3423
21.9861
22.3506
22.4623
22.902
23.421
23.5274
23.7397
23.2327
23.1061
22.713
22.1202
22.5703
22.623
21.9194
22.6446
21.991
21.4713
21.5802
21.2097
20.5883
19.5853
18.6923
17.3955
16.1708
15.1952
13.9258
13.0548
12.2491
11.7313
11.0859
10.4274
9.61767
9.67719
9.47865
9.07233
8.47916
8.49347
7.68246
6.80503
6.10918
5.47567
5.544
4.96577
3.55167
3.23479
3.05978
2.99259
2.76961
2.12342
1.39442
1.4927
1.59846
1.16255
1.01088
0.867433
0.393777
0.612122
0.569654
0.434338
SNR of Background 2
56.109
70.204
73.7127
75.8097
78.2442
80.0895
81.366
82.5165
81.2944
85.8291
87.1815
89.0587
90.4605
91.2908
91.941
92.3757
92.7866
93.2509
93.6477
93.9793
94.048
94.2035
94.6062
94.8017
94.6437
94.915
94.8469
94.5125
94.5226
94.8123
94.9392
94.8681
95.0472
95.0297
95.0833
95.1636
95.2069
95.2674
95.3139
95.4258
95.5315
95.6128
95.6834
95.4926
95.6632
95.7613
95.66
95.4954
95.2202
94.9754
95.0143
94.8865
94.8351
94.8525
94.7395
94.6347
94.4677
94.3853
94.4667
94.6264
94.6601
94.6497
94.6669
94.6391
93.4918
93.839
94.4258
94.4129
94.4345
94.3333
94.0235
92.9743
93.0486
93.0191
93.4078
93.2791
93.2158
93.0495
92.799
91.6749
82.0452
89.8824
91.2975
91.0205
90.443
89.9163
89.1849
88.6718
88.0818
87.6429
87.0452
84.9465
84.4306
84.5696
83.9087
84.2744
84.3197
83.9417
82.6848
81.2359
81.9043
81.1815
79.9969
80.6284
79.9397
79.076
78.2579
77.1461
72.6302
70.3947
70.2114
67.7876
66.7403
67.88
65.5153
52.251
37.8699
60.8267
59.7034
45.3107
68.2056
73.6918
72.7322
70.9401
66.762
55.7336
37.4211
37.087
37.5255
41.0645
41.2348
44.6431
47.704
47.6737
50.4062
49.8704
52.0005
54.143
54.2544
56.0543
57.5345
55.9504
55.7484
54.916
45.7605
31.7179
27.9096
33.1816
42.9968
41.8993
47.3855
58.1001
66.0978
69.5549
69.1486
68.8928
70.3933
71.8574
71.128
72.145
74.3606
75.9374
77.2859
78.6476
79.5167
80.5141
80.6134
79.7783
77.2869
77.5739
80.7727
81.8517
82.8385
83.298
82.5861
81.2034
80.0768
78.7566
75.5391
71.5502
68.2887
43.2044
8.80692
0.510277
0.033395
0.558368
1.38768
0.594708
1.0743
1.9601
3.20527
7.7793
15.8428
24.5658
34.2862
33.7351
42.0058
50.7677
61.5133
65.6416
60.326
59.7895
65.3006
71.2933
78.9313
83.1168
84.1404
86.1862
87.1231
87.7662
88.1464
88.4398
88.5864
89.0175
89.3036
89.472
89.2265
88.6364
89.1696
89.9177
90.3087
90.1626
89.7855
90.139
90.6995
91.121
91.1614
90.8747
90.7015
90.7354
90.8894
90.7711
90.4861
90.394
90.113
90.0888
89.9139
89.45
88.5685
87.5953
86.1427
84.3544
83.0306
82.9208
83.8767
84.6984
84.8881
83.5111
83.291
81.6397
79.1791
76.6873
69.0539
51.2124
32.3486
17.8883
6.95888
2.48446
0.670924
0.0634213
0.0315881
0.0826162
0.161615
0.220379
0.0907625
0.536904
1.75148
2.01475
0.668561
0.120324
0.531949
1.12265
2.93173
6.42958
11.5135
20.6634
30.0445
27.1366
29.5973
44.6167
59.9079
69.2835
74.2049
73.4165
63.0976
33.4471
33.351
38.0564
55.1085
71.0897
76.599
76.3027
71.4982
60.5115
60.1973
61.5505
66.9327
73.8532
76.0843
76.5837
76.6025
77.0799
77.3145
77.078
77.1812
77.4206
77.4196
77.4519
76.4186
75.7401
74.7721
73.5465
73.7226
73.1068
71.6463
72.0584
70.6193
69.495
69.465
68.7509
67.564
65.5959
64.019
61.759
59.4721
57.6119
55.0294
52.884
49.686
47.2066
44.1616
40.432
34.5338
30.397
27.9683
27.6686
33.0451
37.0555
35.3877
32.3167
28.6143
24.9902
27.6333
27.1559
21.9328
21.5448
20.0721
20.234
20.0642
18.6691
15.0569
16.6634
18.0644
14.3475
15.3818
14.5187
8.75987
16.023
15.8363
13.9954
SNR of Background Average
27.871
41.5319
45.7811
48.5718
52.0633
54.9116
57.0059
58.9485
56.9247
64.7375
67.2545
71.026
74.0244
75.8729
77.374
78.3872
79.3334
80.4195
81.3755
82.2091
82.3767
82.7602
83.808
84.3428
83.9538
84.7296
84.6473
83.9144
84.1132
85.0511
85.5618
85.5188
86.0585
86.068
86.251
86.4824
86.584
86.6793
86.6921
86.8337
86.9594
87.062
87.1815
86.6109
87.0067
87.2146
86.8881
86.3869
85.5725
84.8373
84.8783
84.4837
84.3056
84.3027
83.927
83.5568
83.0207
82.7203
82.8534
83.2087
83.2384
83.1755
83.2162
83.3105
80.9261
82.8649
85.3294
86.0131
86.8674
87.347
87.3481
86.0626
86.7645
87.2606
88.392
88.6009
88.8406
88.8052
88.5621
86.9887
73.8473
84.6892
86.8075
86.4964
85.7334
85.039
84.0626
83.3947
82.6301
82.0723
81.3107
78.5903
77.9612
78.1881
77.3789
77.8984
77.9936
77.5275
75.9455
74.1559
75.0337
74.1102
72.6416
73.4864
72.7022
71.6589
70.6396
69.2618
63.9266
61.3378
61.0907
58.3468
57.1565
58.369
55.7527
42.1025
28.7844
50.5451
49.2322
33.81
53.8582
59.9611
58.6586
56.3898
51.6327
40.9209
26.1068
26.3412
26.9421
29.8678
30.0989
33.0331
35.738
35.7748
38.216
37.7542
39.7086
41.6771
41.6497
43.0474
44.0861
42.2833
41.9538
41.1747
33.1473
21.9756
18.9887
22.6262
29.9043
28.7533
32.8048
41.9057
49.7712
53.8625
54.1055
54.5483
56.7382
58.7362
58.2876
59.9255
62.8304
64.6959
66.0569
67.4137
68.2421
69.4005
69.4468
68.2564
64.906
65.1699
69.3674
70.8244
72.0411
72.377
70.9569
68.4919
66.1451
63.2749
57.9093
52.0493
47.7828
25.76
4.7185
0.281385
0.0303786
0.317177
0.643886
0.264287
0.486568
0.750637
1.22528
2.95464
5.99629
9.30738
13.2643
12.8191
16.4011
20.7966
27.572
30.7825
26.7885
26.4467
30.9809
37.2719
47.2479
54.2269
56.4366
60.7127
63.044
64.8548
66.1829
67.3564
68.1787
69.5402
70.5157
71.2483
71.2376
70.5868
72.1245
73.9075
74.9796
75.0578
74.7659
75.9051
77.2989
78.3572
78.6754
78.3788
78.3178
78.5719
79.002
78.8778
78.4197
78.3235
77.749
77.5938
77.1325
76.2946
75.0026
73.8989
72.3237
70.5413
69.0214
67.8681
67.6439
67.6387
67.4531
65.2121
64.7055
61.3763
56.6268
52.2422
42.5419
26.7199
14.4228
7.04742
2.44361
0.772282
0.19714
0.0194837
0.0101634
0.0242332
0.0455517
0.0626473
0.0248161
0.132291
0.430667
0.502809
0.170199
0.0322632
0.136177
0.283404
0.715753
1.56773
2.81804
5.17766
7.87659
7.10031
8.00649
13.4537
21.0804
27.9045
32.854
32.6847
24.9275
10.7201
10.818
12.7325
20.953
32.6208
38.6259
38.5605
33.7443
25.2123
25.1156
26.1167
30.2428
36.7607
39.3688
40.1408
40.403
41.1514
41.5488
41.4356
41.7771
42.2693
42.3318
42.4834
41.4123
40.8527
39.948
38.7789
39.1741
38.8212
37.4974
38.2036
36.957
36.0028
36.0577
35.4361
34.4151
32.7818
31.4461
29.5614
27.7598
26.3391
24.4672
23.0766
21.417
20.2509
18.8555
17.3028
15.1312
14.1612
13.4349
13.0495
13.8847
14.9234
13.8675
12.4132
10.971
9.62803
10.299
9.736
7.42568
7.09011
6.62335
6.60682
6.39388
5.57644
4.21556
4.64001
5.02949
3.8799
3.98202
3.68283
2.09438
3.80557
3.73161
3.22842
SNR of Target
56.109
70.204
73.7127
75.8097
78.2442
80.0895
81.366
82.5165
81.2944
85.8291
87.1815
89.0587
90.4605
91.2908
91.941
92.3757
92.7866
93.2509
93.6477
93.9793
94.048
94.2035
94.6062
94.8017
94.6437
94.915
94.8469
94.5125
94.5226
94.8123
94.9392
94.8681
95.0472
95.0297
95.0833
95.1636
95.2069
95.2674
95.3139
95.4258
95.5315
95.6128
95.6834
95.4926
95.6632
95.7613
95.66
95.4954
95.2202
94.9754
95.0143
94.8865
94.8351
94.8525
94.7395
94.6347
94.4677
94.3853
94.4667
94.6264
94.6601
94.6497
94.6669
94.6391
93.4918
93.839
94.4258
94.4129
94.4345
94.3333
94.0235
92.9743
93.0486
93.0191
93.4078
93.2791
93.2158
93.0495
92.799
91.6749
82.0452
89.8824
91.2975
91.0205
90.443
89.9163
89.1849
88.6718
88.0818
87.6429
87.0452
84.9465
84.4306
84.5696
83.9087
84.2744
84.3197
83.9417
82.6848
81.2359
81.9043
81.1815
79.9969
80.6284
79.9397
79.076
78.2579
77.1461
72.6302
70.3947
70.2114
67.7876
66.7403
67.88
65.5153
52.251
37.8699
60.8267
59.7034
45.3107
68.2056
73.6918
72.7322
70.9401
66.762
55.7336
37.4211
37.087
37.5255
41.0645
41.2348
44.6431
47.704
47.6737
50.4062
49.8704
52.0005
54.143
54.2544
56.0543
57.5345
55.9504
55.7484
54.916
45.7605
31.7179
27.9096
33.1816
42.9968
41.8993
47.3855
58.1001
66.0978
69.5549
69.1486
68.8928
70.3933
71.8574
71.128
72.145
74.3606
75.9374
77.2859
78.6476
79.5167
80.5141
80.6134
79.7783
77.2869
77.5739
80.7727
81.8517
82.8385
83.298
82.5861
81.2034
80.0768
78.7566
75.5391
71.5502
68.2887
43.2044
8.80692
0.510277
0.033395
0.558368
1.38768
0.594708
1.0743
1.9601
3.20527
7.7793
15.8428
24.5658
34.2862
33.7351
42.0058
50.7677
61.5133
65.6416
60.326
59.7895
65.3006
71.2933
78.9313
83.1168
84.1404
86.1862
87.1231
87.7662
88.1464
88.4398
88.5864
89.0175
89.3036
89.472
89.2265
88.6364
89.1696
89.9177
90.3087
90.1626
89.7855
90.139
90.6995
91.121
91.1614
90.8747
90.7015
90.7354
90.8894
90.7711
90.4861
90.394
90.113
90.0888
89.9139
89.45
88.5685
87.5953
86.1427
84.3544
83.0306
82.9208
83.8767
84.6984
84.8881
83.5111
83.291
81.6397
79.1791
76.6873
69.0539
51.2124
32.3486
17.8883
6.95888
2.48446
0.670924
0.0634213
0.0315881
0.0826162
0.161615
0.220379
0.0907625
0.536904
1.75148
2.01475
0.668561
0.120324
0.531949
1.12265
2.93173
6.42958
11.5135
20.6634
30.0445
27.1366
29.5973
44.6167
59.9079
69.2835
74.2049
73.4165
63.0976
33.4471
33.351
38.0564
55.1085
71.0897
76.599
76.3027
71.4982
60.5115
60.1973
61.5505
66.9327
73.8532
76.0843
76.5837
76.6025
77.0799
77.3145
77.078
77.1812
77.4206
77.4196
77.4519
76.4186
75.7401
74.7721
73.5465
73.7226
73.1068
71.6463
72.0584
70.6193
69.495
69.465
68.7509
67.564
65.5959
64.019
61.759
59.4721
57.6119
55.0294
52.884
49.686
47.2066
44.1616
40.432
34.5338
30.397
27.9683
27.6686
33.0451
37.0555
35.3877
32.3167
28.6143
24.9902
27.6333
27.1559
21.9328
21.5448
20.0721
20.234
20.0642
18.6691
15.0569
16.6634
18.0644
14.3475
15.3818
14.5187
8.75987
16.023
15.8363
13.9954
