L of Background 1
15.0916
23.2178
24.8866
25.1313
26.5949
26.5706
25.3445
24.3808
20.2287
25.5522
26.1794
28.797
30.5748
31.3525
32.1328
31.9471
32.094
32.3441
32.894
32.8566
31.4262
30.5992
31.4337
31.0671
29.7591
30.8323
30.8982
28.5626
28.5224
29.5924
30.1174
29.3475
29.9465
29.4035
29.5405
29.5915
29.1878
29.0559
28.6541
28.4483
28.8051
28.8338
28.7253
25.5133
26.1847
26.9917
27.5083
27.4548
26.5104
26.3997
26.6796
25.9174
25.7711
26.0347
25.9441
25.202
24.1471
23.752
24.467
25.3308
25.2846
25.0525
24.8887
24.5533
20.5149
20.4322
21.5611
21.2824
21.9829
22.3923
20.3584
15.3744
16.1976
15.992
19.3172
20.3914
21.2746
21.5635
21.4375
19.0115
9.07686
16.9567
20.2864
20.4175
20.2191
19.5096
18.4309
18.3754
18.0821
18.3375
17.0278
12.9736
13.6928
14.186
14.4257
15.4108
16.7071
17.0651
16.5978
15.4898
16.7588
16.4981
15.7888
16.3286
16.1318
15.7758
15.4657
14.4214
10.3539
9.69253
10.1215
9.01604
8.55822
10.6025
9.22377
3.96876
1.62684
3.09872
3.21408
3.93172
5.46691
8.11829
8.52803
9.69818
11.5024
12.2972
12.3259
12.0058
12.0317
11.882
11.7771
11.6715
11.5167
11.359
11.1942
10.9354
10.656
10.376
10.1884
9.71322
9.25112
8.41843
7.06607
5.84667
3.42351
1.25426
0.824013
1.08172
1.86418
1.58164
2.04034
3.45785
4.92415
5.89223
6.25949
5.93461
6.05414
6.30348
5.90919
6.07584
6.13059
6.58953
6.88047
7.27063
7.48092
7.44183
7.26782
6.82917
6.03844
5.925
6.51176
6.60238
6.55171
6.09368
5.52898
4.84656
4.3022
3.73486
2.80556
1.96359
1.43514
0.332536
0.015641
0.000106703
2.70818e-007
1.26842e-005
2.81298e-005
4.55405e-006
8.70397e-006
3.33872e-005
0.000132026
0.00249721
0.0151376
0.0476783
0.118607
0.130083
0.205764
0.356278
0.654817
0.855282
0.607915
0.593544
0.769354
1.13905
1.95544
2.76863
3.10225
3.5728
3.81569
4.18379
4.33309
4.4673
4.51562
4.5452
4.51913
4.48026
4.26595
3.97989
4.05131
4.15093
4.15647
4.00409
3.8387
3.88093
3.99981
4.0544
4.00364
3.83976
3.72481
3.70694
3.72741
3.6631
3.55303
3.50058
3.40023
3.3502
3.23946
3.09444
2.86349
2.64865
2.37411
2.10081
1.98785
1.918
1.97449
2.04985
1.99401
1.71386
1.52202
1.26885
0.985185
0.723115
0.402198
0.161292
0.036638
0.00854003
0.000927031
4.99081e-005
1.87138e-006
4.67033e-008
3.52167e-009
1.21654e-008
6.01335e-008
9.82726e-008
1.62736e-007
8.64349e-007
5.13108e-006
6.94264e-006
1.68996e-006
7.80709e-008
5.02019e-007
3.71174e-006
8.87657e-005
0.000615083
0.00330378
0.0172313
0.052942
0.064774
0.107589
0.286163
0.536111
0.786926
1.05047
1.0196
0.721982
0.324741
0.350592
0.389018
0.636126
1.06789
1.35747
1.37766
1.18053
0.841096
0.832859
0.862499
0.999646
1.26563
1.39139
1.45016
1.41681
1.44527
1.47373
1.45762
1.46042
1.47507
1.49926
1.50473
1.40236
1.35458
1.31572
1.25198
1.27066
1.26161
1.14262
1.20777
1.15765
1.12223
1.14947
1.18706
1.1904
1.18016
1.14045
1.10104
1.07013
1.03524
0.980495
0.941607
0.87511
0.81799
0.761283
0.689031
0.571124
0.477069
0.420825
0.401994
0.477454
0.543861
0.489808
0.417324
0.353391
0.302795
0.344639
0.341103
0.25003
0.220862
0.211643
0.224616
0.221721
0.185251
0.120099
0.156768
0.188005
0.13547
0.159978
0.148217
0.0511181
0.148085
0.144556
0.0993817
L of Background 2
0.719395
1.11038
1.20203
1.24579
1.36052
1.40562
1.38975
1.37448
1.15402
1.45237
1.47657
1.62148
1.72441
1.77423
1.83362
1.8323
1.83078
1.8252
1.84647
1.85379
1.786
1.7438
1.80097
1.8089
1.77517
1.8984
2.00119
1.97494
2.11694
2.36685
2.5858
2.65741
2.8046
2.81947
2.89257
2.94179
2.91366
2.86427
2.74364
2.60488
2.51324
2.42703
2.3699
2.07546
2.08993
2.11727
2.13085
2.09964
1.99196
1.94384
1.93087
1.85373
1.82914
1.82751
1.78678
1.69253
1.58151
1.52201
1.52896
1.5452
1.51512
1.4909
1.48713
1.57642
1.61915
2.15143
2.97557
3.47175
4.29361
5.06363
5.20543
4.48571
5.19493
5.63499
7.38491
8.38153
9.27153
9.76661
9.94646
8.98127
4.40549
8.35515
10.1349
10.3322
10.3195
10.0284
9.53506
9.55939
9.46206
9.64252
9.00735
6.91956
7.33781
7.63932
7.80777
8.38181
9.11704
9.3351
9.109
8.53702
9.26695
9.11843
8.73816
9.08294
9.02793
8.84714
8.6656
8.0695
5.7979
5.42086
5.65041
5.02886
4.76854
5.89292
5.12774
2.20917
0.900609
1.69904
1.74771
2.12107
2.92999
4.317
4.50646
5.08775
6.00701
6.49733
6.72288
6.76779
6.89731
6.84626
6.82497
6.80265
6.74279
6.67469
6.58955
6.4443
6.29331
6.13026
5.98512
5.63225
5.27509
4.73529
3.94929
3.26619
1.91324
0.6977
0.451109
0.581871
0.984864
0.822234
1.03705
1.73417
2.46446
2.99583
3.28296
3.21449
3.35628
3.5446
3.38102
3.54834
3.62745
3.8912
4.0051
4.15773
4.21681
4.16106
4.04722
3.79041
3.33532
3.25777
3.57679
3.62308
3.56574
3.26219
2.89925
2.47685
2.11627
1.747
1.245
0.82854
0.588753
0.134289
0.00625421
4.26325e-005
1.32059e-007
5.50418e-006
9.8383e-006
1.57898e-006
3.0156e-006
7.86711e-006
2.99701e-005
0.000510859
0.00292472
0.00868067
0.0205605
0.0217415
0.0327993
0.0552067
0.100657
0.131965
0.0942714
0.0926314
0.12518
0.20068
0.369651
0.544657
0.62869
0.746596
0.821804
0.929559
0.996527
1.06464
1.11276
1.15135
1.17107
1.18932
1.17367
1.14007
1.19145
1.23372
1.25286
1.2408
1.23251
1.27894
1.33522
1.3667
1.37249
1.34778
1.33651
1.34763
1.36569
1.35417
1.32584
1.31493
1.2771
1.24943
1.19941
1.15246
1.09504
1.05703
1.00143
0.944215
0.918871
0.842911
0.792571
0.764823
0.723512
0.623736
0.550299
0.442757
0.32477
0.226985
0.121201
0.0470071
0.0096949
0.00201567
0.000187247
8.93352e-006
2.94709e-007
8.84513e-009
1.5527e-009
4.5761e-009
1.52131e-008
3.67028e-008
1.39413e-007
1.32929e-007
4.23174e-007
5.96757e-007
1.71005e-007
1.2936e-008
7.20162e-008
3.24769e-007
4.49639e-006
2.84432e-005
0.000137731
0.000694001
0.00223733
0.00295138
0.00570734
0.0172032
0.0360229
0.0585078
0.0855861
0.0906777
0.0700533
0.0339021
0.0381879
0.0432964
0.072621
0.125571
0.164466
0.171729
0.150936
0.110355
0.110949
0.116107
0.135653
0.173008
0.192503
0.203989
0.203677
0.210888
0.217096
0.21814
0.222625
0.228538
0.233576
0.236601
0.224283
0.221302
0.21883
0.211641
0.218401
0.222425
0.204818
0.221594
0.216114
0.211997
0.218662
0.226898
0.228964
0.228903
0.220879
0.211416
0.20352
0.194705
0.181413
0.173377
0.165832
0.159712
0.153905
0.147181
0.137182
0.134712
0.128341
0.118763
0.106013
0.10471
0.0899812
0.0754133
0.0659904
0.0590328
0.0605121
0.0545715
0.0359269
0.0292937
0.0286502
0.0293825
0.0271559
0.0184511
0.00975147
0.0121021
0.0142665
0.0094245
0.00870366
0.00738737
0.00187564
0.00430802
0.00400038
0.00232041
L of Background Average
3.38223
5.21076
5.59933
5.6856
6.05635
6.09399
5.85845
5.67148
4.72091
5.96391
6.10589
6.72045
7.14301
7.3353
7.53642
7.50643
7.53856
7.58705
7.71376
7.71832
7.39839
7.21291
7.42252
7.36461
7.09639
7.40666
7.50568
7.04414
7.15698
7.56938
7.85256
7.768
8.00644
7.91976
8.00876
8.06109
7.96415
7.9019
7.73007
7.58265
7.57857
7.51531
7.4516
6.60897
6.7525
6.92562
7.03345
6.99967
6.73241
6.67409
6.71971
6.51409
6.46834
6.5184
6.46936
6.25417
5.96597
5.8406
5.98344
6.16341
6.13139
6.0684
6.03526
6.04456
5.3081
5.72689
6.61147
6.95902
7.75828
8.45906
8.18117
6.63667
7.36858
7.68226
9.73892
10.7502
11.639
12.0943
12.2147
10.9627
5.33411
10.0581
12.142
12.3265
12.2774
11.9046
11.2964
11.3052
11.1694
11.3645
10.597
8.12266
8.59971
8.93915
9.12166
9.77665
10.6221
10.8677
10.5938
9.91562
10.7526
10.5819
10.1365
10.5202
10.4373
10.2219
10.0151
9.33072
6.70469
6.27116
6.54023
5.82288
5.52339
6.82976
5.94314
2.56046
1.04577
1.97865
2.04068
2.48268
3.43612
5.07399
5.30721
6.00498
7.09908
7.6495
7.83615
7.80896
7.91806
7.84747
7.80966
7.77086
7.69216
7.60635
7.50548
7.33772
7.16125
6.97502
6.82152
6.44442
6.06646
5.4686
4.57033
3.78076
2.21474
0.808938
0.525662
0.681767
1.16054
0.974016
1.23753
2.0783
2.95501
3.5731
3.87607
3.7567
3.89407
4.09452
3.88506
4.05226
4.12657
4.42912
4.57814
4.77792
4.86696
4.81451
4.68873
4.39584
3.87409
3.78941
4.1616
4.21664
4.16071
3.8265
3.42347
2.94939
2.55228
2.14365
1.55656
1.05532
0.757879
0.173922
0.00813138
5.54462e-005
1.59811e-007
6.94022e-006
1.34967e-005
2.17401e-006
4.15325e-006
1.29708e-005
5.038e-005
0.00090812
0.00536725
0.0164794
0.0401665
0.0434059
0.0673842
0.115403
0.211432
0.276535
0.19695
0.192757
0.253941
0.388186
0.686234
0.988183
1.12175
1.30972
1.41822
1.57761
1.66087
1.74207
1.79023
1.82705
1.83771
1.84463
1.78955
1.70581
1.76118
1.81484
1.83129
1.7914
1.75189
1.79749
1.86621
1.9023
1.89687
1.84447
1.81261
1.818
1.83656
1.81453
1.76992
1.75075
1.70048
1.66838
1.60631
1.53986
1.44786
1.37462
1.27542
1.17514
1.13231
1.05757
1.02851
1.02131
0.977108
0.841398
0.744384
0.607808
0.456766
0.32616
0.177382
0.0698586
0.0150828
0.00332044
0.000335199
1.71282e-005
6.1004e-007
1.64167e-008
1.94649e-009
6.09393e-009
2.4197e-008
4.90165e-008
1.44078e-007
2.79212e-007
1.36474e-006
1.86589e-006
4.74781e-007
2.59626e-008
1.58018e-007
1.00215e-006
2.13496e-005
0.000145771
0.000770935
0.00400136
0.0123773
0.0153147
0.02608
0.0709766
0.135983
0.204061
0.278295
0.276216
0.200318
0.0920394
0.100637
0.112406
0.185216
0.313752
0.402631
0.412463
0.356492
0.256311
0.255137
0.265176
0.308178
0.391127
0.4318
0.452711
0.445841
0.457283
0.467909
0.465528
0.469672
0.477324
0.486162
0.489671
0.459419
0.447521
0.437799
0.419338
0.428476
0.42989
0.392063
0.418494
0.404119
0.393757
0.404522
0.418612
0.420934
0.418828
0.404484
0.389046
0.376561
0.362547
0.340977
0.326789
0.307484
0.29119
0.275228
0.25543
0.223896
0.203142
0.18681
0.175381
0.180243
0.192468
0.169885
0.143748
0.123437
0.107762
0.117305
0.111844
0.0787299
0.0675956
0.0652387
0.0684176
0.066057
0.0518013
0.0318181
0.0410287
0.0490045
0.0346297
0.0389499
0.0355448
0.0117235
0.0330564
0.0321052
0.0217302
L of Target
15.0916
23.2178
24.8866
25.1313
26.5949
26.5706
25.3445
24.3808
20.2287
25.5522
26.1794
28.797
30.5748
31.3525
32.1328
31.9471
32.094
32.3441
32.894
32.8566
31.4262
30.5992
31.4337
31.0671
29.7591
30.8323
30.8982
28.5626
28.5224
29.5924
30.1174
29.3475
29.9465
29.4035
29.5405
29.5915
29.1878
29.0559
28.6541
28.4483
28.8051
28.8338
28.7253
25.5133
26.1847
26.9917
27.5083
27.4548
26.5104
26.3997
26.6796
25.9174
25.7711
26.0347
25.9441
25.202
24.1471
23.752
24.467
25.3308
25.2846
25.0525
24.8887
24.5533
20.5149
20.4322
21.5611
21.2824
21.9829
22.3923
20.3584
15.3744
16.1976
15.992
19.3172
20.3914
21.2746
21.5635
21.4375
19.0115
9.07686
16.9567
20.2864
20.4175
20.2191
19.5096
18.4309
18.3754
18.0821
18.3375
17.0278
12.9736
13.6928
14.186
14.4257
15.4108
16.7071
17.0651
16.5978
15.4898
16.7588
16.4981
15.7888
16.3286
16.1318
15.7758
15.4657
14.4214
10.3539
9.69253
10.1215
9.01604
8.55822
10.6025
9.22377
3.96876
1.62684
3.09872
3.21408
3.93172
5.46691
8.11829
8.52803
9.69818
11.5024
12.2972
12.3259
12.0058
12.0317
11.882
11.7771
11.6715
11.5167
11.359
11.1942
10.9354
10.656
10.376
10.1884
9.71322
9.25112
8.41843
7.06607
5.84667
3.42351
1.25426
0.824013
1.08172
1.86418
1.58164
2.04034
3.45785
4.92415
5.89223
6.25949
5.93461
6.05414
6.30348
5.90919
6.07584
6.13059
6.58953
6.88047
7.27063
7.48092
7.44183
7.26782
6.82917
6.03844
5.925
6.51176
6.60238
6.55171
6.09368
5.52898
4.84656
4.3022
3.73486
2.80556
1.96359
1.43514
0.332536
0.015641
0.000106703
2.70818e-007
1.26842e-005
2.81298e-005
4.55405e-006
8.70397e-006
3.33872e-005
0.000132026
0.00249721
0.0151376
0.0476783
0.118607
0.130083
0.205764
0.356278
0.654817
0.855282
0.607915
0.593544
0.769354
1.13905
1.95544
2.76863
3.10225
3.5728
3.81569
4.18379
4.33309
4.4673
4.51562
4.5452
4.51913
4.48026
4.26595
3.97989
4.05131
4.15093
4.15647
4.00409
3.8387
3.88093
3.99981
4.0544
4.00364
3.83976
3.72481
3.70694
3.72741
3.6631
3.55303
3.50058
3.40023
3.3502
3.23946
3.09444
2.86349
2.64865
2.37411
2.10081
1.98785
1.918
1.97449
2.04985
1.99401
1.71386
1.52202
1.26885
0.985185
0.723115
0.402198
0.161292
0.036638
0.00854003
0.000927031
4.99081e-005
1.87138e-006
4.67033e-008
3.52167e-009
1.21654e-008
6.01335e-008
9.82726e-008
1.62736e-007
8.64349e-007
5.13108e-006
6.94264e-006
1.68996e-006
7.80709e-008
5.02019e-007
3.71174e-006
8.87657e-005
0.000615083
0.00330378
0.0172313
0.052942
0.064774
0.107589
0.286163
0.536111
0.786926
1.05047
1.0196
0.721982
0.324741
0.350592
0.389018
0.636126
1.06789
1.35747
1.37766
1.18053
0.841096
0.832859
0.862499
0.999646
1.26563
1.39139
1.45016
1.41681
1.44527
1.47373
1.45762
1.46042
1.47507
1.49926
1.50473
1.40236
1.35458
1.31572
1.25198
1.27066
1.26161
1.14262
1.20777
1.15765
1.12223
1.14947
1.18706
1.1904
1.18016
1.14045
1.10104
1.07013
1.03524
0.980495
0.941607
0.87511
0.81799
0.761283
0.689031
0.571124
0.477069
0.420825
0.401994
0.477454
0.543861
0.489808
0.417324
0.353391
0.302795
0.344639
0.341103
0.25003
0.220862
0.211643
0.224616
0.221721
0.185251
0.120099
0.156768
0.188005
0.13547
0.159978
0.148217
0.0511181
0.148085
0.144556
0.0993817
