SNR of Background 1
63.4376
76.1259
79.1014
80.8322
82.8341
84.3295
85.3426
86.2536
85.209
88.8975
89.9674
91.4455
92.5558
93.2036
93.7055
94.0373
94.3506
94.7056
95.0126
95.2679
95.3114
95.424
95.7381
95.8861
95.7317
95.9318
95.888
95.6151
95.6125
95.8355
95.9306
95.8648
95.9985
95.9621
96.0034
96.0734
96.1043
96.1493
96.1773
96.2393
96.3323
96.4095
96.4517
96.1022
96.255
96.4337
96.419
96.2831
96.0449
95.832
95.8572
95.7209
95.6633
95.6778
95.5807
95.4175
95.1697
95.1381
95.2689
95.4507
95.4806
95.4661
95.473
95.4371
94.5684
94.5835
94.8764
94.8279
94.9366
94.9187
94.3966
92.5879
92.7466
92.5663
93.5886
93.7269
93.8724
93.7633
93.5312
92.5326
84.8958
91.0043
92.1115
91.8675
91.3292
90.6812
89.783
89.314
88.6764
88.4337
87.3957
83.9083
84.0264
84.2174
83.7738
84.3474
85.0806
85.0314
83.8954
82.5367
83.2351
82.5768
81.4545
82.0381
81.3525
80.4619
79.5509
77.7219
70.6246
68.305
68.247
64.5839
62.1718
65.8259
61.2307
38.9475
19.6288
45.8502
44.7683
32.3717
57.1779
69.2162
68.8785
68.4644
67.0267
57.7092
39.4947
39.0872
39.5976
43.3273
43.4619
47.0792
50.2542
50.2205
52.9707
52.4204
54.5005
56.3556
55.973
56.9763
57.7454
54.7811
51.0863
46.8837
32.4317
13.7134
9.6513
13.7738
23.9415
21.5149
27.9634
44.2075
57.2508
64.3479
66.2458
65.621
67.2419
69.416
68.5439
70.4477
72.5681
75.4595
77.4018
79.4964
80.8408
81.897
82.0011
81.2346
79.0529
79.2404
81.9203
82.7467
83.08
82.5184
80.8974
78.3263
75.8674
72.5464
64.3996
53.146
43.3575
12.1046
0.59952
0.0041821
1.08385e-005
0.000518881
0.00117428
0.000193962
0.000378101
0.00147888
0.00597028
0.113727
0.702839
2.25148
5.67584
6.25167
9.99482
17.1735
29.8845
37.7928
28.8408
28.3571
35.7625
48.258
66.8287
77.4335
80.4122
83.8626
85.5046
87.2129
88.0953
88.8547
89.1455
89.6462
89.9686
90.1122
89.8832
89.3789
89.8441
90.5025
90.8577
90.7356
90.4199
90.7124
91.2193
91.63
91.652
91.3522
91.1791
91.1683
91.2816
91.1341
90.8476
90.7209
90.4378
90.3066
89.9544
89.4309
88.4189
87.3228
85.5913
83.3998
82.116
81.449
82.1634
82.8602
82.7079
79.563
76.8473
72.4512
64.9561
55.3001
36.5185
16.1944
3.80497
0.900055
0.0975996
0.00523564
0.000195787
4.92532e-006
3.69932e-007
1.26194e-006
6.22373e-006
1.00384e-005
1.63822e-005
8.67364e-005
0.000513055
0.000684243
0.000165833
7.65908e-006
4.98002e-005
0.000368472
0.00881854
0.0616899
0.331418
1.72471
5.31158
6.46759
10.5978
26.1733
43.7623
56.5573
65.7317
64.75
53.122
28.7107
30.8478
33.8586
49.4391
66.9473
74.2473
74.8375
70.3403
59.5468
59.2767
60.5092
65.4071
72.5972
75.266
76.1293
75.5623
76.297
76.9747
76.6273
76.8494
77.3061
77.6137
77.9003
75.9989
74.9911
74.106
72.6187
72.9425
72.3268
69.2561
70.8106
69.4329
68.0027
68.2095
68.3276
67.4934
66.2038
64.4859
62.2357
60.0693
58.3107
55.7671
53.6749
50.5125
48.0296
44.938
41.077
34.776
30.2472
27.4503
26.6758
31.3063
35.2656
32.6895
28.8346
25.1926
21.6699
24.0899
23.2599
17.2621
15.1864
14.3994
15.0409
14.6615
11.9772
7.74209
9.71931
11.4054
8.01462
9.0962
8.29372
2.79396
7.84853
7.37078
5.0006
SNR of Background 2
7.64977
13.2515
15.479
17.3152
19.8259
22.1893
24.2315
26.1622
24.7666
31.3106
33.6241
37.6093
41.2533
43.7287
45.9638
47.5254
48.8199
50.2649
51.7061
53.2097
53.6309
54.3325
56.3022
57.6007
57.2523
59.2399
60.188
60.1466
61.8159
64.8152
66.9482
67.7503
69.2163
69.5167
70.1829
70.8801
71.1342
71.1243
70.6804
70.1037
69.6355
69.3426
69.1766
66.7473
67.2459
67.9769
67.6096
66.473
64.6171
62.8872
62.6319
61.5597
61.0465
60.8665
59.8556
58.3298
56.3662
55.6592
55.7468
56.1644
55.896
55.6429
55.7815
57.3432
57.9044
64.7909
71.8876
74.9531
78.558
80.8642
81.1641
78.4761
80.4011
81.4438
84.8066
85.9994
86.9751
87.1969
87.0294
85.4123
73.1823
83.2936
85.3686
85.1134
84.3183
83.3416
81.9729
81.305
80.3877
80.0851
78.5809
73.5584
73.8202
74.1891
73.6504
74.5656
75.6853
75.6589
74.0914
72.2653
73.3056
72.3774
70.8581
71.762
70.9488
69.7902
68.5571
66.1331
57.3885
54.6638
54.552
50.4344
47.8111
51.7141
46.762
26.2115
11.9122
31.7147
30.6002
19.615
36.8311
48.3256
47.7462
47.0561
45.3825
36.8731
23.6337
24.0559
24.7876
27.6473
27.8883
30.8281
33.5128
33.5863
35.95
35.512
37.372
39.0308
38.5142
39.0181
39.1997
36.1773
32.9101
29.5799
19.3441
7.76966
5.3463
7.55248
13.2044
11.6092
15.0408
25.0533
34.9043
41.8152
44.7141
45.1257
47.5823
50.4243
50.046
52.8689
55.7836
59.2606
61.2901
63.5486
64.9928
66.289
66.3156
65.0707
61.7882
61.8991
65.7577
66.9856
67.2434
65.8496
62.7224
58.1758
53.5899
47.8108
37.6711
27.2483
20.3874
4.98845
0.239897
0.00167094
5.28519e-006
0.000225164
0.000410699
6.72506e-005
0.000130998
0.000348472
0.00135527
0.0232696
0.13595
0.411509
0.99458
1.05765
1.62773
2.77914
5.06213
6.71932
4.90236
4.83918
6.61639
10.5344
19.1256
27.7373
31.676
37.1997
40.8415
45.1306
48.1943
51.1876
53.0457
55.2773
56.9141
58.1228
58.708
58.7476
60.8397
62.9748
64.4322
64.982
65.2564
66.8772
68.6795
70.1415
70.706
70.5662
70.7464
71.1039
71.6358
71.5032
71.0287
70.8978
70.1765
69.6338
68.5379
67.4516
65.9557
64.9703
63.3636
61.5738
60.4108
57.6586
55.7225
54.3857
53.1831
48.4348
44.5534
38.3393
29.8752
22.1326
12.3638
4.88661
1.01308
0.212732
0.0197167
0.000937184
3.08329e-005
9.32805e-007
1.63102e-007
4.74689e-007
1.57454e-006
3.74913e-006
1.40343e-005
1.33393e-005
4.2313e-005
5.88144e-005
1.67804e-005
1.26908e-006
7.14399e-006
3.22405e-005
0.000446707
0.00285304
0.0138251
0.0697007
0.227048
0.298921
0.576681
1.71354
3.57088
5.75758
8.26471
8.7381
6.77343
3.29574
3.73468
4.25866
7.14029
12.2456
15.9442
16.7153
14.7465
10.9388
11.015
11.5291
13.4109
16.8997
18.7048
19.579
19.5827
20.3732
21.0553
21.0984
21.6277
22.3127
22.6761
23.1065
21.9289
21.599
21.3124
20.6054
21.1422
21.2162
19.5783
20.9811
20.4358
19.7901
20.0412
20.2012
19.8202
19.2313
18.2719
16.995
15.8399
14.9164
13.6722
12.8303
12.0588
11.5579
10.9199
10.2491
9.36586
9.32275
9.00949
8.46115
7.66914
7.67366
6.69718
5.69989
5.05923
4.47652
4.53075
3.97602
2.59238
2.09131
2.01853
2.04198
1.86187
1.22738
0.639402
0.767313
0.889473
0.567642
0.505442
0.421294
0.103101
0.2325
0.207442
0.118032
SNR of Background Average
28.0175
41.7351
46.0153
48.8464
52.3766
55.2616
57.391
59.3609
57.3649
65.1574
67.6669
71.3965
74.3995
76.2467
77.7436
78.7558
79.6932
80.7604
81.7153
82.5509
82.7209
83.1003
84.1424
84.6788
84.252
84.9994
84.9992
84.3245
84.5435
85.4819
86.0101
85.9903
86.5153
86.4916
86.6916
86.957
87.0683
87.1667
87.1613
87.2166
87.3611
87.5006
87.5824
86.4653
86.8935
87.4053
87.3194
86.8526
86.0503
85.3251
85.3574
84.9032
84.7056
84.7189
84.3624
83.7896
82.9628
82.7983
83.1255
83.6247
83.6731
83.6119
83.6485
83.7419
81.8398
83.0391
85.0293
85.7074
86.8743
87.5902
87.132
84.3589
85.333
85.6794
88.0388
88.7361
89.3416
89.3992
89.1768
87.7247
76.7646
85.7174
87.4839
87.2134
86.4804
85.5878
84.3428
83.7211
82.8712
82.576
81.1885
76.5553
76.7679
77.0807
76.5546
77.3719
78.3846
78.3471
76.8819
75.1621
76.1114
75.2508
73.8246
74.6402
73.8442
72.7443
71.5885
69.3039
60.8958
58.2417
58.1451
54.0878
51.4805
55.3798
50.4442
29.1622
13.5711
35.0998
33.9842
22.4298
41.7089
53.7841
53.2617
52.6315
50.9552
41.8775
27.0868
27.3145
28.0001
31.0985
31.316
34.4593
37.3071
37.3539
39.8571
39.3822
41.3332
43.0772
42.5886
43.2439
43.5985
40.5282
37.0846
33.4752
22.128
8.97766
6.21602
8.81769
15.4388
13.6596
17.7667
29.366
40.3255
47.5478
50.2321
50.3131
52.5874
55.318
54.7577
57.3793
60.1383
63.5588
65.6569
67.9815
69.4796
70.7682
70.8304
69.6976
66.6426
66.793
70.4378
71.5879
71.9021
70.7643
68.0425
63.9809
59.9332
54.7232
44.6707
33.5064
25.6241
6.43686
0.311856
0.00217316
6.39587e-006
0.000283909
0.000563421
9.25935e-005
0.000180418
0.000574537
0.00227822
0.0413633
0.249429
0.780624
1.93911
2.10684
3.33147
5.76794
10.475
13.7817
10.0972
9.93101
13.1614
19.7166
33.1039
44.8863
49.4575
55.5071
58.9923
62.8958
65.3157
67.5499
68.7209
70.2922
71.3873
72.0846
72.0924
71.5789
73.0215
74.6754
75.7028
75.8259
75.6394
76.6754
77.9963
79.0643
79.345
79.0001
78.9295
79.0915
79.4462
79.2544
78.7796
78.6094
78.0184
77.6414
76.8065
75.8356
74.278
72.9579
70.9231
68.5923
67.201
65.176
64.4221
64.0745
63.2883
58.5684
54.6774
48.4946
39.5237
30.4946
17.7495
7.21848
1.57423
0.35034
0.0352947
0.00179686
6.38233e-005
1.7313e-006
2.04468e-007
6.32138e-007
2.50436e-006
5.00696e-006
1.45039e-005
2.80186e-005
0.000136459
0.000183896
4.65895e-005
2.54704e-006
1.56753e-005
9.94856e-005
0.00212103
0.0146215
0.0773751
0.401603
1.25344
1.54712
2.62372
6.98055
13.12
19.2109
25.2009
25.0164
18.6227
8.82048
9.68765
10.8577
17.5977
28.5496
35.4289
36.3304
32.125
24.1372
24.0769
24.9634
28.5401
34.9164
37.8676
39.0358
38.623
39.6452
40.5688
40.33
40.8162
41.5752
42.0287
42.5085
40.3691
39.4579
38.6836
37.2862
37.8283
37.4946
34.6693
36.4502
35.3287
34.1456
34.4187
34.5856
33.9039
32.8685
31.4046
29.519
27.7989
26.4408
24.5806
23.2144
21.568
20.3965
18.9749
17.3582
15.0083
13.8571
12.9539
12.3475
12.8362
13.8386
12.4314
10.7126
9.35405
8.09487
8.68701
8.06326
5.63978
4.79559
4.56947
4.7254
4.50173
3.42918
2.07999
2.59125
3.04108
2.07915
2.2536
2.02032
0.643725
1.77833
1.65986
1.10314
SNR of Target
63.4376
76.1259
79.1014
80.8322
82.8341
84.3295
85.3426
86.2536
85.209
88.8975
89.9674
91.4455
92.5558
93.2036
93.7055
94.0373
94.3506
94.7056
95.0126
95.2679
95.3114
95.424
95.7381
95.8861
95.7317
95.9318
95.888
95.6151
95.6125
95.8355
95.9306
95.8648
95.9985
95.9621
96.0034
96.0734
96.1043
96.1493
96.1773
96.2393
96.3323
96.4095
96.4517
96.1022
96.255
96.4337
96.419
96.2831
96.0449
95.832
95.8572
95.7209
95.6633
95.6778
95.5807
95.4175
95.1697
95.1381
95.2689
95.4507
95.4806
95.4661
95.473
95.4371
94.5684
94.5835
94.8764
94.8279
94.9366
94.9187
94.3966
92.5879
92.7466
92.5663
93.5886
93.7269
93.8724
93.7633
93.5312
92.5326
84.8958
91.0043
92.1115
91.8675
91.3292
90.6812
89.783
89.314
88.6764
88.4337
87.3957
83.9083
84.0264
84.2174
83.7738
84.3474
85.0806
85.0314
83.8954
82.5367
83.2351
82.5768
81.4545
82.0381
81.3525
80.4619
79.5509
77.7219
70.6246
68.305
68.247
64.5839
62.1718
65.8259
61.2307
38.9475
19.6288
45.8502
44.7683
32.3717
57.1779
69.2162
68.8785
68.4644
67.0267
57.7092
39.4947
39.0872
39.5976
43.3273
43.4619
47.0792
50.2542
50.2205
52.9707
52.4204
54.5005
56.3556
55.973
56.9763
57.7454
54.7811
51.0863
46.8837
32.4317
13.7134
9.6513
13.7738
23.9415
21.5149
27.9634
44.2075
57.2508
64.3479
66.2458
65.621
67.2419
69.416
68.5439
70.4477
72.5681
75.4595
77.4018
79.4964
80.8408
81.897
82.0011
81.2346
79.0529
79.2404
81.9203
82.7467
83.08
82.5184
80.8974
78.3263
75.8674
72.5464
64.3996
53.146
43.3575
12.1046
0.59952
0.0041821
1.08385e-005
0.000518881
0.00117428
0.000193962
0.000378101
0.00147888
0.00597028
0.113727
0.702839
2.25148
5.67584
6.25167
9.99482
17.1735
29.8845
37.7928
28.8408
28.3571
35.7625
48.258
66.8287
77.4335
80.4122
83.8626
85.5046
87.2129
88.0953
88.8547
89.1455
89.6462
89.9686
90.1122
89.8832
89.3789
89.8441
90.5025
90.8577
90.7356
90.4199
90.7124
91.2193
91.63
91.652
91.3522
91.1791
91.1683
91.2816
91.1341
90.8476
90.7209
90.4378
90.3066
89.9544
89.4309
88.4189
87.3228
85.5913
83.3998
82.116
81.449
82.1634
82.8602
82.7079
79.563
76.8473
72.4512
64.9561
55.3001
36.5185
16.1944
3.80497
0.900055
0.0975996
0.00523564
0.000195787
4.92532e-006
3.69932e-007
1.26194e-006
6.22373e-006
1.00384e-005
1.63822e-005
8.67364e-005
0.000513055
0.000684243
0.000165833
7.65908e-006
4.98002e-005
0.000368472
0.00881854
0.0616899
0.331418
1.72471
5.31158
6.46759
10.5978
26.1733
43.7623
56.5573
65.7317
64.75
53.122
28.7107
30.8478
33.8586
49.4391
66.9473
74.2473
74.8375
70.3403
59.5468
59.2767
60.5092
65.4071
72.5972
75.266
76.1293
75.5623
76.297
76.9747
76.6273
76.8494
77.3061
77.6137
77.9003
75.9989
74.9911
74.106
72.6187
72.9425
72.3268
69.2561
70.8106
69.4329
68.0027
68.2095
68.3276
67.4934
66.2038
64.4859
62.2357
60.0693
58.3107
55.7671
53.6749
50.5125
48.0296
44.938
41.077
34.776
30.2472
27.4503
26.6758
31.3063
35.2656
32.6895
28.8346
25.1926
21.6699
24.0899
23.2599
17.2621
15.1864
14.3994
15.0409
14.6615
11.9772
7.74209
9.71931
11.4054
8.01462
9.0962
8.29372
2.79396
7.84853
7.37078
5.0006
