L of Background 1
1.06658
1.07352
1.04066
1.03038
1.12645
1.35729
1.55916
1.61521
1.44363
1.24797
1.14423
1.07345
0.99834
0.910544
0.826188
0.8284
0.941641
1.77236
2.57108
4.08407
6.55173
5.46542
7.04405
7.3477
6.86451
5.26732
5.59422
6.82719
6.92357
6.89463
6.85507
5.45658
3.4657
2.7721
0.831139
1.0408
2.5145
4.02563
5.02889
5.09994
5.12845
5.0355
4.77071
4.43554
3.71012
2.19087
0.515017
0.24095
0.428992
1.20743
1.87016
1.94063
2.00956
2.30899
2.64174
2.70628
2.30492
2.19086
2.26664
1.77253
1.15419
0.524824
1.45966e-007
9.57147e-006
0.000151666
0.00119238
0.0104589
0.0244473
0.0326546
0.114467
0.249462
0.363058
0.466234
0.533973
0.567237
0.544379
0.587986
0.593168
0.613934
0.663731
0.632763
0.615426
0.598126
0.574146
0.54932
0.511227
0.464619
0.41202
0.35415
0.315414
0.238821
0.148749
0.0655004
0.0123469
0.000150388
0.0116869
0.0217842
0.0113178
0.0398769
0.0464944
0.0427919
0.0690248
0.0797534
0.0858476
0.0908328
0.0845543
0.0822561
0.0804362
0.0835575
0.0846698
0.0776995
0.0682476
0.0597382
0.0508354
0.0431043
0.0348229
0.0247383
0.0202137
0.0141357
0.0122295
0.00722058
0.00809682
0.00411064
0.00175471
8.47549e-005
2.93829e-005
L of Background 2
1.13606
1.16364
1.15654
1.18006
1.31008
1.57863
1.81054
1.87979
1.73469
1.55729
1.4729
1.43791
1.371
1.26834
1.14168
1.13232
1.22008
1.99739
2.50432
3.37594
5.06087
4.11903
5.1027
5.3465
5.04533
3.87616
4.0315
4.88955
4.95494
4.96716
4.95484
4.04889
2.6129
2.13406
0.646005
0.776868
1.87684
3.04363
3.81079
3.85611
3.85876
3.77886
3.5914
3.36877
2.87556
1.75659
0.42244
0.19526
0.341218
0.972103
1.56278
1.65097
1.71327
1.95761
2.23054
2.29422
1.96169
1.86887
1.95697
1.56255
1.04557
0.485926
1.45966e-007
9.57147e-006
0.000151666
0.00102757
0.0101008
0.0251843
0.0342899
0.125101
0.284702
0.418002
0.534458
0.607084
0.639981
0.610135
0.65564
0.658894
0.676649
0.72875
0.6993
0.687029
0.671837
0.645946
0.619281
0.580276
0.532563
0.475489
0.409006
0.364233
0.275241
0.168847
0.0724889
0.0135583
0.000150389
0.0103611
0.0210719
0.00825124
0.0412808
0.0510306
0.0456834
0.0747682
0.0873263
0.0945661
0.101426
0.0944575
0.091143
0.0871982
0.0882315
0.0871934
0.077462
0.0661232
0.0570024
0.0466648
0.0370278
0.0265499
0.0131933
0.00683316
0.00177768
0.000625711
0.000431388
0.000450089
0.000282814
0.000242516
8.48162e-005
2.93834e-005
L of Background 3
2.33027
2.41359
2.43147
2.40217
2.39065
2.42896
2.50142
2.50913
2.45745
2.3531
2.32234
2.33923
2.29247
2.23309
2.20571
2.29861
1.98766
2.0322
1.8015
1.85987
2.46947
1.89717
2.31793
2.3714
2.18312
1.66468
1.74368
2.10729
2.13009
2.12316
2.10777
1.65461
1.05806
0.886641
0.280835
0.348256
0.817099
1.27654
1.57495
1.57367
1.57164
1.52754
1.43794
1.33147
1.12773
0.691156
0.170175
0.0862967
0.152255
0.432364
0.68435
0.72399
0.75433
0.856602
0.968708
0.98756
0.839192
0.796302
0.833904
0.6759
0.483611
0.265118
1.55836e-007
3.82677e-005
0.00129265
0.00602402
0.0256019
0.0489748
0.0536783
0.164253
0.333822
0.452867
0.542523
0.579003
0.573713
0.516757
0.528774
0.510031
0.504648
0.529436
0.498235
0.484169
0.473779
0.455299
0.436061
0.40896
0.377684
0.341385
0.301403
0.279112
0.220555
0.144497
0.0700784
0.0164002
0.00602694
0.0531645
0.0892578
0.0448976
0.120193
0.129194
0.10745
0.161574
0.176935
0.183752
0.187447
0.166312
0.15483
0.145914
0.149386
0.15405
0.147359
0.136605
0.124773
0.111436
0.100847
0.0866204
0.0690921
0.0609581
0.0435214
0.0413212
0.0262346
0.0268195
0.0153569
0.0112462
0.00190297
0.00109363
L of Background Average
1.21996
1.24275
1.22522
1.2266
1.32562
1.55249
1.75356
1.81009
1.661
1.48171
1.39294
1.34515
1.27613
1.18522
1.08959
1.09617
1.15715
1.88823
2.46711
3.57613
5.54033
4.56395
5.78516
6.03932
5.6596
4.3451
4.57774
5.57037
5.64652
5.63645
5.61036
4.50686
2.88143
2.32667
0.701844
0.865771
2.08842
3.35448
4.19091
4.24417
4.25913
4.17635
3.96047
3.69389
3.11492
1.86607
0.443398
0.20719
0.366166
1.0355
1.628
1.70245
1.76484
2.02224
2.30866
2.36818
2.01997
1.92162
1.99851
1.57833
1.04349
0.483257
1.47408e-007
1.25984e-005
0.00028843
0.00160958
0.0118298
0.0271945
0.0354107
0.123698
0.27199
0.394005
0.501134
0.567713
0.59698
0.567912
0.609112
0.611123
0.628069
0.676292
0.645907
0.630912
0.615157
0.590959
0.565957
0.528602
0.483085
0.43033
0.370804
0.331303
0.25156
0.156363
0.0687535
0.0132367
0.00131146
0.0153027
0.0282435
0.013448
0.0484649
0.056574
0.0504111
0.0805707
0.0924946
0.0991187
0.104725
0.0966863
0.0930633
0.0896855
0.0920072
0.0926134
0.0845662
0.0742291
0.0651433
0.0552234
0.046445
0.0366901
0.0245529
0.0189334
0.0121299
0.0105488
0.00641408
0.0069178
0.00370848
0.0021025
0.000321589
0.000136252
L of Target
2.95858
3.14088
3.22538
3.20765
3.16868
3.14837
3.1184
2.96514
2.7559
2.53746
2.42127
2.38943
2.3301
2.27905
2.2729
2.39267
2.08004
2.13615
1.90088
1.98843
2.71901
2.1666
2.73244
2.85442
2.68722
2.08701
2.21548
2.70429
2.76111
2.78228
2.77106
2.23477
1.45901
1.23467
0.393465
0.494865
1.17481
1.85667
2.31446
2.32548
2.32228
2.27467
2.1603
2.01609
1.71978
1.06333
0.263671
0.134142
0.239739
0.685862
1.09104
1.15622
1.20298
1.36463
1.54256
1.57587
1.34444
1.28054
1.34659
1.09507
0.782207
0.430441
1.68741e-007
6.3235e-005
0.00211288
0.00957637
0.0410429
0.0794585
0.0891248
0.279036
0.572243
0.777153
0.930972
0.994797
0.988444
0.893745
0.917283
0.886247
0.876882
0.920274
0.868229
0.844084
0.824177
0.79111
0.754952
0.70495
0.650048
0.588439
0.520651
0.483685
0.383533
0.250983
0.119735
0.0268835
0.00970065
0.0858109
0.145342
0.0741177
0.201752
0.220238
0.187695
0.287073
0.31741
0.327312
0.33192
0.294968
0.27648
0.26138
0.268028
0.271894
0.247269
0.219666
0.199482
0.180208
0.165379
0.142243
0.111745
0.0982357
0.0705503
0.0668451
0.0428306
0.0441087
0.0252588
0.019034
0.00383762
0.00121042
