L of Background 1
1.32295
1.36864
1.36388
1.37968
1.57261
2.01763
2.43038
2.53263
2.29465
1.98023
1.80177
1.67855
1.55249
1.40937
1.26265
1.31028
1.82623
3.6791
4.95601
6.65506
9.38846
7.98928
9.77683
10.181
9.69807
8.01415
8.25905
9.34248
9.31799
9.26981
9.23903
7.83146
5.63987
4.74051
1.87234
2.18823
4.11676
5.67581
6.69196
6.81479
6.79546
6.66666
6.3747
5.95685
5.10613
3.44887
1.0964
0.66508
0.994279
2.12534
3.14547
3.38278
3.49322
3.80461
4.11607
4.1171
3.61617
3.43735
3.50701
2.89146
2.06086
1.16612
4.14478e-006
0.000419762
0.0071648
0.0227506
0.0625275
0.104582
0.117714
0.314562
0.594706
0.80272
0.976684
1.08471
1.13499
1.12193
1.18754
1.20618
1.25183
1.3282
1.30982
1.3169
1.30815
1.26505
1.2021
1.11266
1.01647
0.915268
0.804402
0.726333
0.584964
0.406116
0.212391
0.0575389
0.00469024
0.0336658
0.0614317
0.0420199
0.108011
0.123737
0.116766
0.171341
0.193811
0.205669
0.213037
0.202687
0.200545
0.199372
0.205228
0.206752
0.186161
0.160948
0.141694
0.122455
0.102748
0.0798643
0.0546141
0.0404774
0.024099
0.0185199
0.00907634
0.00694509
0.0028919
0.00189097
0.000594179
0.000146387
L of Background Average
1.32295
1.36864
1.36388
1.37968
1.57261
2.01763
2.43038
2.53263
2.29465
1.98023
1.80177
1.67855
1.55249
1.40937
1.26265
1.31028
1.82623
3.6791
4.95601
6.65506
9.38846
7.98928
9.77683
10.181
9.69807
8.01415
8.25905
9.34248
9.31799
9.26981
9.23903
7.83146
5.63987
4.74051
1.87234
2.18823
4.11676
5.67581
6.69196
6.81479
6.79546
6.66666
6.3747
5.95685
5.10613
3.44887
1.0964
0.66508
0.994279
2.12534
3.14547
3.38278
3.49322
3.80461
4.11607
4.1171
3.61617
3.43735
3.50701
2.89146
2.06086
1.16612
4.14478e-006
0.000419762
0.0071648
0.0227506
0.0625275
0.104582
0.117714
0.314562
0.594706
0.80272
0.976684
1.08471
1.13499
1.12193
1.18754
1.20618
1.25183
1.3282
1.30982
1.3169
1.30815
1.26505
1.2021
1.11266
1.01647
0.915268
0.804402
0.726333
0.584964
0.406116
0.212391
0.0575389
0.00469024
0.0336658
0.0614317
0.0420199
0.108011
0.123737
0.116766
0.171341
0.193811
0.205669
0.213037
0.202687
0.200545
0.199372
0.205228
0.206752
0.186161
0.160948
0.141694
0.122455
0.102748
0.0798643
0.0546141
0.0404774
0.024099
0.0185199
0.00907634
0.00694509
0.0028919
0.00189097
0.000594179
0.000146387
L of Target
4.33475
4.7075
4.90941
4.92129
4.91993
4.98167
4.93974
4.51546
3.90959
3.35816
2.99422
2.77271
2.63839
2.54919
2.50896
2.65866
2.7448
3.72334
4.20825
5.16088
7.13084
6.16474
7.67546
8.08711
7.81186
6.54295
6.82522
7.78676
7.8327
7.87022
7.85792
6.75608
4.95319
4.22857
1.70085
2.03475
3.89503
5.44012
6.4201
6.49294
6.46507
6.35327
6.09847
5.74335
5.00963
3.43333
1.10155
0.684503
1.04817
2.27809
3.32947
3.51764
3.62141
3.94803
4.27735
4.2991
3.79661
3.62913
3.73237
3.1469
2.33709
1.39838
6.43919e-006
0.000864309
0.0159062
0.0539173
0.157373
0.26642
0.290227
0.706638
1.27326
1.64475
1.90593
2.02147
2.0323
1.91496
1.96539
1.93995
1.94515
2.02705
1.95155
1.92547
1.8902
1.81423
1.73253
1.62231
1.50189
1.37177
1.2275
1.14422
0.946793
0.671631
0.367002
0.104333
0.029626
0.17854
0.282864
0.164969
0.387812
0.425784
0.383311
0.543891
0.59022
0.601262
0.604522
0.553798
0.529293
0.510176
0.516877
0.512981
0.455911
0.396356
0.358775
0.327879
0.301843
0.263481
0.20989
0.183126
0.137341
0.1286
0.0890865
0.092582
0.0573281
0.0488371
0.0157182
0.00498279
