SNR of Background 1
99.5864
99.6177
99.628
99.6534
99.7111
99.7801
99.824
99.8334
99.8183
99.7946
99.7842
99.7723
99.7526
99.7353
99.7207
99.735
99.8117
99.91
99.935
99.9516
99.9664
99.9617
99.9701
99.9711
99.9699
99.965
99.9673
99.9712
99.971
99.972
99.975
99.9705
99.9555
99.9524
99.8789
99.8928
99.9444
99.962
99.9673
99.9673
99.9685
99.9688
99.9656
99.9658
99.9618
99.9428
99.8097
99.6913
99.812
99.9094
99.9392
99.9452
99.944
99.9509
99.9539
99.9547
99.9507
99.9451
99.9489
99.9398
99.9159
99.8536
0.0784226
8.91965
73.6711
91.9154
97.3137
98.5009
98.633
99.4979
99.7456
99.8124
99.8453
99.862
99.871
99.8662
99.8738
99.8776
99.8847
99.8884
99.8877
99.8892
99.8901
99.884
99.8779
99.87
99.8577
99.8371
99.8144
99.7958
99.744
99.6209
99.267
97.3559
78.2363
97.4203
98.6044
97.9269
99.2144
99.3359
99.3021
99.52
99.5672
99.5875
99.599
99.5884
99.5853
99.575
99.5974
99.5716
99.5431
99.4656
99.4099
99.289
99.1304
98.8685
98.3354
97.7534
96.1321
94.9327
88.7604
85.0984
64.3894
50.7898
20.8904
5.06208
SNR of Background Average
99.5864
99.6177
99.628
99.6534
99.7111
99.7801
99.824
99.8334
99.8183
99.7946
99.7842
99.7723
99.7526
99.7353
99.7207
99.735
99.8117
99.91
99.935
99.9516
99.9664
99.9617
99.9701
99.9711
99.9699
99.965
99.9673
99.9712
99.971
99.972
99.975
99.9705
99.9555
99.9524
99.8789
99.8928
99.9444
99.962
99.9673
99.9673
99.9685
99.9688
99.9656
99.9658
99.9618
99.9428
99.8097
99.6913
99.812
99.9094
99.9392
99.9452
99.944
99.9509
99.9539
99.9547
99.9507
99.9451
99.9489
99.9398
99.9159
99.8536
0.0784226
8.91965
73.6711
91.9154
97.3137
98.5009
98.633
99.4979
99.7456
99.8124
99.8453
99.862
99.871
99.8662
99.8738
99.8776
99.8847
99.8884
99.8877
99.8892
99.8901
99.884
99.8779
99.87
99.8577
99.8371
99.8144
99.7958
99.744
99.6209
99.267
97.3559
78.2363
97.4203
98.6044
97.9269
99.2144
99.3359
99.3021
99.52
99.5672
99.5875
99.599
99.5884
99.5853
99.575
99.5974
99.5716
99.5431
99.4656
99.4099
99.289
99.1304
98.8685
98.3354
97.7534
96.1321
94.9327
88.7604
85.0984
64.3894
50.7898
20.8904
5.06208
SNR of Target
99.8748
99.8897
99.8975
99.9035
99.9082
99.9113
99.9136
99.9068
99.8936
99.8792
99.8705
99.8625
99.8549
99.8542
99.86
99.8699
99.875
99.911
99.9234
99.9376
99.9557
99.9504
99.9619
99.9636
99.9627
99.9571
99.9604
99.9654
99.9655
99.9671
99.9706
99.9658
99.9493
99.9466
99.8667
99.8847
99.9412
99.9604
99.9659
99.9657
99.9669
99.9672
99.9641
99.9645
99.9611
99.9426
99.8106
99.7002
99.8217
99.9155
99.9426
99.9473
99.946
99.9526
99.9556
99.9566
99.953
99.948
99.952
99.9447
99.9258
99.878
0.121817
17.6207
88.5004
96.8223
98.9728
99.4255
99.4574
99.7783
99.8817
99.9087
99.9209
99.9261
99.9281
99.9217
99.9239
99.924
99.9259
99.927
99.9247
99.9243
99.924
99.9192
99.9154
99.9109
99.9038
99.8915
99.8786
99.8707
99.8423
99.7717
99.5795
98.5814
97.0002
99.5379
99.7057
99.4922
99.7847
99.8096
99.7903
99.8502
99.8591
99.86
99.8598
99.8505
99.844
99.8352
99.8413
99.8286
99.8149
99.785
99.7693
99.7378
99.7087
99.6643
99.5806
99.5247
99.368
99.3331
99.0124
99.057
98.4249
98.1146
93.7994
76.6276
