SNR of Background 1
5.1286
9.12733
10.8449
12.4454
14.6809
16.892
18.8851
20.7439
19.6917
25.4087
27.5021
31.1982
34.6247
37.0204
39.2666
40.8363
42.047
43.3789
44.7582
46.3073
46.8024
47.5268
49.5297
50.9666
50.9096
53.2629
54.5368
54.9706
57.2343
60.8658
63.5091
64.6513
66.4072
66.9156
67.68
68.4269
68.725
68.6783
68.1332
67.489
66.7284
66.1697
65.9665
64.4608
64.8733
64.9855
64.0787
62.7634
60.737
58.8554
58.5389
57.5331
57.0294
56.7467
55.5499
54.1948
52.5892
51.5402
51.1454
51.1298
50.6949
50.4091
50.6019
52.7423
54.6032
63.9282
72.3221
75.7851
79.1891
81.3267
82.4192
81.8896
83.4164
84.5618
86.3105
86.9121
87.4464
87.5676
87.3979
85.8258
73.4133
83.8719
85.8162
85.5378
84.7647
84.0577
83.0554
82.38
81.6075
81.0492
80.2861
77.6888
77.0385
77.2528
76.4342
76.9039
77.0095
76.5566
74.9723
73.1768
74.0978
73.1553
71.6655
72.5627
71.8095
70.7696
69.7118
68.2803
63.345
60.8096
60.3183
57.5206
56.1574
57.0702
54.4141
41.688
29.0944
50.2187
48.7363
33.2628
52.6522
57.6633
56.0532
53.3896
48.4013
37.9802
24.0743
24.4126
25.0547
27.871
28.1385
30.9842
33.6366
33.7238
36.0989
35.6615
37.5713
39.4793
39.3901
40.6234
41.4772
39.6062
39.2658
38.6859
31.647
21.2473
18.3856
21.6319
28.3549
27.1502
30.6673
38.8403
45.8139
49.8446
50.5295
51.425
53.6566
55.703
55.4922
57.31
60.3168
62.1522
63.3779
64.5821
65.2783
66.3811
66.3629
65.0861
61.6748
61.9326
66.1431
67.6333
68.8246
69.0073
67.3372
64.6162
61.8387
58.4994
52.4216
46.0729
41.5382
21.9035
4.03945
0.248726
0.0318801
0.281512
0.497235
0.194385
0.36233
0.467361
0.762515
1.80884
3.58293
5.33981
7.35803
6.91719
8.59255
10.7581
14.2784
16.066
13.8614
13.6477
16.5198
21.065
28.9445
34.983
37.2795
41.61
44.3819
46.8037
48.8604
50.8082
52.3455
54.375
55.9012
57.1745
57.7829
57.7276
59.9281
62.1919
63.6909
64.2084
64.3942
66.1357
68.008
69.4408
70.047
69.9728
70.1726
70.6488
71.2703
71.2187
70.7636
70.7138
70.001
69.7074
69.0483
68.1111
66.9249
66.1797
65.0949
63.8839
62.6101
60.7567
59.5584
58.5691
57.862
55.4272
54.6345
50.8085
45.2007
40.3239
31.4197
18.6981
9.41243
4.2
1.28063
0.325378
0.0718185
0.00733229
0.00383673
0.00789578
0.0139013
0.0196325
0.00672593
0.0249964
0.0809973
0.100586
0.0369715
0.00792943
0.0291206
0.0585095
0.126133
0.269811
0.462335
0.820232
1.28544
1.23608
1.56645
2.92671
5.13726
7.53195
9.75607
10.2994
8.17019
3.5742
3.73392
4.50596
7.69475
12.7383
15.8162
16.1459
14.1158
10.4632
10.5669
11.1347
13.1844
16.5752
18.1363
18.7992
19.2484
19.9128
20.3072
20.4556
20.9046
21.4227
21.5458
21.7739
21.335
21.2401
20.894
20.3634
20.7976
20.8753
20.2614
20.9345
20.3099
19.819
19.932
19.6152
19.048
18.0946
17.2472
16.0236
14.8521
13.8997
12.6892
11.8738
11.1174
10.617
9.98494
9.31402
8.53967
8.63232
8.48243
8.11431
7.47811
7.3763
6.59492
5.76993
5.11233
4.58522
4.5747
4.04313
2.8484
2.52602
2.34
2.26185
2.06001
1.50657
0.948232
0.998202
1.05894
0.752994
0.59389
0.487303
0.20215
0.300425
0.278255
0.211496
SNR of Background Average
5.1286
9.12733
10.8449
12.4454
14.6809
16.892
18.8851
20.7439
19.6917
25.4087
27.5021
31.1982
34.6247
37.0204
39.2666
40.8363
42.047
43.3789
44.7582
46.3073
46.8024
47.5268
49.5297
50.9666
50.9096
53.2629
54.5368
54.9706
57.2343
60.8658
63.5091
64.6513
66.4072
66.9156
67.68
68.4269
68.725
68.6783
68.1332
67.489
66.7284
66.1697
65.9665
64.4608
64.8733
64.9855
64.0787
62.7634
60.737
58.8554
58.5389
57.5331
57.0294
56.7467
55.5499
54.1948
52.5892
51.5402
51.1454
51.1298
50.6949
50.4091
50.6019
52.7423
54.6032
63.9282
72.3221
75.7851
79.1891
81.3267
82.4192
81.8896
83.4164
84.5618
86.3105
86.9121
87.4464
87.5676
87.3979
85.8258
73.4133
83.8719
85.8162
85.5378
84.7647
84.0577
83.0554
82.38
81.6075
81.0492
80.2861
77.6888
77.0385
77.2528
76.4342
76.9039
77.0095
76.5566
74.9723
73.1768
74.0978
73.1553
71.6655
72.5627
71.8095
70.7696
69.7118
68.2803
63.345
60.8096
60.3183
57.5206
56.1574
57.0702
54.4141
41.688
29.0944
50.2187
48.7363
33.2628
52.6522
57.6633
56.0532
53.3896
48.4013
37.9802
24.0743
24.4126
25.0547
27.871
28.1385
30.9842
33.6366
33.7238
36.0989
35.6615
37.5713
39.4793
39.3901
40.6234
41.4772
39.6062
39.2658
38.6859
31.647
21.2473
18.3856
21.6319
28.3549
27.1502
30.6673
38.8403
45.8139
49.8446
50.5295
51.425
53.6566
55.703
55.4922
57.31
60.3168
62.1522
63.3779
64.5821
65.2783
66.3811
66.3629
65.0861
61.6748
61.9326
66.1431
67.6333
68.8246
69.0073
67.3372
64.6162
61.8387
58.4994
52.4216
46.0729
41.5382
21.9035
4.03945
0.248726
0.0318801
0.281512
0.497235
0.194385
0.36233
0.467361
0.762515
1.80884
3.58293
5.33981
7.35803
6.91719
8.59255
10.7581
14.2784
16.066
13.8614
13.6477
16.5198
21.065
28.9445
34.983
37.2795
41.61
44.3819
46.8037
48.8604
50.8082
52.3455
54.375
55.9012
57.1745
57.7829
57.7276
59.9281
62.1919
63.6909
64.2084
64.3942
66.1357
68.008
69.4408
70.047
69.9728
70.1726
70.6488
71.2703
71.2187
70.7636
70.7138
70.001
69.7074
69.0483
68.1111
66.9249
66.1797
65.0949
63.8839
62.6101
60.7567
59.5584
58.5691
57.862
55.4272
54.6345
50.8085
45.2007
40.3239
31.4197
18.6981
9.41243
4.2
1.28063
0.325378
0.0718185
0.00733229
0.00383673
0.00789578
0.0139013
0.0196325
0.00672593
0.0249964
0.0809973
0.100586
0.0369715
0.00792943
0.0291206
0.0585095
0.126133
0.269811
0.462335
0.820232
1.28544
1.23608
1.56645
2.92671
5.13726
7.53195
9.75607
10.2994
8.17019
3.5742
3.73392
4.50596
7.69475
12.7383
15.8162
16.1459
14.1158
10.4632
10.5669
11.1347
13.1844
16.5752
18.1363
18.7992
19.2484
19.9128
20.3072
20.4556
20.9046
21.4227
21.5458
21.7739
21.335
21.2401
20.894
20.3634
20.7976
20.8753
20.2614
20.9345
20.3099
19.819
19.932
19.6152
19.048
18.0946
17.2472
16.0236
14.8521
13.8997
12.6892
11.8738
11.1174
10.617
9.98494
9.31402
8.53967
8.63232
8.48243
8.11431
7.47811
7.3763
6.59492
5.76993
5.11233
4.58522
4.5747
4.04313
2.8484
2.52602
2.34
2.26185
2.06001
1.50657
0.948232
0.998202
1.05894
0.752994
0.59389
0.487303
0.20215
0.300425
0.278255
0.211496
SNR of Target
5.1286
9.12733
10.8449
12.4454
14.6809
16.892
18.8851
20.7439
19.6917
25.4087
27.5021
31.1982
34.6247
37.0204
39.2666
40.8363
42.047
43.3789
44.7582
46.3073
46.8024
47.5268
49.5297
50.9666
50.9096
53.2629
54.5368
54.9706
57.2343
60.8658
63.5091
64.6513
66.4072
66.9156
67.68
68.4269
68.725
68.6783
68.1332
67.489
66.7284
66.1697
65.9665
64.4608
64.8733
64.9855
64.0787
62.7634
60.737
58.8554
58.5389
57.5331
57.0294
56.7467
55.5499
54.1948
52.5892
51.5402
51.1454
51.1298
50.6949
50.4091
50.6019
52.7423
54.6032
63.9282
72.3221
75.7851
79.1891
81.3267
82.4192
81.8896
83.4164
84.5618
86.3105
86.9121
87.4464
87.5676
87.3979
85.8258
73.4133
83.8719
85.8162
85.5378
84.7647
84.0577
83.0554
82.38
81.6075
81.0492
80.2861
77.6888
77.0385
77.2528
76.4342
76.9039
77.0095
76.5566
74.9723
73.1768
74.0978
73.1553
71.6655
72.5627
71.8095
70.7696
69.7118
68.2803
63.345
60.8096
60.3183
57.5206
56.1574
57.0702
54.4141
41.688
29.0944
50.2187
48.7363
33.2628
52.6522
57.6633
56.0532
53.3896
48.4013
37.9802
24.0743
24.4126
25.0547
27.871
28.1385
30.9842
33.6366
33.7238
36.0989
35.6615
37.5713
39.4793
39.3901
40.6234
41.4772
39.6062
39.2658
38.6859
31.647
21.2473
18.3856
21.6319
28.3549
27.1502
30.6673
38.8403
45.8139
49.8446
50.5295
51.425
53.6566
55.703
55.4922
57.31
60.3168
62.1522
63.3779
64.5821
65.2783
66.3811
66.3629
65.0861
61.6748
61.9326
66.1431
67.6333
68.8246
69.0073
67.3372
64.6162
61.8387
58.4994
52.4216
46.0729
41.5382
21.9035
4.03945
0.248726
0.0318801
0.281512
0.497235
0.194385
0.36233
0.467361
0.762515
1.80884
3.58293
5.33981
7.35803
6.91719
8.59255
10.7581
14.2784
16.066
13.8614
13.6477
16.5198
21.065
28.9445
34.983
37.2795
41.61
44.3819
46.8037
48.8604
50.8082
52.3455
54.375
55.9012
57.1745
57.7829
57.7276
59.9281
62.1919
63.6909
64.2084
64.3942
66.1357
68.008
69.4408
70.047
69.9728
70.1726
70.6488
71.2703
71.2187
70.7636
70.7138
70.001
69.7074
69.0483
68.1111
66.9249
66.1797
65.0949
63.8839
62.6101
60.7567
59.5584
58.5691
57.862
55.4272
54.6345
50.8085
45.2007
40.3239
31.4197
18.6981
9.41243
4.2
1.28063
0.325378
0.0718185
0.00733229
0.00383673
0.00789578
0.0139013
0.0196325
0.00672593
0.0249964
0.0809973
0.100586
0.0369715
0.00792943
0.0291206
0.0585095
0.126133
0.269811
0.462335
0.820232
1.28544
1.23608
1.56645
2.92671
5.13726
7.53195
9.75607
10.2994
8.17019
3.5742
3.73392
4.50596
7.69475
12.7383
15.8162
16.1459
14.1158
10.4632
10.5669
11.1347
13.1844
16.5752
18.1363
18.7992
19.2484
19.9128
20.3072
20.4556
20.9046
21.4227
21.5458
21.7739
21.335
21.2401
20.894
20.3634
20.7976
20.8753
20.2614
20.9345
20.3099
19.819
19.932
19.6152
19.048
18.0946
17.2472
16.0236
14.8521
13.8997
12.6892
11.8738
11.1174
10.617
9.98494
9.31402
8.53967
8.63232
8.48243
8.11431
7.47811
7.3763
6.59492
5.76993
5.11233
4.58522
4.5747
4.04313
2.8484
2.52602
2.34
2.26185
2.06001
1.50657
0.948232
0.998202
1.05894
0.752994
0.59389
0.487303
0.20215
0.300425
0.278255
0.211496
