L of Background 1
0.478785
0.743658
0.812127
0.858203
0.958579
1.01229
1.02033
1.02252
0.865064
1.09206
1.11251
1.22693
1.30787
1.34921
1.40056
1.40286
1.39902
1.39033
1.40421
1.41252
1.36454
1.33323
1.37737
1.3891
1.37881
1.49207
1.58986
1.59743
1.74783
1.99356
2.21442
2.30444
2.45524
2.48944
2.56151
2.60696
2.58592
2.53827
2.42323
2.29768
2.19118
2.09332
2.04206
1.87161
1.87666
1.84823
1.81849
1.78282
1.68573
1.63986
1.62584
1.56782
1.54884
1.5416
1.49813
1.43165
1.35953
1.29142
1.27291
1.26449
1.23219
1.2112
1.21061
1.31063
1.41435
2.06487
3.02546
3.61034
4.43148
5.18415
5.62461
5.5248
6.32503
6.98239
8.28108
8.99497
9.6008
10.0268
10.206
9.22129
4.42847
8.65373
10.4356
10.6138
10.6043
10.4967
10.2087
10.2079
10.1748
10.1876
9.93388
8.60644
8.67629
8.96996
9.00392
9.46106
9.75032
9.74741
9.48373
8.88462
9.59586
9.42732
9.03619
9.39724
9.3621
9.21884
9.09571
8.84591
7.3998
6.93918
7.11806
6.65766
6.63344
7.27695
6.93342
4.42626
2.72195
3.67505
3.75283
4.05854
4.76247
5.66078
5.73405
6.11152
6.54925
6.71165
6.83054
6.84804
6.9487
6.87842
6.86434
6.81273
6.74298
6.6784
6.5947
6.45
6.30865
6.19457
6.13386
5.90853
5.6532
5.28709
4.89384
4.50404
3.31309
1.99412
1.61276
1.74601
2.24946
2.04337
2.26352
2.90634
3.49504
3.81356
3.89696
3.8691
4.00493
4.12717
3.95662
4.03052
4.13495
4.22959
4.25283
4.27818
4.24079
4.15993
4.04056
3.7805
3.31384
3.25127
3.60943
3.68773
3.74134
3.59872
3.33711
2.99919
2.69491
2.38971
1.95814
1.58672
1.35228
0.623301
0.105999
0.00633944
0.000795176
0.00687351
0.0119031
0.004564
0.0083446
0.0105477
0.0168669
0.0398147
0.0775779
0.113792
0.154293
0.144053
0.176018
0.218111
0.291549
0.324713
0.273438
0.267838
0.322259
0.416648
0.58517
0.715358
0.7654
0.860817
0.916906
0.976587
1.01503
1.05114
1.08833
1.11941
1.1348
1.15457
1.14008
1.10432
1.15746
1.20271
1.22253
1.20942
1.19795
1.24716
1.30419
1.33296
1.34017
1.31898
1.30873
1.32473
1.34637
1.33876
1.31174
1.30453
1.26748
1.25036
1.21753
1.17522
1.12722
1.09597
1.05462
1.0113
0.98025
0.922809
0.886392
0.86393
0.829181
0.765783
0.742382
0.650182
0.545322
0.45901
0.334882
0.187843
0.0919127
0.0401205
0.0121906
0.00310621
0.000687657
6.96086e-005
3.6743e-005
7.70168e-005
0.000135687
0.000193674
6.69502e-005
0.000248828
0.000809726
0.0010212
0.000377404
8.12654e-005
0.000294766
0.000590943
0.00127574
0.00270472
0.00463042
0.00821009
0.0127379
0.0122639
0.0155708
0.0295231
0.052119
0.0770262
0.101608
0.107495
0.0848981
0.0368119
0.0381967
0.0458554
0.0784071
0.130879
0.163116
0.165567
0.144189
0.105414
0.106296
0.112001
0.133264
0.169483
0.18623
0.195233
0.199909
0.205705
0.208691
0.21088
0.214467
0.218515
0.22077
0.221574
0.217584
0.217222
0.21408
0.208874
0.214451
0.218453
0.212482
0.22096
0.214574
0.21224
0.217275
0.219678
0.219244
0.214298
0.207574
0.198529
0.190078
0.180724
0.167754
0.159892
0.152371
0.146229
0.140286
0.133352
0.12475
0.124448
0.120611
0.113747
0.103296
0.100567
0.0885909
0.07637
0.0667146
0.0605006
0.0611346
0.0555384
0.0395365
0.0354761
0.0332959
0.0326276
0.0301273
0.0227279
0.0145374
0.0158336
0.0170854
0.012587
0.0103319
0.00864556
0.00372356
0.00565048
0.00544764
0.00422
L of Background 2
0.892585
1.3599
1.44686
1.45115
1.52863
1.52272
1.44917
1.38906
1.14933
1.44656
1.47595
1.62007
1.71321
1.75276
1.79382
1.78045
1.78414
1.79465
1.82307
1.82002
1.74102
1.69506
1.74024
1.72279
1.66184
1.7307
1.73267
1.60717
1.615
1.68864
1.73057
1.69544
1.73998
1.72174
1.73392
1.73712
1.71483
1.70669
1.68399
1.68123
1.69462
1.68832
1.68853
1.58082
1.61883
1.62417
1.62323
1.62011
1.56779
1.56357
1.58254
1.54959
1.54716
1.56355
1.55952
1.54233
1.51243
1.47447
1.4991
1.53641
1.53405
1.52336
1.51876
1.50846
1.27882
1.35104
1.49879
1.50962
1.55577
1.5834
1.532
1.34929
1.41906
1.44538
1.59397
1.62608
1.65198
1.6725
1.6703
1.48805
0.699274
1.353
1.61097
1.62126
1.60868
1.58446
1.53485
1.52911
1.51843
1.5146
1.47204
1.27106
1.27518
1.31318
1.31444
1.37586
1.41284
1.40798
1.36576
1.27529
1.37491
1.35088
1.29376
1.34071
1.33122
1.31056
1.29546
1.26245
1.0581
0.995829
1.02692
0.961761
0.962403
1.06134
1.0162
0.647592
0.395283
0.541742
0.557775
0.610001
0.723696
0.86611
0.889471
0.969707
1.05372
1.07632
1.07265
1.05049
1.05466
1.04128
1.03512
1.02393
1.00979
0.997643
0.986004
0.964563
0.942325
0.925953
0.922608
0.900597
0.876379
0.832269
0.777723
0.718023
0.528386
0.319142
0.260682
0.286072
0.377014
0.348876
0.394579
0.515712
0.625529
0.675901
0.673813
0.652833
0.666447
0.684612
0.656183
0.667781
0.68418
0.698924
0.702363
0.708311
0.705367
0.694624
0.676731
0.634958
0.558784
0.549392
0.610147
0.625233
0.641949
0.629869
0.597993
0.551771
0.514492
0.480287
0.41581
0.353501
0.311519
0.147224
0.0258232
0.00155182
0.000103279
0.000942138
0.00212837
0.00373543
0.00724264
0.00439038
0.00666062
0.0188215
0.039405
0.0617598
0.0880207
0.0864193
0.111085
0.140879
0.189852
0.211826
0.178353
0.173678
0.200673
0.240575
0.314734
0.369065
0.383223
0.418484
0.433335
0.447616
0.449806
0.449647
0.450373
0.450263
0.445893
0.443282
0.423084
0.394132
0.402724
0.414925
0.416753
0.401763
0.385061
0.39143
0.404931
0.411215
0.408016
0.393111
0.38232
0.382884
0.387313
0.383114
0.373213
0.370291
0.361038
0.358458
0.351829
0.342531
0.332109
0.327085
0.318341
0.307966
0.300923
0.287211
0.282605
0.284693
0.281787
0.265115
0.259941
0.231286
0.200843
0.177184
0.13808
0.0834959
0.0465469
0.0244888
0.0104578
0.00494089
0.00146547
4.76841e-006
3.85486e-006
0.000722289
0.00114965
0.00134612
0.000170733
3.94675e-005
4.4708e-005
0.00131862
0.000835002
0.000423683
0.00115996
0.00173293
0.00587995
0.0137044
0.0207556
0.0308333
0.0420532
0.0367413
0.0399746
0.0677424
0.108952
0.147442
0.177518
0.17334
0.127546
0.0510128
0.0495527
0.057466
0.0956339
0.155633
0.189342
0.188047
0.159795
0.112805
0.11126
0.11488
0.135499
0.171652
0.185673
0.189258
0.190261
0.194565
0.194548
0.191046
0.190552
0.191434
0.191045
0.191057
0.185023
0.180338
0.175165
0.169543
0.171571
0.173362
0.161829
0.164193
0.158302
0.15677
0.160073
0.159208
0.157353
0.157068
0.155424
0.150757
0.146577
0.141173
0.130054
0.123367
0.117525
0.115548
0.11566
0.116061
0.104387
0.100432
0.0956902
0.0909057
0.0897764
0.0981854
0.0934395
0.0867948
0.0813591
0.0723227
0.0797758
0.0792567
0.064889
0.0749205
0.0726721
0.0760203
0.0755995
0.0674953
0.0623124
0.0727389
0.0809013
0.0677282
0.0789449
0.0752169
0.0390556
0.0625829
0.0612982
0.0493285
L of Background Average
0.56133
0.866602
0.938777
0.976539
1.07237
1.11421
1.10597
1.09574
0.921852
1.16288
1.18512
1.30546
1.38887
1.42984
1.47915
1.47832
1.47598
1.47112
1.48791
1.49394
1.43977
1.40554
1.4499
1.4558
1.43538
1.53977
1.61841
1.59938
1.72126
1.93254
2.11757
2.1825
2.31202
2.3357
2.39576
2.43274
2.41146
2.37173
2.27521
2.17427
2.0918
2.01227
1.97132
1.81342
1.82507
1.80341
1.77942
1.75027
1.66214
1.62461
1.61718
1.56418
1.5485
1.546
1.51041
1.45378
1.3901
1.32802
1.31814
1.31886
1.29254
1.27361
1.27221
1.35018
1.38723
1.92196
2.71955
3.18911
3.85438
4.46093
4.80214
4.68557
5.33828
5.86785
6.93338
7.50866
7.99653
8.34016
8.48245
7.66014
3.67912
7.18109
8.65331
8.79737
8.78731
8.69671
8.45724
8.45552
8.42706
8.43642
8.22576
7.12779
7.18391
7.42583
7.45318
7.82962
8.06755
8.06425
7.84536
7.34895
7.93678
7.79756
7.47392
7.77172
7.74177
7.62343
7.52225
7.31664
6.12281
5.74271
5.89177
5.51159
5.49231
6.0252
5.74212
3.66746
2.25573
3.04648
3.11189
3.36644
3.95125
4.69686
4.76008
5.07737
5.44345
5.57756
5.6716
5.68099
5.76217
5.70339
5.69093
5.64748
5.58898
5.53502
5.46588
5.34611
5.22882
5.13447
5.08538
4.90117
4.69259
4.39153
4.06672
3.74358
2.75436
1.65857
1.34202
1.45356
1.8742
1.70393
1.88905
2.42697
2.91927
3.18379
3.24997
3.22347
3.33465
3.4359
3.29402
3.35538
3.44206
3.5206
3.53983
3.56127
3.53082
3.46409
3.36516
3.14905
2.76103
2.70916
3.00742
3.07294
3.11918
3.00289
2.78756
2.50834
2.25775
2.00699
1.64912
1.33972
1.14388
0.528021
0.0899598
0.00538181
0.000656792
0.0056871
0.00994793
0.00439833
0.00812419
0.00931613
0.0148256
0.0356159
0.0699436
0.103385
0.141039
0.132528
0.163032
0.202664
0.271208
0.302133
0.25442
0.249002
0.297938
0.381426
0.531064
0.646063
0.68894
0.772294
0.820143
0.870727
0.901905
0.930754
0.960637
0.985479
0.996898
1.01219
0.996546
0.962149
1.00638
1.04499
1.06121
1.04772
1.03521
1.07582
1.12413
1.1484
1.15352
1.13358
1.12321
1.13613
1.15433
1.14739
1.12381
1.11746
1.08598
1.07179
1.04421
1.00851
0.968041
0.942051
0.90722
0.870507
0.844245
0.795571
0.765542
0.747995
0.719612
0.665569
0.645827
0.566349
0.476392
0.402631
0.295516
0.166975
0.0828404
0.0369947
0.0118441
0.00347307
0.000843193
8.12542e-005
6.84173e-005
0.00020607
0.000338477
0.00042416
8.77057e-005
0.000206957
0.000738081
0.00108068
0.000468921
0.000149748
0.000467806
0.000819346
0.00219659
0.0049047
0.00785554
0.0127347
0.0186009
0.0171594
0.0204515
0.0371663
0.0634847
0.0911065
0.116788
0.120663
0.0934283
0.039652
0.0404671
0.0481766
0.0818507
0.135829
0.168362
0.170064
0.147312
0.106893
0.107289
0.112577
0.13371
0.169916
0.186119
0.194038
0.197979
0.203477
0.205863
0.206913
0.209683
0.213098
0.214824
0.215472
0.211072
0.209847
0.206301
0.201009
0.205874
0.209432
0.20235
0.209607
0.20332
0.201146
0.205834
0.207575
0.206856
0.202855
0.197151
0.188977
0.181377
0.172814
0.160214
0.152585
0.145401
0.140093
0.135362
0.129895
0.120678
0.119645
0.115626
0.109178
0.100592
0.100091
0.0895612
0.0784556
0.0696438
0.0628647
0.0648618
0.0602812
0.0446076
0.0433647
0.0411702
0.0413053
0.0392212
0.0316814
0.0240922
0.0272136
0.0298467
0.0236134
0.024052
0.0219576
0.0107898
0.0170355
0.0166163
0.0132409
L of Target
0.892585
1.3599
1.44686
1.45115
1.52863
1.52272
1.44917
1.38906
1.14933
1.44656
1.47595
1.62007
1.71321
1.75276
1.79382
1.78045
1.78414
1.79465
1.82307
1.82002
1.74102
1.69506
1.74024
1.72279
1.66184
1.7307
1.73267
1.60717
1.615
1.68864
1.73057
1.69544
1.73998
1.72174
1.73392
1.73712
1.71483
1.70669
1.68399
1.68123
1.69462
1.68832
1.68853
1.58082
1.61883
1.62417
1.62323
1.62011
1.56779
1.56357
1.58254
1.54959
1.54716
1.56355
1.55952
1.54233
1.51243
1.47447
1.4991
1.53641
1.53405
1.52336
1.51876
1.50846
1.27882
1.35104
1.49879
1.50962
1.55577
1.5834
1.532
1.34929
1.41906
1.44538
1.59397
1.62608
1.65198
1.6725
1.6703
1.48805
0.699274
1.353
1.61097
1.62126
1.60868
1.58446
1.53485
1.52911
1.51843
1.5146
1.47204
1.27106
1.27518
1.31318
1.31444
1.37586
1.41284
1.40798
1.36576
1.27529
1.37491
1.35088
1.29376
1.34071
1.33122
1.31056
1.29546
1.26245
1.0581
0.995829
1.02692
0.961761
0.962403
1.06134
1.0162
0.647592
0.395283
0.541742
0.557775
0.610001
0.723696
0.86611
0.889471
0.969707
1.05372
1.07632
1.07265
1.05049
1.05466
1.04128
1.03512
1.02393
1.00979
0.997643
0.986004
0.964563
0.942325
0.925953
0.922608
0.900597
0.876379
0.832269
0.777723
0.718023
0.528386
0.319142
0.260682
0.286072
0.377014
0.348876
0.394579
0.515712
0.625529
0.675901
0.673813
0.652833
0.666447
0.684612
0.656183
0.667781
0.68418
0.698924
0.702363
0.708311
0.705367
0.694624
0.676731
0.634958
0.558784
0.549392
0.610147
0.625233
0.641949
0.629869
0.597993
0.551771
0.514492
0.480287
0.41581
0.353501
0.311519
0.147224
0.0258232
0.00155182
0.000103279
0.000942138
0.00212837
0.00373543
0.00724264
0.00439038
0.00666062
0.0188215
0.039405
0.0617598
0.0880207
0.0864193
0.111085
0.140879
0.189852
0.211826
0.178353
0.173678
0.200673
0.240575
0.314734
0.369065
0.383223
0.418484
0.433335
0.447616
0.449806
0.449647
0.450373
0.450263
0.445893
0.443282
0.423084
0.394132
0.402724
0.414925
0.416753
0.401763
0.385061
0.39143
0.404931
0.411215
0.408016
0.393111
0.38232
0.382884
0.387313
0.383114
0.373213
0.370291
0.361038
0.358458
0.351829
0.342531
0.332109
0.327085
0.318341
0.307966
0.300923
0.287211
0.282605
0.284693
0.281787
0.265115
0.259941
0.231286
0.200843
0.177184
0.13808
0.0834959
0.0465469
0.0244888
0.0104578
0.00494089
0.00146547
0.000127844
0.000195114
0.000722289
0.00114965
0.00134612
0.000170733
3.94675e-005
0.000451481
0.00131862
0.000835002
0.000423683
0.00115996
0.00173293
0.00587995
0.0137044
0.0207556
0.0308333
0.0420532
0.0367413
0.0399746
0.0677424
0.108952
0.147442
0.177518
0.17334
0.127546
0.0510128
0.0495527
0.057466
0.0956339
0.155633
0.189342
0.188047
0.159795
0.112805
0.11126
0.11488
0.135499
0.171652
0.185673
0.189258
0.190261
0.194565
0.194548
0.191046
0.190552
0.191434
0.191045
0.191057
0.185023
0.180338
0.175165
0.169543
0.171571
0.173362
0.161829
0.164193
0.158302
0.15677
0.160073
0.159208
0.157353
0.157068
0.155424
0.150757
0.146577
0.141173
0.130054
0.123367
0.117525
0.115548
0.11566
0.116061
0.104387
0.100432
0.0956902
0.0909057
0.0897764
0.0981854
0.0934395
0.0867948
0.0813591
0.0723227
0.0797758
0.0792567
0.064889
0.0749205
0.0726721
0.0760203
0.0755995
0.0674953
0.0623124
0.0727389
0.0809013
0.0677282
0.0789449
0.0752169
0.0390556
0.0625829
0.0612982
0.0493285
