SNR of Background 1
5.22522
9.28212
11.0121
12.6087
14.8395
17.0401
19.0173
20.8628
19.7948
25.5288
27.6273
31.3281
34.7554
37.1485
39.3878
40.9522
42.165
43.5028
44.8844
46.4285
46.9167
47.6381
49.6367
51.0629
50.9909
53.3253
54.5711
54.973
57.2062
60.8116
63.4344
64.5632
66.3135
66.8181
67.5802
68.3262
68.6251
68.5824
68.0441
67.4109
66.6624
66.1135
65.9168
64.4159
64.8342
64.9513
64.0485
62.7377
60.717
58.842
58.5313
57.5298
57.0291
56.7506
55.5613
54.2161
52.62
51.5786
51.1931
51.187
50.7595
50.4764
50.6678
52.7808
54.5799
63.8491
72.2223
75.6804
79.0853
81.2254
82.3192
81.7856
83.3176
84.4674
86.2238
86.8282
87.3653
87.4874
87.3174
85.7377
73.2843
83.7763
85.73
85.4509
84.6748
83.9653
82.9594
82.2819
81.507
80.9473
80.1821
77.5772
76.9255
77.1414
76.3207
76.7925
76.8992
76.4456
74.8573
73.0576
73.9822
73.0381
71.5454
72.4459
71.6918
70.6503
69.5912
68.1579
63.2165
60.6795
60.1888
57.3895
56.0267
56.9401
54.284
41.569
29.0035
50.1022
48.621
33.1486
52.492
57.5004
55.891
53.2288
48.244
37.8399
23.974
24.3117
24.9525
27.7608
28.0285
30.867
33.5136
33.6018
35.9727
35.5375
37.4446
39.3503
39.2625
40.4954
41.3496
39.4834
39.1456
38.5686
31.5488
21.1824
18.3311
21.5682
28.2722
27.0733
30.5825
38.7375
45.7004
49.7284
50.4134
51.3094
53.5409
55.5879
55.3782
57.1971
60.2061
62.0435
63.2712
64.4774
65.1753
66.2804
66.2633
64.9864
61.574
61.8329
66.0471
67.5395
68.7334
68.9175
67.2466
64.5242
61.7463
58.4081
52.3338
45.9918
41.4629
21.8607
4.03234
0.248348
0.0318221
0.281024
0.496403
0.194311
0.362229
0.466774
0.761571
1.80691
3.5794
5.3347
7.35104
6.91105
8.58529
10.7493
14.2663
16.0525
13.85
13.6364
16.5051
21.044
28.9132
34.945
37.2386
41.5654
44.3351
46.7548
48.8099
50.7561
52.2922
54.3207
55.8465
57.1193
57.7273
57.6714
59.8717
62.136
63.6356
64.1534
64.3389
66.081
67.9543
69.3883
69.995
69.9207
70.1206
70.5973
71.2194
71.168
70.7127
70.6629
69.9498
69.6564
68.9971
68.0597
66.8731
66.128
65.043
63.8318
62.5576
60.7042
59.5064
58.5181
57.8118
55.3776
54.5859
50.7617
45.1572
40.2846
31.389
18.6803
9.40508
4.1975
1.28036
0.325651
0.0719335
0.00734081
0.00385962
0.00798901
0.014043
0.0197827
0.00673957
0.0249684
0.0809514
0.100626
0.0370314
0.00797234
0.029239
0.0586574
0.12671
0.271157
0.464375
0.823316
1.28986
1.23972
1.57007
2.9328
5.14688
7.54415
9.76915
10.3107
8.17731
3.57628
3.73553
4.50765
7.69748
12.7425
15.8205
16.1496
14.1184
10.4644
10.5677
11.1352
13.1848
16.5755
18.1362
18.7982
19.2469
19.911
20.3049
20.4525
20.9009
21.4185
21.5412
21.7691
21.3299
21.2344
20.888
20.3573
20.7911
20.8686
20.2538
20.9261
20.3016
19.811
19.9239
19.6068
19.0396
18.087
17.2405
16.0176
14.8468
13.8949
12.6847
11.8696
11.1134
10.6135
9.98221
9.31214
8.5375
8.62974
8.47971
8.11179
7.47659
7.37603
6.59548
5.77115
5.11406
4.5866
4.57685
4.04579
2.85118
2.53023
2.34417
2.26639
2.06469
1.51097
0.952601
1.00342
1.06483
0.757827
0.599881
0.492976
0.204637
0.304907
0.282448
0.214617
SNR of Background 2
9.31937
15.7592
18.0612
19.6087
21.7422
23.6009
25.008
26.3664
24.6908
31.2245
33.6147
37.5889
41.0956
43.4295
45.4197
46.8105
48.1759
49.8432
51.3878
52.7521
52.9964
53.6288
55.4571
56.4062
55.6316
56.9906
56.6926
55.1233
55.2626
56.7954
57.5546
57.2779
58.253
58.2121
58.5304
58.9792
59.1977
59.4835
59.6788
60.2203
60.7337
61.1465
61.5291
60.461
61.3978
61.9576
61.3952
60.476
58.9755
57.6844
57.8751
57.244
57.0026
57.097
56.5498
56.0566
55.2655
54.8752
55.26
56.0241
56.2016
56.1736
56.2996
56.2627
52.075
53.6165
56.3049
56.5575
57.0506
56.9389
55.9288
52.3239
52.8625
52.9782
54.6645
54.3948
54.356
53.8609
53.0034
49.2658
30.2485
44.6972
48.1429
47.3152
45.6249
44.1747
42.2884
41.0528
39.7045
38.7396
37.5095
33.8436
32.9116
33.0946
32.0236
32.5139
32.5665
31.9438
30.0353
28.0422
28.9737
27.9879
26.4945
27.3032
26.5006
25.5195
24.605
23.422
19.7456
18.1483
17.923
16.3028
15.6159
16.1834
14.8372
9.43486
5.60373
12.9046
12.3415
6.21194
10.3086
11.9663
11.584
10.9772
9.64203
6.98966
4.03537
4.0041
4.07791
4.58376
4.61614
5.13948
5.64048
5.64434
6.1318
6.0431
6.43447
6.85009
6.87277
7.24099
7.56156
7.23761
7.2269
7.11573
5.58971
3.59202
3.10609
3.74922
5.17474
5.01846
5.88548
7.94641
9.92517
11.0545
11.0075
11.0294
11.5962
12.251
12.1761
12.8072
13.9318
14.6657
15.1861
15.7654
16.1611
16.7582
16.7974
16.2202
14.7502
14.8899
16.8362
17.65
18.5029
18.9538
18.4245
17.4341
16.6699
15.9275
14.1598
12.3696
11.1585
5.46247
0.989013
0.0608152
0.00413334
0.0385379
0.0888332
0.159046
0.314424
0.194397
0.30102
0.855882
1.82528
2.91215
4.22726
4.17485
5.46383
7.0182
9.43525
10.6644
9.16901
8.97332
10.4901
12.5481
16.4548
19.5269
20.4242
22.6175
23.8392
24.7793
25.4045
25.9172
26.1986
26.932
27.4442
27.7913
27.4039
26.4413
27.3846
28.8407
29.6911
29.4383
28.7543
29.5189
30.7787
31.8482
32.034
31.3981
31.0443
31.1843
31.6194
31.4333
30.8724
30.7667
30.2362
30.1507
29.7968
29.2404
28.5603
28.2964
27.7458
27.0593
26.3342
25.3688
25.1064
25.1887
25.4114
24.2315
23.9726
21.9594
19.4247
17.605
14.008
8.59466
4.82222
2.57171
1.09878
0.517798
0.153273
0.000502875
0.000404932
0.0749137
0.118959
0.137467
0.0171865
0.00396049
0.0044703
0.129925
0.0819243
0.0415616
0.115042
0.171973
0.583482
1.37082
2.07452
3.07695
4.23033
3.69393
4.00875
6.66802
10.5975
14.148
16.6752
16.2938
12.1388
4.93972
4.83335
5.63323
9.34477
15.0336
18.1987
18.1991
15.5662
11.1735
11.0448
11.4115
13.3964
16.7751
18.0856
18.262
18.382
18.9101
19.0289
18.6657
18.7378
18.9587
18.8525
18.9923
18.3628
17.8745
17.3393
16.763
16.897
16.8327
15.7036
15.866
15.2742
14.912
14.9623
14.4897
13.929
13.4822
13.1023
12.3205
11.5758
10.9589
9.92005
9.23249
8.63569
8.44065
8.27101
8.13215
7.17111
6.99601
6.75956
6.51114
6.51482
7.20471
6.9499
6.54575
6.21913
5.47083
5.95191
5.74939
4.65966
5.3085
5.08369
5.24376
5.14392
4.45724
4.05516
4.57281
4.99723
4.04818
4.54356
4.25347
2.13776
3.35497
3.15867
2.4967
SNR of Background Average
6.07126
10.6528
12.514
14.1016
16.3132
18.4387
20.2891
22.027
20.8232
26.741
28.9084
32.6774
36.1292
38.5126
40.6976
42.224
43.4753
44.8948
46.3195
47.824
48.2543
48.9561
50.9187
52.2333
51.9945
54.1071
55.0118
55.0032
56.8311
60.0688
62.3916
63.3106
64.9588
65.3909
66.0986
66.8117
67.1029
67.103
66.6592
66.1874
65.6236
65.2239
65.1208
63.6892
64.1966
64.3908
63.5473
62.3062
60.3806
58.6156
58.4018
57.473
57.0238
56.8204
55.7625
54.5964
53.1737
52.2757
52.0645
52.2375
51.9531
51.731
51.907
53.5207
54.0999
62.1788
70.0352
73.3263
76.6851
78.8272
79.9007
79.2029
80.8264
82.0478
83.976
84.6226
85.2063
85.329
85.1245
83.3169
69.5046
81.08
83.2831
82.9597
82.0751
81.2694
80.1327
79.3688
78.4977
77.8692
77.0143
74.1308
73.4087
73.6429
72.739
73.2523
73.366
72.8654
71.125
69.1659
70.1683
69.144
67.5313
68.5006
67.6841
66.5644
65.432
63.9075
58.7153
56.088
55.5862
52.7217
51.3397
52.2678
49.5846
37.0885
25.2942
45.4287
43.9713
28.7339
46.2262
51.1636
49.5797
46.9884
42.2007
32.5343
20.2395
20.5148
21.0623
23.5055
23.7368
26.2293
28.5746
28.6514
30.776
30.3856
32.1044
33.8369
33.7636
34.9061
35.7108
34.0175
33.7216
33.2014
26.9005
17.8605
15.4229
18.2084
24.0571
23.0229
26.1337
33.4852
39.9483
43.7614
44.3855
45.2169
47.3672
49.3753
49.1691
50.9735
54.0004
55.8746
57.1391
58.3952
59.1309
60.2981
60.2848
58.9489
55.426
55.6947
60.0717
61.6537
62.9444
63.1702
61.4236
58.6023
55.7896
52.4848
46.567
40.559
36.3656
18.7623
3.42706
0.210848
0.0262844
0.23254
0.414934
0.18726
0.352668
0.412319
0.66953
1.61701
3.22976
4.85261
6.73078
6.36726
7.96581
10.0105
13.3144
14.9937
12.927
12.7166
15.3257
19.3986
26.5636
32.1124
34.1898
38.2133
40.7783
43.0128
44.8975
46.6837
48.0863
50.0016
51.4458
52.6484
53.1582
52.9914
55.1411
57.4251
58.9348
59.4023
59.5109
61.265
63.2078
64.7136
65.3306
65.2029
65.3722
65.8603
66.5195
66.4528
65.9508
65.8924
65.1353
64.8359
64.1508
63.1748
61.9477
61.1958
60.0898
58.8543
57.5595
55.6982
54.5431
53.6294
52.9995
50.6175
49.8632
46.1473
40.8287
36.3265
28.1929
16.7314
8.49899
3.87345
1.24406
0.364085
0.0882007
0.0085689
0.00718677
0.0213752
0.0350295
0.0433236
0.00882889
0.020767
0.0737898
0.106486
0.0460104
0.0146905
0.046402
0.0813252
0.218133
0.491497
0.787299
1.27585
1.88119
1.73279
2.06004
3.68567
6.25164
8.88949
11.1803
11.5299
8.97838
3.84973
3.95552
4.73323
8.02818
13.2041
16.3004
16.5627
14.4095
10.6066
10.6633
11.1905
13.227
16.6155
18.1262
18.6912
19.0745
19.7116
20.0511
20.0977
20.4721
20.9315
21.0094
21.2204
20.7437
20.5719
20.1888
19.6487
20.0244
20.0742
19.3597
19.9343
19.3157
18.8495
18.9502
18.6024
18.036
17.1815
16.4254
15.2876
14.1995
13.3132
12.1364
11.346
10.6212
10.1815
9.64161
9.07696
8.26525
8.30436
8.13715
7.79288
7.28464
7.34179
6.66647
5.92639
5.33564
4.76376
4.85262
4.3877
3.21423
3.08897
2.89499
2.86534
2.68424
2.10352
1.57665
1.722
1.85706
1.41974
1.3942
1.25009
0.592518
0.918112
0.860511
0.672774
SNR of Target
9.31937
15.7592
18.0612
19.6087
21.7422
23.6009
25.008
26.3664
24.6908
31.2245
33.6147
37.5889
41.0956
43.4295
45.4197
46.8105
48.1759
49.8432
51.3878
52.7521
52.9964
53.6288
55.4571
56.4062
55.6316
56.9906
56.6926
55.1233
55.2626
56.7954
57.5546
57.2779
58.253
58.2121
58.5304
58.9792
59.1977
59.4835
59.6788
60.2203
60.7337
61.1465
61.5291
60.461
61.3978
61.9576
61.3952
60.476
58.9755
57.6844
57.8751
57.244
57.0026
57.097
56.5498
56.0566
55.2655
54.8752
55.26
56.0241
56.2016
56.1736
56.2996
56.2627
52.075
53.6165
56.3049
56.5575
57.0506
56.9389
55.9288
52.3239
52.8625
52.9782
54.6645
54.3948
54.356
53.8609
53.0034
49.2658
30.2485
44.6972
48.1429
47.3152
45.6249
44.1747
42.2884
41.0528
39.7045
38.7396
37.5095
33.8436
32.9116
33.0946
32.0236
32.5139
32.5665
31.9438
30.0353
28.0422
28.9737
27.9879
26.4945
27.3032
26.5006
25.5195
24.605
23.422
19.7456
18.1483
17.923
16.3028
15.6159
16.1834
14.8372
9.43486
5.60373
12.9046
12.3415
6.21194
10.3086
11.9663
11.584
10.9772
9.64203
6.98966
4.03537
4.0041
4.07791
4.58376
4.61614
5.13948
5.64048
5.64434
6.1318
6.0431
6.43447
6.85009
6.87277
7.24099
7.56156
7.23761
7.2269
7.11573
5.58971
3.59202
3.10609
3.74922
5.17474
5.01846
5.88548
7.94641
9.92517
11.0545
11.0075
11.0294
11.5962
12.251
12.1761
12.8072
13.9318
14.6657
15.1861
15.7654
16.1611
16.7582
16.7974
16.2202
14.7502
14.8899
16.8362
17.65
18.5029
18.9538
18.4245
17.4341
16.6699
15.9275
14.1598
12.3696
11.1585
5.46247
0.989013
0.0608152
0.00413334
0.0385379
0.0888332
0.159046
0.314424
0.194397
0.30102
0.855882
1.82528
2.91215
4.22726
4.17485
5.46383
7.0182
9.43525
10.6644
9.16901
8.97332
10.4901
12.5481
16.4548
19.5269
20.4242
22.6175
23.8392
24.7793
25.4045
25.9172
26.1986
26.932
27.4442
27.7913
27.4039
26.4413
27.3846
28.8407
29.6911
29.4383
28.7543
29.5189
30.7787
31.8482
32.034
31.3981
31.0443
31.1843
31.6194
31.4333
30.8724
30.7667
30.2362
30.1507
29.7968
29.2404
28.5603
28.2964
27.7458
27.0593
26.3342
25.3688
25.1064
25.1887
25.4114
24.2315
23.9726
21.9594
19.4247
17.605
14.008
8.59466
4.82222
2.57171
1.09878
0.517798
0.153273
0.013482
0.0204948
0.0749137
0.118959
0.137467
0.0171865
0.00396049
0.0451394
0.129925
0.0819243
0.0415616
0.115042
0.171973
0.583482
1.37082
2.07452
3.07695
4.23033
3.69393
4.00875
6.66802
10.5975
14.148
16.6752
16.2938
12.1388
4.93972
4.83335
5.63323
9.34477
15.0336
18.1987
18.1991
15.5662
11.1735
11.0448
11.4115
13.3964
16.7751
18.0856
18.262
18.382
18.9101
19.0289
18.6657
18.7378
18.9587
18.8525
18.9923
18.3628
17.8745
17.3393
16.763
16.897
16.8327
15.7036
15.866
15.2742
14.912
14.9623
14.4897
13.929
13.4822
13.1023
12.3205
11.5758
10.9589
9.92005
9.23249
8.63569
8.44065
8.27101
8.13215
7.17111
6.99601
6.75956
6.51114
6.51482
7.20471
6.9499
6.54575
6.21913
5.47083
5.95191
5.74939
4.65966
5.3085
5.08369
5.24376
5.14392
4.45724
4.05516
4.57281
4.99723
4.04818
4.54356
4.25347
2.13776
3.35497
3.15867
2.4967
