L of Background 1
0.525668
0.816402
0.890338
0.934053
1.0331
1.08075
1.08226
1.08094
0.913049
1.1519
1.1728
1.29277
1.37815
1.42241
1.47643
1.48056
1.48164
1.47837
1.49713
1.50733
1.45765
1.42751
1.4783
1.49171
1.47871
1.59563
1.6896
1.6824
1.82209
2.0578
2.26605
2.3423
2.48432
2.51353
2.58233
2.62441
2.6009
2.5555
2.4474
2.33282
2.23783
2.1479
2.10201
1.93092
1.93837
1.91045
1.88296
1.85203
1.75763
1.71485
1.70318
1.64401
1.62577
1.62208
1.58318
1.52024
1.44852
1.37902
1.36433
1.36197
1.33246
1.31161
1.3108
1.40248
1.45303
2.06079
2.97504
3.51314
4.27276
4.96755
5.36366
5.23433
5.98163
6.59588
7.81666
8.48095
9.04848
9.45179
9.62368
8.68262
4.07554
8.07987
9.84564
10.0156
10.0094
9.91223
9.64325
9.64345
9.61236
9.62494
9.38484
8.10057
8.16739
8.45131
8.49047
8.93834
9.21451
9.20504
8.94413
8.37262
9.0418
8.87957
8.50894
8.84769
8.81009
8.67018
8.55907
8.33233
6.95004
6.48744
6.67461
6.26395
6.25973
6.89841
6.57923
4.15267
2.53795
3.45117
3.53868
3.84755
4.53238
5.41393
5.50069
5.88678
6.32887
6.50784
6.65937
6.70939
6.81944
6.74625
6.73006
6.67748
6.60279
6.53365
6.44961
6.3073
6.16855
6.05764
5.99926
5.7787
5.5281
5.16906
4.78232
4.39696
3.22111
1.92332
1.55182
1.68489
2.17933
1.97588
2.19402
2.83097
3.41614
3.73226
3.80975
3.77618
3.92163
4.04638
3.87641
3.95054
4.05694
4.15369
4.17915
4.20591
4.17108
4.09411
3.97954
3.72429
3.25994
3.19671
3.5546
3.63313
3.68665
3.54741
3.28906
2.95259
2.65274
2.35175
1.92455
1.56316
1.33242
0.61146
0.103281
0.0061617
0.000779951
0.00671844
0.0116428
0.00448612
0.00821794
0.0104235
0.0166858
0.0394792
0.0770491
0.11347
0.154549
0.144623
0.177485
0.220668
0.296494
0.331298
0.279386
0.274725
0.331865
0.431222
0.607138
0.741742
0.791161
0.8889
0.945716
1.00566
1.04329
1.07842
1.11461
1.14469
1.15892
1.17781
1.16165
1.12373
1.17681
1.22231
1.24212
1.22807
1.2154
1.26462
1.32204
1.35099
1.35822
1.3367
1.32598
1.34166
1.36322
1.35542
1.32807
1.32091
1.28371
1.26679
1.23375
1.19086
1.14197
1.11019
1.06825
1.02404
0.991233
0.934963
0.899089
0.87556
0.843003
0.780399
0.757572
0.663829
0.557133
0.469482
0.342501
0.191936
0.0937852
0.0409666
0.0124773
0.0032014
0.000714411
7.33787e-005
3.96973e-005
8.28749e-005
0.000145276
0.000207074
7.20992e-005
0.00026665
0.000866804
0.00109679
0.000407641
8.95848e-005
0.00032401
0.00064809
0.00140254
0.0029757
0.00511912
0.00914209
0.0143179
0.0138739
0.017759
0.0338568
0.0598958
0.0887151
0.117274
0.124159
0.0980496
0.0423168
0.0436928
0.0520675
0.0886158
0.147446
0.18328
0.185187
0.160488
0.116613
0.11708
0.122913
0.145739
0.184834
0.202624
0.211866
0.216287
0.221841
0.224491
0.226515
0.230102
0.234227
0.236446
0.23707
0.232626
0.2322
0.228825
0.223211
0.229154
0.233357
0.226749
0.236003
0.22951
0.227192
0.232484
0.234726
0.234159
0.229196
0.222199
0.212691
0.204073
0.194689
0.181226
0.172941
0.165258
0.159178
0.153573
0.147392
0.139088
0.138605
0.134186
0.126609
0.115702
0.113815
0.101275
0.0883233
0.0781603
0.0711688
0.0725913
0.0665115
0.0479213
0.043864
0.0420335
0.0418344
0.0391465
0.0303222
0.0200149
0.02196
0.0237779
0.0177987
0.0155673
0.0134203
0.00614891
0.00924401
0.00885793
0.00674041
L of Background 2
0.926936
1.41339
1.50501
1.51104
1.59318
1.58837
1.51313
1.45179
1.20159
1.51206
1.54235
1.69273
1.79001
1.83128
1.87429
1.86037
1.86389
1.87417
1.90307
1.89961
1.81709
1.7689
1.81599
1.79797
1.73485
1.80763
1.81139
1.68249
1.69321
1.77327
1.8202
1.78527
1.833
1.81415
1.82727
1.83028
1.80565
1.79493
1.76806
1.76135
1.77155
1.7619
1.76002
1.64612
1.68371
1.68722
1.68446
1.67967
1.62379
1.61771
1.63577
1.60023
1.59655
1.61226
1.60662
1.58724
1.55489
1.51442
1.53814
1.575
1.57137
1.55955
1.55423
1.54496
1.30214
1.38778
1.56294
1.58308
1.64212
1.68116
1.63505
1.44456
1.5275
1.56489
1.73476
1.77675
1.81067
1.83648
1.83546
1.63306
0.749901
1.47371
1.77257
1.784
1.76964
1.74238
1.687
1.67961
1.66684
1.66155
1.61393
1.38802
1.39194
1.43391
1.43518
1.50399
1.54371
1.53711
1.48957
1.38983
1.4973
1.46977
1.40647
1.45675
1.44549
1.42176
1.40433
1.36772
1.14171
1.06805
1.10213
1.03351
1.03525
1.14421
1.0946
0.688869
0.416268
0.573846
0.591221
0.647801
0.76976
0.923561
0.948172
1.03349
1.12261
1.14679
1.14501
1.12364
1.12851
1.11342
1.10628
1.09373
1.07794
1.06425
1.05097
1.02745
1.0032
0.985057
0.980417
0.955515
0.928119
0.879866
0.820927
0.756606
0.553832
0.331028
0.269204
0.295954
0.391256
0.36052
0.408072
0.535493
0.651262
0.704512
0.702096
0.679652
0.695927
0.715461
0.685066
0.697145
0.714394
0.729697
0.733047
0.738835
0.735288
0.723707
0.70475
0.660814
0.580373
0.570118
0.633979
0.649513
0.666282
0.65292
0.618652
0.569106
0.529325
0.492463
0.424365
0.360347
0.316872
0.148733
0.0258596
0.00156195
0.000116021
0.000997757
0.00219831
0.00364029
0.00705422
0.00437602
0.0066423
0.0186258
0.0388797
0.0609589
0.0870078
0.0853754
0.109874
0.13943
0.188407
0.210388
0.176932
0.17238
0.199445
0.239902
0.314787
0.36976
0.38394
0.419952
0.435284
0.449891
0.45229
0.452329
0.453256
0.453315
0.449071
0.446603
0.426468
0.397494
0.406367
0.418757
0.420692
0.405704
0.389041
0.395693
0.409442
0.415831
0.412703
0.397787
0.387006
0.387647
0.392154
0.387924
0.37793
0.374988
0.365595
0.362951
0.356197
0.346734
0.336082
0.330868
0.321835
0.311009
0.303244
0.289676
0.284945
0.286284
0.283723
0.267214
0.262024
0.232858
0.201859
0.177854
0.138239
0.0833038
0.0462245
0.0242573
0.0103298
0.00486397
0.00144282
7.68171e-006
6.21031e-006
0.000705432
0.0011229
0.00131595
0.000169275
4.84702e-005
7.19549e-005
0.00132097
0.000827956
0.000416715
0.00114421
0.00171304
0.00577987
0.0134523
0.020402
0.0303815
0.0415411
0.0362871
0.0395033
0.0671537
0.10817
0.146643
0.176833
0.172699
0.126979
0.0506043
0.0491405
0.057013
0.095126
0.155113
0.189052
0.187777
0.159497
0.112477
0.110934
0.114583
0.135211
0.171369
0.185464
0.189082
0.190085
0.194385
0.194388
0.19092
0.190438
0.191323
0.190957
0.190968
0.184942
0.180288
0.175121
0.169491
0.171542
0.173337
0.161799
0.164236
0.158353
0.156817
0.160134
0.159296
0.157456
0.157144
0.155477
0.150797
0.146608
0.141202
0.1301
0.12343
0.117593
0.115595
0.115677
0.116058
0.104443
0.10052
0.0957345
0.0908928
0.0897781
0.098166
0.0933545
0.0866641
0.0812161
0.071907
0.0794726
0.0790382
0.0646082
0.0745788
0.0723547
0.0757141
0.0752892
0.0671529
0.0618259
0.0722576
0.0804321
0.0672385
0.0784038
0.0746908
0.038682
0.0621383
0.0608507
0.0489017
L of Background Average
0.605728
0.935523
1.013
1.04922
1.14491
1.18211
1.16831
1.15501
0.97069
1.22385
1.24663
1.37268
1.46043
1.5041
1.55593
1.55645
1.55802
1.55747
1.57825
1.58572
1.52949
1.49574
1.54579
1.55292
1.52992
1.63802
1.71396
1.68242
1.79631
2.00086
2.17681
2.23078
2.35391
2.37348
2.43111
2.46537
2.44162
2.40319
2.31138
2.21841
2.1445
2.07065
2.03357
1.87393
1.88742
1.86579
1.84325
1.81755
1.73086
1.69542
1.6897
1.63525
1.61993
1.62012
1.58786
1.53364
1.46979
1.40609
1.39909
1.40456
1.38022
1.36118
1.35947
1.43097
1.42284
1.92604
2.69205
3.12604
3.74466
4.3072
4.61396
4.47226
5.08528
5.58258
6.58994
7.12748
7.58631
7.91272
8.0494
7.25802
3.40685
6.74603
8.21309
8.35083
8.34292
8.26004
8.03455
8.03323
8.00597
8.01483
7.81399
6.7458
6.79939
7.03424
7.06569
7.4361
7.66404
7.65509
7.43738
6.96128
7.51701
7.3821
7.07371
7.35423
7.322
7.20566
7.11367
6.9258
5.779
5.39525
5.5514
5.2102
5.2071
5.73792
5.47349
3.45645
2.11263
2.87355
2.94699
3.20484
3.77586
4.51005
4.58423
4.90928
5.27971
5.42726
5.54761
5.583
5.67174
5.61029
5.59599
5.55151
5.48875
5.43084
5.36115
5.2429
5.12732
5.0352
4.98775
4.80688
4.60155
4.30542
3.9851
3.66475
2.68538
1.60414
1.29484
1.40651
1.82074
1.65209
1.83595
2.37028
2.86079
3.12387
3.18523
3.15389
3.2732
3.37668
3.2349
3.29648
3.3849
3.46517
3.48615
3.50869
3.48018
3.41641
3.32113
3.1085
2.72161
2.66907
2.96764
3.03341
3.07961
2.96579
2.75267
2.4741
2.22661
1.97877
1.62377
1.32215
1.12898
0.518825
0.0877915
0.00524166
0.000647165
0.00557418
0.00975373
0.00431696
0.00798523
0.0092139
0.0146771
0.0353085
0.0694142
0.102965
0.141038
0.132772
0.163962
0.20442
0.274874
0.307113
0.258892
0.254254
0.305377
0.392948
0.548648
0.667313
0.70967
0.795037
0.843536
0.894384
0.92496
0.953047
0.982174
1.00624
1.01677
1.03137
1.01443
0.978286
1.0225
1.06136
1.0776
1.06336
1.04988
1.09055
1.13923
1.16365
1.1688
1.1486
1.13787
1.15053
1.16867
1.16159
1.13772
1.1314
1.09977
1.08572
1.05796
1.02177
0.98056
0.954115
0.91877
0.881252
0.853461
0.80575
0.776125
0.757581
0.731028
0.677662
0.658369
0.577559
0.486027
0.411117
0.301631
0.170205
0.0842715
0.0376242
0.0120477
0.00353386
0.000860069
8.41265e-005
7.0104e-005
0.000207384
0.000340797
0.000428846
9.15338e-005
0.000223016
0.000787132
0.00114162
0.000491697
0.000155008
0.000488036
0.000861068
0.00227793
0.00507086
0.00817565
0.0133899
0.0197622
0.0183561
0.0221075
0.0405149
0.0695488
0.100298
0.129183
0.133867
0.103835
0.0439735
0.0447821
0.0530562
0.0899178
0.14898
0.184435
0.185704
0.160289
0.115785
0.115851
0.121247
0.143634
0.182141
0.199192
0.207309
0.211045
0.216348
0.218469
0.219396
0.222174
0.225652
0.227358
0.227862
0.223089
0.221814
0.218083
0.212461
0.217623
0.221352
0.213756
0.221649
0.215277
0.213121
0.218026
0.219653
0.218829
0.214777
0.208859
0.200319
0.192582
0.18399
0.170999
0.163038
0.155723
0.150461
0.145994
0.141124
0.132158
0.130987
0.126495
0.119465
0.110516
0.110685
0.0996906
0.0879917
0.0787724
0.0713166
0.073968
0.0690176
0.0512593
0.050007
0.0480975
0.0486095
0.046374
0.0376877
0.0283764
0.0320185
0.0351074
0.0276852
0.0281329
0.0256729
0.0126552
0.0198212
0.0192549
0.0151718
L of Target
0.926936
1.41339
1.50501
1.51104
1.59318
1.58837
1.51313
1.45179
1.20159
1.51206
1.54235
1.69273
1.79001
1.83128
1.87429
1.86037
1.86389
1.87417
1.90307
1.89961
1.81709
1.7689
1.81599
1.79797
1.73485
1.80763
1.81139
1.68249
1.69321
1.77327
1.8202
1.78527
1.833
1.81415
1.82727
1.83028
1.80565
1.79493
1.76806
1.76135
1.77155
1.7619
1.76002
1.64612
1.68371
1.68722
1.68446
1.67967
1.62379
1.61771
1.63577
1.60023
1.59655
1.61226
1.60662
1.58724
1.55489
1.51442
1.53814
1.575
1.57137
1.55955
1.55423
1.54496
1.30214
1.38778
1.56294
1.58308
1.64212
1.68116
1.63505
1.44456
1.5275
1.56489
1.73476
1.77675
1.81067
1.83648
1.83546
1.63306
0.749901
1.47371
1.77257
1.784
1.76964
1.74238
1.687
1.67961
1.66684
1.66155
1.61393
1.38802
1.39194
1.43391
1.43518
1.50399
1.54371
1.53711
1.48957
1.38983
1.4973
1.46977
1.40647
1.45675
1.44549
1.42176
1.40433
1.36772
1.14171
1.06805
1.10213
1.03351
1.03525
1.14421
1.0946
0.688869
0.416268
0.573846
0.591221
0.647801
0.76976
0.923561
0.948172
1.03349
1.12261
1.14679
1.14501
1.12364
1.12851
1.11342
1.10628
1.09373
1.07794
1.06425
1.05097
1.02745
1.0032
0.985057
0.980417
0.955515
0.928119
0.879866
0.820927
0.756606
0.553832
0.331028
0.269204
0.295954
0.391256
0.36052
0.408072
0.535493
0.651262
0.704512
0.702096
0.679652
0.695927
0.715461
0.685066
0.697145
0.714394
0.729697
0.733047
0.738835
0.735288
0.723707
0.70475
0.660814
0.580373
0.570118
0.633979
0.649513
0.666282
0.65292
0.618652
0.569106
0.529325
0.492463
0.424365
0.360347
0.316872
0.148733
0.0258596
0.00156195
0.000116021
0.000997757
0.00219831
0.00364029
0.00705422
0.00437602
0.0066423
0.0186258
0.0388797
0.0609589
0.0870078
0.0853754
0.109874
0.13943
0.188407
0.210388
0.176932
0.17238
0.199445
0.239902
0.314787
0.36976
0.38394
0.419952
0.435284
0.449891
0.45229
0.452329
0.453256
0.453315
0.449071
0.446603
0.426468
0.397494
0.406367
0.418757
0.420692
0.405704
0.389041
0.395693
0.409442
0.415831
0.412703
0.397787
0.387006
0.387647
0.392154
0.387924
0.37793
0.374988
0.365595
0.362951
0.356197
0.346734
0.336082
0.330868
0.321835
0.311009
0.303244
0.289676
0.284945
0.286284
0.283723
0.267214
0.262024
0.232858
0.201859
0.177854
0.138239
0.0833038
0.0462245
0.0242573
0.0103298
0.00486397
0.00144282
0.000127124
0.000191735
0.000705432
0.0011229
0.00131595
0.000169275
4.84702e-005
0.000468417
0.00132097
0.000827956
0.000416715
0.00114421
0.00171304
0.00577987
0.0134523
0.020402
0.0303815
0.0415411
0.0362871
0.0395033
0.0671537
0.10817
0.146643
0.176833
0.172699
0.126979
0.0506043
0.0491405
0.057013
0.095126
0.155113
0.189052
0.187777
0.159497
0.112477
0.110934
0.114583
0.135211
0.171369
0.185464
0.189082
0.190085
0.194385
0.194388
0.19092
0.190438
0.191323
0.190957
0.190968
0.184942
0.180288
0.175121
0.169491
0.171542
0.173337
0.161799
0.164236
0.158353
0.156817
0.160134
0.159296
0.157456
0.157144
0.155477
0.150797
0.146608
0.141202
0.1301
0.12343
0.117593
0.115595
0.115677
0.116058
0.104443
0.10052
0.0957345
0.0908928
0.0897781
0.098166
0.0933545
0.0866641
0.0812161
0.071907
0.0794726
0.0790382
0.0646082
0.0745788
0.0723547
0.0757141
0.0752892
0.0671529
0.0618259
0.0722576
0.0804321
0.0672385
0.0784038
0.0746908
0.038682
0.0621383
0.0608507
0.0489017
