L of Background 1
0.962705
0.968523
0.938644
0.935443
1.0417
1.28493
1.49525
1.55707
1.38432
1.18877
1.08581
1.01454
0.941136
0.855141
0.772343
0.774703
0.906816
1.76368
2.61387
4.18225
6.69234
5.61293
7.21217
7.51154
7.01919
5.42547
5.75238
6.97563
7.06841
7.03671
6.99615
5.58962
3.58866
2.86013
0.864577
1.08373
2.60068
4.11974
5.11969
5.19016
5.21792
5.12208
4.85165
4.5119
3.78216
2.24719
0.531551
0.249232
0.443651
1.24254
1.92107
1.98537
2.05293
2.3492
2.68056
2.74403
2.33845
2.22287
2.299
1.808
1.18274
0.537212
1.09183e-007
7.06114e-006
0.000112091
0.0011018
0.0104341
0.0246062
0.0329996
0.115808
0.252063
0.366172
0.469286
0.537422
0.571046
0.548199
0.59211
0.59741
0.618329
0.668399
0.637132
0.619554
0.602028
0.577811
0.553095
0.515019
0.468501
0.41563
0.357459
0.319134
0.241306
0.150316
0.0662877
0.0124784
0.000112121
0.0116168
0.0216996
0.0113023
0.0398667
0.0466137
0.0429229
0.069011
0.0797628
0.0858703
0.0908405
0.0846488
0.0824243
0.08065
0.0837194
0.0847338
0.0777414
0.0682697
0.0597393
0.0508251
0.0431545
0.0348671
0.024778
0.0202478
0.0141582
0.0122325
0.00722165
0.00810128
0.00410085
0.00172501
6.86329e-005
2.527e-005
L of Background 2
1.03754
1.06547
1.06312
1.096
1.2384
1.52173
1.76382
1.83934
1.69436
1.51782
1.43487
1.40101
1.3358
1.23362
1.10565
1.09538
1.20106
2.00085
2.54257
3.43668
5.13052
4.19744
5.18087
5.42209
5.12073
3.96426
4.11541
4.95981
5.02317
5.03583
5.02371
4.12359
2.69061
2.19108
0.66898
0.804969
1.9314
3.10028
3.86251
3.90754
3.90955
3.82794
3.6378
3.41396
2.92154
1.79657
0.434874
0.201375
0.351853
0.99756
1.60155
1.6856
1.74689
1.98792
2.25905
2.32205
1.98682
1.893
1.98191
1.5918
1.07027
0.496973
1.09183e-007
7.06114e-006
0.000112091
0.000930417
0.0100621
0.0253687
0.0346892
0.12675
0.288234
0.422427
0.538936
0.611984
0.64519
0.615198
0.660994
0.664305
0.682134
0.734512
0.704779
0.692336
0.676941
0.650778
0.624188
0.585238
0.537638
0.480236
0.413335
0.368995
0.278451
0.170812
0.0734273
0.0137179
0.000112122
0.0102671
0.0209739
0.00818137
0.041286
0.0512265
0.0458617
0.074823
0.0874251
0.0946887
0.101549
0.0946655
0.0914194
0.0874971
0.0884473
0.0872843
0.0775023
0.0661238
0.0569751
0.0466102
0.0370032
0.0264879
0.0130809
0.00668594
0.00163252
0.000474082
0.000329457
0.000344393
0.000218369
0.000189411
6.86943e-005
2.52704e-005
L of Background 3
2.32481
2.4109
2.43344
2.40759
2.39649
2.43179
2.50217
2.51086
2.46427
2.3644
2.33705
2.35677
2.3116
2.25401
2.22951
2.32576
2.01203
2.03802
1.79847
1.83796
2.41304
1.85908
2.26294
2.31153
2.12949
1.6385
1.71535
2.06049
2.08335
2.07834
2.06331
1.62559
1.05113
0.881676
0.282956
0.352015
0.818091
1.26334
1.55091
1.54962
1.54837
1.50513
1.41712
1.3132
1.11593
0.689532
0.171277
0.0872111
0.154169
0.435386
0.687773
0.725494
0.755532
0.85457
0.963913
0.982153
0.835346
0.792965
0.830579
0.677643
0.48813
0.268457
1.19496e-007
3.7007e-005
0.00130058
0.00612679
0.0261327
0.0499911
0.0547351
0.167068
0.338679
0.458143
0.54717
0.583334
0.577642
0.520053
0.531817
0.512759
0.507094
0.531773
0.500304
0.486107
0.475654
0.457064
0.437961
0.411012
0.380002
0.343704
0.303723
0.282063
0.22267
0.145984
0.0709688
0.0166272
0.00610781
0.0537971
0.0902329
0.0454529
0.12136
0.130681
0.108627
0.162666
0.178081
0.184884
0.188494
0.167341
0.155872
0.146936
0.150297
0.154819
0.148097
0.137309
0.125425
0.112045
0.101589
0.0873069
0.0697111
0.0615401
0.0439403
0.0417114
0.0265245
0.0270931
0.0155099
0.011363
0.00191665
0.00110872
L of Background Average
1.12793
1.15058
1.13691
1.14592
1.25506
1.49377
1.70295
1.76498
1.61586
1.43741
1.34995
1.30265
1.23533
1.1457
1.05061
1.05724
1.13456
1.88586
2.5035
3.64737
5.6329
4.66533
5.89514
6.14571
5.76199
4.45696
4.68778
5.66841
5.74196
5.73092
5.70444
4.60069
2.97347
2.39311
0.727983
0.898881
2.15351
3.42312
4.25498
4.30788
4.32231
4.2375
4.01787
3.7487
3.16844
1.91017
0.456762
0.21387
0.377949
1.06358
1.66939
1.73889
1.80014
2.05437
2.33912
2.3978
2.04654
1.94708
2.02445
1.608
1.06811
0.494208
1.10691e-007
1.02198e-005
0.00025453
0.00153571
0.011855
0.0274495
0.0358486
0.12531
0.27519
0.397863
0.504923
0.571832
0.601359
0.572179
0.613617
0.615695
0.63271
0.681165
0.650487
0.635302
0.619347
0.594911
0.570008
0.53269
0.487295
0.434272
0.374421
0.335361
0.254296
0.158082
0.0696121
0.0133891
0.00129613
0.0152937
0.0282601
0.0134681
0.0485796
0.0568612
0.0506664
0.080696
0.0926531
0.0992929
0.104883
0.0969205
0.0933637
0.0900143
0.0922651
0.0927588
0.0846771
0.074311
0.0651986
0.0552582
0.0465346
0.0367574
0.0245905
0.0189502
0.0121252
0.0105296
0.00640309
0.00690538
0.00369323
0.00207813
0.000309313
0.000134069
L of Target
2.5502
2.67136
2.71727
2.69508
2.67379
2.68785
2.72154
2.67284
2.57016
2.42974
2.37208
2.37452
2.32489
2.27021
2.25315
2.35882
2.04455
2.07452
1.83347
1.88315
2.50026
1.95363
2.40762
2.47977
2.30499
1.7865
1.88023
2.26768
2.30204
2.30658
2.29296
1.82718
1.192
1.00338
0.322646
0.403651
0.943278
1.46414
1.8054
1.80813
1.8063
1.7617
1.66508
1.5482
1.31956
0.818353
0.203836
0.103919
0.184671
0.52335
0.828677
0.874589
0.909992
1.02871
1.15997
1.18297
1.0079
0.958316
1.00556
0.821577
0.591152
0.325469
1.23991e-007
4.56924e-005
0.00158539
0.00735812
0.0314666
0.060505
0.0669453
0.206435
0.420185
0.568646
0.679088
0.724404
0.718294
0.647876
0.663471
0.640221
0.633162
0.664092
0.625526
0.607883
0.59419
0.57063
0.545866
0.511232
0.472301
0.427459
0.378105
0.351659
0.27804
0.182172
0.0878802
0.020203
0.00735709
0.0648603
0.109215
0.0553548
0.148924
0.161514
0.135787
0.204957
0.225405
0.23323
0.237115
0.210674
0.196874
0.185868
0.190261
0.194464
0.181702
0.165249
0.150558
0.135186
0.123345
0.106067
0.0841095
0.074129
0.053069
0.0503304
0.0321395
0.0329384
0.0188572
0.0139982
0.00257201
0.00114835
