SNR of Background 1
72.4066
73.6764
73.6567
75.0159
78.6242
83.178
86.2127
86.9948
85.4353
83.3305
82.5191
81.5756
80.0006
78.6015
77.6042
78.0131
81.427
91.2551
94.4748
96.6681
98.0131
97.6903
98.3058
98.3616
98.2617
97.812
98.0211
98.3881
98.404
98.4656
98.6292
98.2722
96.9927
96.5778
87.4314
89.7975
96.156
97.7863
98.2075
98.2004
98.2846
98.3004
98.1028
98.1029
97.8224
96.17
80.7515
61.7653
79.2946
92.9171
95.6148
95.9083
95.8148
96.5497
96.9522
97.0836
96.7023
96.3014
96.624
95.7723
93.3303
84.553
5.16591e-005
0.00387964
0.0607006
0.574936
5.40437
12.8787
16.4786
46.1253
70.8488
79.8004
84.345
86.5892
87.7387
86.8315
87.905
88.2163
88.9166
89.5235
89.0556
88.8128
88.6409
87.854
87.2682
86.4637
85.0194
82.456
79.4841
77.1622
69.9459
55.0353
30.8229
7.08221
0.112578
11.3264
19.9736
10.8884
33.4077
38.5443
36.4638
50.3356
54.2504
56.2054
57.7469
56.2853
55.5418
54.2741
56.2264
54.4393
53.0167
48.6314
45.3972
39.4163
34.2086
28.6586
21.4655
18.1051
13.077
11.5274
6.82732
7.68279
3.87743
1.6242
0.0661987
0.0222434
SNR of Background 2
74.3029
76.0004
76.6619
78.6484
82.1094
85.9515
88.4705
89.1473
88.2913
87.1659
87.0155
86.9265
86.173
85.408
84.5583
84.6567
86.2102
92.3827
94.3062
95.888
97.3721
96.8585
97.6042
97.6958
97.5808
96.9515
97.184
97.6971
97.719
97.8241
98.0654
97.6237
95.9082
95.4439
83.4565
85.913
94.7006
97.0105
97.5913
97.5763
97.6792
97.6945
97.4325
97.4571
97.1403
95.1255
76.4202
55.1203
73.9541
90.9941
94.661
95.118
95.0179
95.8732
96.3417
96.5158
96.074
95.6044
96.0424
95.1493
92.5609
83.224
5.16591e-005
0.00387964
0.0607006
0.485652
5.21549
13.2543
17.2527
48.9482
74.3068
82.5823
86.5019
88.3499
89.2635
88.3786
89.2701
89.5028
90.0428
90.5494
90.1971
90.0896
90.0048
89.3284
88.835
88.213
87.0804
84.9442
82.3456
80.2835
73.7013
59.0496
33.4734
7.76401
0.112578
10.0668
19.3705
7.9812
34.3455
41.3141
38.3445
52.8948
57.1447
59.2672
61.2039
59.7828
58.7937
56.8463
57.9522
55.3769
52.9191
47.6299
43.9413
36.9314
30.2209
22.6293
11.9075
6.31467
1.58041
0.466674
0.319026
0.335677
0.209159
0.179222
0.0662579
0.0222438
SNR of Background 3
88.9254
89.8518
90.2843
90.7786
91.2222
91.565
92.1315
92.2773
92.2234
92.0864
92.3736
92.5871
92.3928
92.4275
92.7959
93.2352
92.1393
92.5345
91.6907
91.8819
94.0939
92.4225
94.1805
94.2607
93.799
92.076
92.7645
94.1005
94.1479
94.3968
95.0125
93.5476
88.6158
87.7137
62.4443
67.8542
86.4825
92.1121
93.5864
93.457
93.7352
93.7288
92.9181
92.8907
91.912
86.1662
49.3814
30.4656
49.5194
78.2021
86.5827
87.7589
87.573
89.654
90.7739
91.1382
89.9241
88.656
89.8056
87.6918
82.5963
69.1783
5.65386e-005
0.0203318
0.702785
3.16811
13.0955
24.553
25.8872
57.6714
78.0798
84.0121
86.7208
87.7272
87.8905
86.0619
86.4151
86.0986
86.2589
86.5707
85.7801
85.457
85.3468
84.3705
83.6507
82.7853
81.3192
78.6597
75.8501
74.2278
67.7076
54.1102
32.5751
9.34796
6.00293
42.4972
58.2464
37.1519
67.0214
69.8999
64.903
75.3776
77.004
77.5831
77.8534
75.6685
74.013
72.0373
73.2503
72.2482
72.1651
69.9092
68.2236
63.8693
60.2323
55.3481
48.4577
44.9793
35.3132
34.2459
23.1206
23.6903
14.0425
10.3378
1.83753
0.972812
SNR of Background Average
76.3114
77.7625
78.1741
79.5936
82.3578
85.6689
88.0218
88.6483
87.6725
86.3892
86.1325
85.86
84.9639
84.2101
83.698
84.0673
85.3408
91.8731
94.2095
96.1427
97.6189
97.1921
97.9084
97.9798
97.8632
97.3078
97.5463
97.9983
98.0176
98.0998
98.3057
97.8821
96.3245
95.857
84.877
87.4945
95.2899
97.3087
97.8245
97.8128
97.9115
97.928
97.6879
97.6959
97.3757
95.438
77.5428
57.0183
75.6981
91.604
94.8959
95.2796
95.1772
96.0165
96.4755
96.6333
96.1968
95.7358
96.1316
95.2021
92.5445
83.1251
5.23728e-005
0.00561506
0.1378
0.800745
6.12311
14.2714
17.7798
48.5889
73.1443
81.4578
85.522
87.4594
88.4085
87.4273
88.3648
88.5964
89.1909
89.7377
89.3003
89.1146
88.9864
88.2327
87.6769
86.9477
85.6371
83.247
80.4361
78.2688
71.3572
56.6245
32.0729
7.58355
1.29619
14.6772
25.2122
12.8581
38.9079
44.4735
41.2645
55.2864
58.9615
60.7356
62.1899
60.5102
59.4483
57.7367
59.2705
57.2932
55.7204
51.3067
48.1204
41.8918
36.2789
29.9426
21.3209
17.0405
11.2921
9.99087
6.07172
6.5781
3.49693
1.95442
0.298112
0.117974
SNR of Target
89.989
90.9284
91.3887
91.8493
92.2133
92.4401
92.8224
92.7875
92.5731
92.3189
92.4966
92.6476
92.4403
92.4866
92.8785
93.3386
92.276
92.678
91.8642
92.0948
94.3177
92.8225
94.5597
94.6825
94.3112
92.791
93.4546
94.684
94.7493
94.9958
95.5502
94.319
90.0752
89.326
66.3401
71.6016
88.4145
93.2867
94.5639
94.4688
94.7018
94.7155
94.0603
94.0593
93.2661
88.5076
54.8871
35.0593
55.2309
81.9531
89.0389
90.0137
89.851
91.553
92.4656
92.77
91.7948
90.775
91.729
90.0209
85.8002
74.2372
5.86655e-005
0.0251033
0.856242
3.79606
15.5784
28.8832
30.6504
64.1593
82.4384
87.3201
89.4977
90.3072
90.4511
89.0153
89.3138
89.0714
89.1993
89.4494
88.8341
88.5788
88.4777
87.6881
87.0857
86.3557
85.1482
82.9656
80.6325
79.2885
73.6643
61.0401
38.4594
11.2628
7.1963
48.2663
64.091
42.9379
72.6086
75.3475
71.1856
80.4768
81.9182
82.3334
82.5047
80.7038
79.3802
77.7373
78.784
77.7604
77.16
74.7104
73.1281
69.2801
66.0653
61.4181
54.3924
50.8023
40.713
39.5328
27.2849
28.0112
16.8354
12.6048
2.46041
1.00746
