L of Background 1
0.770941
1.18578
1.27935
1.32265
1.44307
1.48952
1.46857
1.44762
1.21264
1.52499
1.54999
1.70225
1.80521
1.85241
1.90954
1.90244
1.89464
1.88393
1.89967
1.90127
1.82666
1.77794
1.82884
1.83022
1.79833
1.92297
2.01471
1.98536
2.13105
2.38696
2.61032
2.68612
2.84115
2.86589
2.9354
2.97617
2.94537
2.89148
2.76785
2.63804
2.53074
2.42784
2.37249
2.17666
2.18535
2.15431
2.12021
2.07992
1.96958
1.91968
1.90596
1.83852
1.81566
1.80812
1.76069
1.68813
1.60801
1.53106
1.51377
1.5087
1.47319
1.44771
1.4434
1.53839
1.60005
2.25651
3.2332
3.81438
4.63528
5.38557
5.81368
5.68437
6.48857
7.14468
8.45668
9.17012
9.775
10.1999
10.3762
9.37038
4.49233
8.78408
10.5904
10.7676
10.7551
10.6435
10.349
10.3461
10.3103
10.3213
10.0622
8.71473
8.78382
9.07967
9.1127
9.57411
9.86553
9.86121
9.5929
8.98545
9.70338
9.53202
9.13545
9.49901
9.46191
9.31597
9.1908
8.93775
7.47528
7.0092
7.18948
6.72411
6.69919
7.34926
7.00167
4.467
2.74466
3.70792
3.78644
4.0954
4.80698
5.71522
5.7893
6.17053
6.61255
6.77541
6.89308
6.90838
7.00838
6.93657
6.92142
6.86848
6.79731
6.73143
6.6464
6.49999
6.35693
6.2415
6.18018
5.95327
5.69625
5.32745
4.93091
4.53766
3.33664
2.00708
1.62294
1.7574
2.26508
2.05731
2.27945
2.92796
3.52172
3.84213
3.92497
3.89567
4.03165
4.15411
3.98171
4.05533
4.15985
4.25496
4.27857
4.30439
4.26697
4.1856
4.06536
3.80349
3.33373
3.27069
3.63105
3.7098
3.76375
3.62045
3.35749
3.01778
2.71208
2.40547
1.97138
1.59761
1.36164
0.627284
0.106572
0.00636711
0.000796822
0.00690366
0.0119788
0.00458955
0.00838903
0.0106493
0.0170232
0.0401873
0.0783321
0.115029
0.156174
0.145881
0.178452
0.221292
0.296119
0.329849
0.277593
0.271887
0.327011
0.422525
0.593206
0.724923
0.775313
0.871557
0.92792
0.987882
1.02628
1.06229
1.09941
1.13042
1.14564
1.16526
1.15015
1.11356
1.16686
1.21237
1.23217
1.21858
1.20661
1.25592
1.31323
1.34207
1.34911
1.32753
1.31695
1.3329
1.35457
1.34679
1.31948
1.31216
1.27485
1.25764
1.22463
1.18198
1.13348
1.10173
1.05978
1.01589
0.984556
0.927069
0.8909
0.868658
0.83383
0.770025
0.746472
0.653829
0.548511
0.461777
0.336886
0.188937
0.0924496
0.0403781
0.012281
0.00313615
0.000695555
7.03427e-005
3.69416e-005
7.72345e-005
0.000136427
0.000195026
6.80836e-005
0.000256686
0.000835569
0.00105137
0.000386435
8.2524e-005
0.000301134
0.00060444
0.00130959
0.00277513
0.00476785
0.0084936
0.0132052
0.0126756
0.0160277
0.0303539
0.0535147
0.0789606
0.10398
0.109776
0.086485
0.037358
0.0387205
0.0464816
0.0795558
0.132877
0.165546
0.167938
0.146148
0.106733
0.107595
0.113355
0.134889
0.17158
0.188512
0.197583
0.202256
0.208071
0.211056
0.213226
0.216802
0.220848
0.223111
0.223893
0.219805
0.219382
0.216165
0.210865
0.216455
0.220433
0.214371
0.222881
0.216394
0.214012
0.219078
0.22149
0.221033
0.216018
0.209232
0.200121
0.191613
0.1822
0.169149
0.161226
0.1536
0.147364
0.141327
0.134277
0.125511
0.125072
0.12116
0.114287
0.103988
0.101352
0.0893187
0.0770059
0.0672434
0.0609605
0.0616587
0.0560672
0.0399534
0.0358654
0.0336589
0.0329995
0.0305011
0.023083
0.0148002
0.016143
0.0174345
0.0128643
0.0106448
0.00894362
0.00389287
0.00603165
0.00583963
0.0045602
L of Background 2
15.2542
23.465
25.1474
25.3914
26.8668
26.8375
25.5963
24.6188
20.4228
25.7942
26.4239
29.0994
30.8582
31.6253
32.4047
32.2085
32.3538
32.6166
33.1464
33.0855
31.6438
30.8124
31.6331
31.2503
30.059
31.2079
31.0991
28.6864
28.6344
29.7032
30.1993
29.4051
30.0256
29.5811
29.671
29.6209
29.1864
29.0312
28.6599
28.6468
28.917
28.8157
28.7899
26.8949
27.5208
27.5698
27.4786
27.3671
26.4426
26.345
26.634
26.0164
25.914
26.1388
26.0157
25.6724
25.1308
24.4682
24.837
25.4199
25.3302
25.0942
24.9372
24.6287
20.5572
21.3172
23.1735
22.9614
23.1847
23.1606
22.006
18.9349
19.589
19.6323
21.3636
21.4981
21.5891
21.676
21.5326
19.1035
8.92187
17.1836
20.4278
20.5044
20.311
19.9708
19.3056
19.1922
19.015
18.9377
18.3613
15.7919
15.8327
16.2864
16.2596
16.9972
17.4424
17.3731
16.8214
15.6761
16.8685
16.5708
15.8548
16.3991
16.2275
15.9339
15.7421
15.3533
12.8625
12.0876
12.4326
11.6524
11.6376
12.8073
12.2202
7.79694
4.81646
6.58667
6.79232
7.42023
8.78024
10.5317
10.7542
11.5602
12.4582
12.6522
12.5324
12.2118
12.2011
12.0057
11.9059
11.7426
11.5564
11.3916
11.2232
10.962
10.6959
10.4985
10.4574
10.2074
9.93147
9.41936
8.7776
8.08249
5.9428
3.59302
2.94798
3.24907
4.26645
3.94195
4.45989
5.81217
7.01021
7.53065
7.45251
7.16139
7.24609
7.36056
6.93186
6.91539
7.00444
7.18188
7.32803
7.50492
7.5503
7.47037
7.29047
6.84696
6.03073
5.94256
6.60273
6.75197
6.90959
6.762
6.4063
5.91171
5.52366
5.16238
4.47093
3.80594
3.34516
1.57015
0.270418
0.0152762
0.000917571
0.0158737
0.0390585
0.0163934
0.0289325
0.0517401
0.0831854
0.201874
0.412611
0.64551
0.921858
0.897664
1.15062
1.47091
1.99126
2.2139
1.85953
1.81793
2.10646
2.52717
3.30454
3.86802
4.00004
4.35133
4.48809
4.62162
4.62969
4.61432
4.60933
4.60354
4.5545
4.51703
4.29756
3.99163
4.06993
4.18179
4.18936
4.02845
3.84663
3.89799
4.02182
4.06902
4.02159
3.86462
3.74965
3.74405
3.77402
3.71848
3.60876
3.56505
3.46469
3.44345
3.37801
3.24061
3.02526
2.8176
2.5631
2.30957
2.1789
2.16004
2.27438
2.38684
2.35842
2.17345
2.1249
1.93513
1.72169
1.5276
1.16292
0.68492
0.379752
0.195277
0.073859
0.0262517
0.00708443
0.000660242
0.000326559
0.000874662
0.0017219
0.00237895
0.000991145
0.00591461
0.0193401
0.0224893
0.0074881
0.00134073
0.00587756
0.0124428
0.0325606
0.0713184
0.129008
0.237811
0.355145
0.31645
0.349562
0.583276
0.914437
1.22147
1.46923
1.42088
1.02852
0.414189
0.408778
0.476541
0.789973
1.27543
1.53606
1.50755
1.27339
0.901831
0.891775
0.926141
1.08913
1.37091
1.48416
1.52573
1.52424
1.53998
1.54324
1.53267
1.52842
1.5306
1.53627
1.52593
1.47154
1.43835
1.39198
1.3361
1.3488
1.33847
1.27955
1.30122
1.24309
1.21605
1.23561
1.24137
1.23034
1.19392
1.15913
1.11907
1.08399
1.0457
0.989579
0.948892
0.880828
0.823181
0.766691
0.695881
0.583505
0.49396
0.443022
0.432689
0.52594
0.596432
0.556957
0.493343
0.422209
0.369662
0.417681
0.420702
0.337407
0.333784
0.313111
0.322174
0.324209
0.307735
0.250297
0.286581
0.316476
0.258262
0.287402
0.27556
0.171369
0.323667
0.333103
0.299765
L of Background Average
3.44938
5.31082
5.70347
5.78974
6.16754
6.20596
5.96434
5.77084
4.80144
6.06439
6.2079
6.8389
7.2586
7.44731
7.64689
7.61066
7.63788
7.68472
7.80374
7.79972
7.47241
7.28118
7.48357
7.41766
7.17199
7.49744
7.55619
7.07812
7.19193
7.60924
7.89085
7.80534
8.0543
7.9938
8.07127
8.09828
7.99351
7.92334
7.75467
7.65019
7.61758
7.51692
7.47018
6.95286
7.08324
7.06774
7.02374
6.97202
6.70634
6.64914
6.69595
6.52544
6.4894
6.52738
6.46702
6.34448
6.1778
5.98797
6.04643
6.15654
6.11196
6.04724
6.01482
6.03387
5.30504
5.98485
7.13163
7.56088
8.26842
8.87036
8.99332
8.29537
9.07117
9.60796
11.002
11.6025
12.1075
12.4669
12.581
11.2952
5.37343
10.4482
12.5374
12.695
12.6471
12.4906
12.1235
12.0988
12.0354
12.029
11.7075
10.1198
10.183
10.5101
10.5313
11.0471
11.3688
11.3517
11.0274
10.3134
11.1256
10.9292
10.4694
10.869
10.8053
10.6303
10.492
10.2122
8.54664
8.01934
8.23236
7.70477
7.68179
8.43446
8.03944
5.13066
3.15834
4.28207
4.38592
4.75817
5.59831
6.67357
6.77707
7.24227
7.77432
7.94336
8.01408
7.96291
8.0411
7.94487
7.91293
7.83812
7.74417
7.65875
7.55716
7.38801
7.22056
7.08889
7.03155
6.80001
6.53927
6.14199
5.6969
5.24381
3.85631
2.32377
1.88762
2.05524
2.66446
2.43356
2.71462
3.50302
4.21671
4.57681
4.6277
4.54641
4.67218
4.79306
4.56977
4.6255
4.72699
4.83846
4.88638
4.94218
4.92117
4.8401
4.70803
4.41002
3.87143
3.80339
4.22329
4.31602
4.39062
4.24651
3.96516
3.59468
3.2726
2.95512
2.46986
2.0382
1.75746
0.815627
0.13933
0.00814877
0.000820972
0.0086975
0.017394
0.00695002
0.0124973
0.0188656
0.0302531
0.0725171
0.145168
0.221081
0.309211
0.296137
0.372723
0.470941
0.634588
0.70595
0.593497
0.580583
0.682261
0.842464
1.13373
1.35117
1.41776
1.56462
1.63688
1.71137
1.74376
1.7696
1.79835
1.82208
1.82456
1.83285
1.77713
1.68704
1.74533
1.804
1.82139
1.77857
1.73288
1.78255
1.85309
1.88564
1.88187
1.83334
1.80199
1.81365
1.83699
1.81971
1.77602
1.76147
1.71159
1.6936
1.65415
1.59264
1.51092
1.44416
1.35987
1.27419
1.22303
1.17326
1.16709
1.17168
1.13813
1.05016
1.02165
0.909662
0.782799
0.674665
0.501931
0.288069
0.149895
0.0713528
0.0245956
0.00775905
0.00197329
0.000188321
9.4863e-005
0.000236714
0.000453513
0.0006318
0.000252687
0.00138819
0.00453618
0.00533862
0.00180673
0.000334155
0.00141636
0.00297198
0.00755921
0.0164824
0.0296127
0.0543449
0.0815649
0.0734062
0.0827039
0.140846
0.225491
0.307092
0.376482
0.371485
0.274607
0.11267
0.112692
0.132439
0.221473
0.360978
0.439071
0.435305
0.37117
0.265529
0.264205
0.275672
0.325417
0.41099
0.447101
0.462654
0.466101
0.473888
0.476925
0.476555
0.478573
0.482258
0.485192
0.483748
0.469644
0.462696
0.450871
0.435487
0.442498
0.443628
0.427036
0.43816
0.421377
0.41408
0.422035
0.42511
0.422538
0.411273
0.398898
0.383617
0.369806
0.354627
0.332989
0.318538
0.298848
0.282354
0.266249
0.246471
0.217022
0.198796
0.185496
0.177932
0.188312
0.200281
0.182766
0.160207
0.138186
0.122662
0.132813
0.128943
0.0994105
0.0954148
0.0895211
0.0908032
0.0892105
0.079985
0.0618825
0.0702033
0.0772072
0.0619223
0.0659668
0.0622388
0.0373783
0.0695193
0.0712529
0.0635728
L of Target
15.2542
23.465
25.1474
25.3914
26.8668
26.8375
25.5963
24.6188
20.4228
25.7942
26.4239
29.0994
30.8582
31.6253
32.4047
32.2085
32.3538
32.6166
33.1464
33.0855
31.6438
30.8124
31.6331
31.2503
30.059
31.2079
31.0991
28.6864
28.6344
29.7032
30.1993
29.4051
30.0256
29.5811
29.671
29.6209
29.1864
29.0312
28.6599
28.6468
28.917
28.8157
28.7899
26.8949
27.5208
27.5698
27.4786
27.3671
26.4426
26.345
26.634
26.0164
25.914
26.1388
26.0157
25.6724
25.1308
24.4682
24.837
25.4199
25.3302
25.0942
24.9372
24.6287
20.5572
21.3172
23.1735
22.9614
23.1847
23.1606
22.006
18.9349
19.589
19.6323
21.3636
21.4981
21.5891
21.676
21.5326
19.1035
8.92187
17.1836
20.4278
20.5044
20.311
19.9708
19.3056
19.1922
19.015
18.9377
18.3613
15.7919
15.8327
16.2864
16.2596
16.9972
17.4424
17.3731
16.8214
15.6761
16.8685
16.5708
15.8548
16.3991
16.2275
15.9339
15.7421
15.3533
12.8625
12.0876
12.4326
11.6524
11.6376
12.8073
12.2202
7.79694
4.81646
6.58667
6.79232
7.42023
8.78024
10.5317
10.7542
11.5602
12.4582
12.6522
12.5324
12.2118
12.2011
12.0057
11.9059
11.7426
11.5564
11.3916
11.2232
10.962
10.6959
10.4985
10.4574
10.2074
9.93147
9.41936
8.7776
8.08249
5.9428
3.59302
2.94798
3.24907
4.26645
3.94195
4.45989
5.81217
7.01021
7.53065
7.45251
7.16139
7.24609
7.36056
6.93186
6.91539
7.00444
7.18188
7.32803
7.50492
7.5503
7.47037
7.29047
6.84696
6.03073
5.94256
6.60273
6.75197
6.90959
6.762
6.4063
5.91171
5.52366
5.16238
4.47093
3.80594
3.34516
1.57015
0.270418
0.0152762
0.000917571
0.0158737
0.0390585
0.0163934
0.0289325
0.0517401
0.0831854
0.201874
0.412611
0.64551
0.921858
0.897664
1.15062
1.47091
1.99126
2.2139
1.85953
1.81793
2.10646
2.52717
3.30454
3.86802
4.00004
4.35133
4.48809
4.62162
4.62969
4.61432
4.60933
4.60354
4.5545
4.51703
4.29756
3.99163
4.06993
4.18179
4.18936
4.02845
3.84663
3.89799
4.02182
4.06902
4.02159
3.86462
3.74965
3.74405
3.77402
3.71848
3.60876
3.56505
3.46469
3.44345
3.37801
3.24061
3.02526
2.8176
2.5631
2.30957
2.1789
2.16004
2.27438
2.38684
2.35842
2.17345
2.1249
1.93513
1.72169
1.5276
1.16292
0.68492
0.379752
0.195277
0.073859
0.0262517
0.00708443
0.000660242
0.000326559
0.000874662
0.0017219
0.00237895
0.000991145
0.00591461
0.0193401
0.0224893
0.0074881
0.00134073
0.00587756
0.0124428
0.0325606
0.0713184
0.129008
0.237811
0.355145
0.31645
0.349562
0.583276
0.914437
1.22147
1.46923
1.42088
1.02852
0.414189
0.408778
0.476541
0.789973
1.27543
1.53606
1.50755
1.27339
0.901831
0.891775
0.926141
1.08913
1.37091
1.48416
1.52573
1.52424
1.53998
1.54324
1.53267
1.52842
1.5306
1.53627
1.52593
1.47154
1.43835
1.39198
1.3361
1.3488
1.33847
1.27955
1.30122
1.24309
1.21605
1.23561
1.24137
1.23034
1.19392
1.15913
1.11907
1.08399
1.0457
0.989579
0.948892
0.880828
0.823181
0.766691
0.695881
0.583505
0.49396
0.443022
0.432689
0.52594
0.596432
0.556957
0.493343
0.422209
0.369662
0.417681
0.420702
0.337407
0.333784
0.313111
0.322174
0.324209
0.307735
0.250297
0.286581
0.316476
0.258262
0.287402
0.27556
0.171369
0.323667
0.333103
0.299765
