SNR of Background 1
8.15309
14.0249
16.3119
18.1887
20.7785
23.2059
25.2581
27.1754
25.7009
32.3688
34.7149
38.7558
42.3666
44.7917
46.9723
48.4624
49.6763
51.056
52.4146
53.8384
54.1898
54.8128
56.6794
57.8865
57.569
59.5498
60.3491
60.2726
61.9725
65.0078
67.1566
67.9846
69.4914
69.8615
70.4895
71.1192
71.3558
71.318
70.8621
70.368
69.782
69.3497
69.1998
67.7948
68.2211
68.3531
67.5
66.2625
64.3585
62.5951
62.3278
61.3647
60.8706
60.6123
59.502
58.2667
56.774
55.8054
55.5004
55.5756
55.2035
54.9168
55.0446
56.7454
57.6152
65.8703
73.5339
76.6774
79.819
81.7995
82.7951
82.2057
83.6693
84.7663
86.4711
87.0471
87.5624
87.6736
87.4993
85.9327
73.5635
83.9784
85.9091
85.6288
84.8571
84.1513
83.1514
82.4769
81.7055
81.1475
80.3851
77.7938
77.1433
77.355
76.537
77.0035
77.1071
76.6539
75.072
73.279
74.196
73.2549
71.7672
72.6603
71.9064
70.867
69.8107
68.3815
63.452
60.9186
60.4276
57.632
56.2694
57.1822
54.5268
41.7916
29.1749
50.3246
48.8436
33.3719
52.8078
57.8242
56.2167
53.5553
48.5657
38.1243
24.1711
24.5036
25.1435
27.9655
28.2313
31.0815
33.7373
33.8226
36.2005
35.761
37.6724
39.5822
39.4934
40.7307
41.5888
39.7175
39.3769
38.7946
31.7382
21.3085
18.4389
21.6967
28.4428
27.2353
30.7658
38.9634
45.9504
49.9797
50.6553
51.5412
53.7669
55.809
55.593
57.4049
60.407
62.2412
63.4685
64.6749
65.3728
66.4753
66.4573
65.1815
61.7724
62.0301
66.237
67.7254
68.9162
69.1012
67.437
64.7239
61.9567
58.6298
52.5625
46.2172
41.6808
21.988
4.05396
0.249431
0.0318879
0.282256
0.499556
0.195398
0.364157
0.471268
0.768619
1.82375
3.6139
5.39192
7.43886
6.99712
8.70113
10.9009
14.4791
16.2919
14.0507
13.8332
16.734
21.3157
29.2559
35.326
37.6224
41.9576
44.7235
47.136
49.1796
51.1128
52.6359
54.6536
56.1694
57.4315
58.0247
57.9533
60.1427
62.4002
63.8916
64.3983
64.5722
66.3033
68.1681
69.5945
70.1944
70.1144
70.308
70.7794
71.3973
71.3434
70.8868
70.8355
70.1237
69.8315
69.1744
68.2372
67.0471
66.2943
65.2002
63.9793
62.7019
60.8578
59.6767
58.7021
58.0008
55.5653
54.7727
50.9508
45.348
40.4715
31.5478
18.7815
9.45853
4.22418
1.28983
0.328789
0.0727596
0.00741822
0.00388048
0.00801159
0.0141196
0.0199208
0.00685366
0.0257569
0.0835345
0.103598
0.0379175
0.00809582
0.0298707
0.059997
0.130072
0.278213
0.478144
0.851697
1.33705
1.28123
1.61598
3.01476
5.28291
7.72966
9.99059
10.5226
8.32665
3.62889
3.7863
4.56853
7.80788
12.929
16.0431
16.3676
14.3011
10.5912
10.6927
11.2652
13.3387
16.7685
18.3434
19.0084
19.4562
20.1222
20.5166
20.6617
21.1095
21.6274
21.7497
21.9768
21.5289
21.4276
21.0745
20.5358
20.9694
21.042
20.4197
21.0929
20.4602
19.9637
20.0763
19.7563
19.1838
18.2224
17.3696
16.1388
14.9607
14.0031
12.7859
11.9649
11.2
10.6932
10.0541
9.37499
8.58832
8.67199
8.51745
8.14944
7.52567
7.43245
6.64873
5.8185
5.15408
4.62107
4.61566
4.08395
2.88106
2.55784
2.3696
2.29209
2.09019
1.5345
0.969792
1.02299
1.08655
0.774495
0.618025
0.509954
0.213938
0.325462
0.30276
0.231911
SNR of Background 2
63.6856
76.3177
79.2732
80.9912
82.9782
84.4611
85.4658
86.3683
85.3289
88.9901
90.051
91.5269
92.6191
93.2582
93.755
94.0828
94.3934
94.7475
95.0487
95.2991
95.3421
95.4543
95.7639
95.9092
95.7725
95.9788
95.9135
95.6332
95.6289
95.8504
95.9411
95.8726
96.0086
95.9854
96.0203
96.0772
96.1041
96.1462
96.178
96.2644
96.346
96.4074
96.4594
96.295
96.4303
96.5059
96.4153
96.2716
96.0351
95.8237
95.8504
95.7364
95.6862
95.6943
95.5924
95.4976
95.35
95.2736
95.3361
95.4659
95.4884
95.4733
95.4814
95.4505
94.579
94.7966
95.2158
95.1879
95.1864
95.079
94.7943
93.8964
93.9259
93.8598
94.1668
94.0305
93.9563
93.7937
93.558
92.5659
84.6737
91.1125
92.1618
91.8991
91.365
90.8767
90.2005
89.7219
89.1717
88.759
88.2029
86.3884
85.8799
85.9666
85.335
85.5975
85.6189
85.2576
84.0752
82.7083
83.3259
82.64
81.5173
82.1014
81.442
80.6181
79.8374
78.7868
74.9144
72.8796
72.5256
70.2066
69.0831
69.9382
67.6591
55.6088
41.9488
64.2718
63.128
49.4766
72.2851
76.5583
75.5262
73.6254
69.4902
58.6702
40.0071
39.6091
40.0293
43.661
43.8129
47.281
50.3702
50.3172
53.0586
52.5029
54.6273
56.7537
56.8576
58.6544
60.1349
58.5898
58.4451
57.8222
49.4754
35.3854
31.4481
36.9027
47.0684
45.991
51.408
61.6416
68.7671
71.9091
71.568
71.388
72.6307
73.9186
73.2494
74.1595
76.21
77.6786
78.9469
80.2287
81.045
81.9781
82.0668
81.2913
79.0225
79.3103
82.2126
83.1989
84.1198
84.5577
83.9428
82.7744
81.8224
80.7953
77.8892
74.2332
71.1157
46.9209
10.1197
0.598026
0.0367198
0.648517
1.62508
0.697238
1.25364
2.28097
3.73159
8.99714
18.1904
27.7922
38.0993
37.4745
45.9644
54.7925
65.0469
68.8989
63.9018
63.3076
68.5103
73.966
81.0407
84.7073
85.5094
87.2946
88.1155
88.6886
89.0306
89.2929
89.4183
89.8089
90.0653
90.2122
89.9756
89.4177
89.9017
90.5897
90.947
90.8053
90.4444
90.763
91.279
91.6674
91.6984
91.4215
91.2518
91.2772
91.4155
91.2981
91.0232
90.9293
90.6586
90.632
90.4639
90.0195
89.1802
88.252
86.8755
85.1838
83.9606
83.8801
84.9301
85.7217
85.8626
84.5411
84.263
82.8192
80.4786
78.1254
70.9348
53.6289
34.6813
19.4507
7.63879
2.73815
0.740084
0.0696195
0.0343009
0.0907146
0.178152
0.24289
0.0997558
0.592822
1.92614
2.20633
0.733716
0.131497
0.582375
1.23214
3.21279
7.03767
12.5325
22.265
31.9717
28.9277
31.4503
46.5407
61.6717
70.756
75.6048
74.6868
64.9644
35.2404
35.0642
39.843
56.7825
72.3014
77.4959
77.1974
72.552
61.8731
61.5611
62.8693
68.1091
74.8196
76.9528
77.4312
77.4502
77.9076
78.1281
77.8953
77.9929
78.2247
78.2168
78.2446
77.2389
76.574
75.629
74.4353
74.6
73.9929
72.5937
72.9683
71.5509
70.4436
70.4037
69.6928
68.5162
66.571
65.0102
62.7709
60.4998
58.6499
56.0804
53.9369
50.7325
48.2409
45.1693
41.3879
35.3906
31.1571
28.7074
28.4493
33.9458
37.9808
36.3292
33.2387
29.4452
25.9338
28.5494
28.0229
22.7652
22.3034
20.782
21.0679
20.9211
19.3665
15.7279
17.3143
18.7041
14.9468
15.9756
15.0882
9.21253
16.668
16.4923
14.6538
SNR of Background Average
28.4155
42.198
46.4731
49.2997
52.8299
55.711
57.8281
59.7789
57.7778
65.5355
68.0281
71.7518
74.7039
76.52
77.9942
78.9855
79.9041
80.9582
81.8879
82.7015
82.8627
83.2321
84.2514
84.7717
84.392
85.154
85.0845
84.388
84.607
85.547
86.0685
86.0479
86.5846
86.5999
86.781
87.0091
87.1097
87.197
87.1968
87.3151
87.4176
87.5029
87.6094
87.0478
87.4284
87.6272
87.3042
86.8073
86.0037
85.2782
85.3131
84.9255
84.7476
84.7367
84.3576
83.9833
83.4502
83.1501
83.2718
83.6094
83.6297
83.564
83.6021
83.7178
81.8312
83.6504
85.9677
86.6934
87.5834
88.097
88.1561
87.0816
87.7479
88.2105
89.2643
89.4762
89.7114
89.6833
89.4586
88.0427
76.8952
86.1768
87.8305
87.5382
86.8234
86.1703
85.2531
84.6244
83.9048
83.3782
82.6629
80.2675
79.6435
79.8137
79.0338
79.4382
79.513
79.0768
77.5867
75.8887
76.7256
75.847
74.4437
75.2522
74.5075
73.5136
72.5246
71.189
66.4967
64.0708
63.6147
60.9149
59.6012
60.5139
57.9248
45.1921
32.1563
53.9132
52.5131
37.1944
57.9817
63.0009
61.5177
58.9857
54.038
43.0793
27.6249
27.785
28.3784
31.4253
31.6659
34.704
37.508
37.5588
40.0694
39.5921
41.5932
43.5981
43.5615
44.9844
46.0457
44.2243
43.9343
43.3276
35.7787
24.3343
21.2014
24.9914
32.6688
31.4782
35.5835
44.6293
51.9833
55.9148
56.2459
56.7875
58.7676
60.6364
60.2461
61.8183
64.6154
66.4041
67.7127
69.0212
69.8141
70.9249
70.9517
69.7947
66.6209
66.909
70.8742
72.2621
73.4341
73.7552
72.4269
70.1782
67.9947
65.4224
60.1962
54.4135
50.0512
27.8
5.28413
0.319183
0.0328543
0.355545
0.725057
0.295835
0.542295
0.834248
1.36428
3.28027
6.64706
10.2251
14.4123
13.907
17.6355
22.2305
29.088
32.307
28.2463
27.8169
32.3869
38.5861
48.6392
55.3905
57.3972
61.4981
63.7525
65.5364
66.8641
68.0373
68.8596
70.2109
71.1768
71.8994
71.8911
71.2554
72.7651
74.5122
75.5591
75.636
75.3492
76.46
77.8218
78.8543
79.1573
78.8555
78.7887
79.0345
79.4518
79.3217
78.8621
78.7565
78.1786
78.0136
77.5496
76.7125
75.431
74.3329
72.7809
71.0283
69.575
68.4447
68.4207
68.4282
68.1532
65.8704
65.2378
62.1007
57.3227
52.9428
43.3537
27.5115
15.0584
7.40407
2.57601
0.812649
0.206364
0.0198596
0.00996465
0.0245538
0.0469335
0.0645292
0.0254359
0.139265
0.453162
0.525606
0.17723
0.0327798
0.140463
0.294862
0.749865
1.64773
2.95402
5.39323
8.12242
7.31294
8.20407
13.5772
21.1021
27.7844
32.7313
32.3469
24.8404
10.7361
10.8112
12.7169
20.7723
32.1833
37.982
37.9301
33.2278
24.913
24.842
25.8405
29.9125
36.35
38.9215
39.7026
39.9855
40.752
41.166
41.061
41.4054
41.9004
41.9653
42.1211
41.0567
40.4897
39.5836
38.4207
38.8017
38.4406
37.1536
37.8132
36.5455
35.5818
35.6319
35.0248
34.0106
32.3715
31.0365
29.1636
27.3622
25.9293
24.0636
22.683
21.0128
19.825
18.3984
16.7859
14.5702
13.5738
12.8665
12.52
13.3861
14.3737
13.334
11.8948
10.4378
9.18546
9.80343
9.26407
7.09416
6.73576
6.24387
6.24744
6.05599
5.27146
4.02746
4.4151
4.7717
3.70416
3.80335
3.52562
2.04636
3.72362
3.66732
3.21246
SNR of Target
63.6856
76.3177
79.2732
80.9912
82.9782
84.4611
85.4658
86.3683
85.3289
88.9901
90.051
91.5269
92.6191
93.2582
93.755
94.0828
94.3934
94.7475
95.0487
95.2991
95.3421
95.4543
95.7639
95.9092
95.7725
95.9788
95.9135
95.6332
95.6289
95.8504
95.9411
95.8726
96.0086
95.9854
96.0203
96.0772
96.1041
96.1462
96.178
96.2644
96.346
96.4074
96.4594
96.295
96.4303
96.5059
96.4153
96.2716
96.0351
95.8237
95.8504
95.7364
95.6862
95.6943
95.5924
95.4976
95.35
95.2736
95.3361
95.4659
95.4884
95.4733
95.4814
95.4505
94.579
94.7966
95.2158
95.1879
95.1864
95.079
94.7943
93.8964
93.9259
93.8598
94.1668
94.0305
93.9563
93.7937
93.558
92.5659
84.6737
91.1125
92.1618
91.8991
91.365
90.8767
90.2005
89.7219
89.1717
88.759
88.2029
86.3884
85.8799
85.9666
85.335
85.5975
85.6189
85.2576
84.0752
82.7083
83.3259
82.64
81.5173
82.1014
81.442
80.6181
79.8374
78.7868
74.9144
72.8796
72.5256
70.2066
69.0831
69.9382
67.6591
55.6088
41.9488
64.2718
63.128
49.4766
72.2851
76.5583
75.5262
73.6254
69.4902
58.6702
40.0071
39.6091
40.0293
43.661
43.8129
47.281
50.3702
50.3172
53.0586
52.5029
54.6273
56.7537
56.8576
58.6544
60.1349
58.5898
58.4451
57.8222
49.4754
35.3854
31.4481
36.9027
47.0684
45.991
51.408
61.6416
68.7671
71.9091
71.568
71.388
72.6307
73.9186
73.2494
74.1595
76.21
77.6786
78.9469
80.2287
81.045
81.9781
82.0668
81.2913
79.0225
79.3103
82.2126
83.1989
84.1198
84.5577
83.9428
82.7744
81.8224
80.7953
77.8892
74.2332
71.1157
46.9209
10.1197
0.598026
0.0367198
0.648517
1.62508
0.697238
1.25364
2.28097
3.73159
8.99714
18.1904
27.7922
38.0993
37.4745
45.9644
54.7925
65.0469
68.8989
63.9018
63.3076
68.5103
73.966
81.0407
84.7073
85.5094
87.2946
88.1155
88.6886
89.0306
89.2929
89.4183
89.8089
90.0653
90.2122
89.9756
89.4177
89.9017
90.5897
90.947
90.8053
90.4444
90.763
91.279
91.6674
91.6984
91.4215
91.2518
91.2772
91.4155
91.2981
91.0232
90.9293
90.6586
90.632
90.4639
90.0195
89.1802
88.252
86.8755
85.1838
83.9606
83.8801
84.9301
85.7217
85.8626
84.5411
84.263
82.8192
80.4786
78.1254
70.9348
53.6289
34.6813
19.4507
7.63879
2.73815
0.740084
0.0696195
0.0343009
0.0907146
0.178152
0.24289
0.0997558
0.592822
1.92614
2.20633
0.733716
0.131497
0.582375
1.23214
3.21279
7.03767
12.5325
22.265
31.9717
28.9277
31.4503
46.5407
61.6717
70.756
75.6048
74.6868
64.9644
35.2404
35.0642
39.843
56.7825
72.3014
77.4959
77.1974
72.552
61.8731
61.5611
62.8693
68.1091
74.8196
76.9528
77.4312
77.4502
77.9076
78.1281
77.8953
77.9929
78.2247
78.2168
78.2446
77.2389
76.574
75.629
74.4353
74.6
73.9929
72.5937
72.9683
71.5509
70.4436
70.4037
69.6928
68.5162
66.571
65.0102
62.7709
60.4998
58.6499
56.0804
53.9369
50.7325
48.2409
45.1693
41.3879
35.3906
31.1571
28.7074
28.4493
33.9458
37.9808
36.3292
33.2387
29.4452
25.9338
28.5494
28.0229
22.7652
22.3034
20.782
21.0679
20.9211
19.3665
15.7279
17.3143
18.7041
14.9468
15.9756
15.0882
9.21253
16.668
16.4923
14.6538
