L of Background 1
1.27481
1.2837
1.24451
1.22045
1.29817
1.50804
1.69599
1.74146
1.56979
1.37158
1.26503
1.19405
1.1148
1.02269
0.93457
0.936468
1.01679
1.80531
2.52206
3.94647
6.3419
5.24893
6.7869
7.09546
6.62664
5.03056
5.35661
6.59551
6.69553
6.67042
6.63248
5.2495
3.27525
2.63663
0.783525
0.97885
2.38433
3.88117
4.88481
4.95603
4.98524
4.89664
4.64085
4.31385
3.59808
2.10481
0.489769
0.228236
0.407472
1.15496
1.79584
1.87306
1.94357
2.24698
2.58044
2.64603
2.2524
2.14091
2.21554
1.72033
1.11052
0.504392
2.13493e-007
1.43926e-005
0.000227565
0.00137201
0.0106004
0.0243689
0.0322936
0.112644
0.244208
0.358438
0.462134
0.529175
0.561809
0.538879
0.581934
0.58692
0.607403
0.656719
0.626193
0.609215
0.592264
0.568636
0.543733
0.505641
0.457957
0.404798
0.346611
0.308816
0.23531
0.146424
0.0643589
0.0121712
0.000221374
0.0118537
0.0220029
0.0113862
0.039997
0.0465452
0.0427058
0.0691795
0.0798822
0.0859529
0.0909488
0.0845253
0.0821015
0.080202
0.0834071
0.0846597
0.0777149
0.0682923
0.0598136
0.0509254
0.0430933
0.0348005
0.0247124
0.0201909
0.0141279
0.0122519
0.00723503
0.00809039
0.00411919
0.00181214
0.000114269
3.69171e-005
L of Background 2
1.33594
1.36319
1.34698
1.35313
1.46131
1.70513
1.92033
1.97819
1.83094
1.64977
1.56141
1.52359
1.45253
1.3476
1.2217
1.21365
1.2704
2.01101
2.46215
3.29817
4.96755
4.01309
4.99355
5.24043
4.93849
3.7512
3.91308
4.78822
4.85544
4.86639
4.85364
3.93779
2.49397
2.04844
0.614317
0.737561
1.79655
2.96008
3.73276
3.77805
3.78137
3.70386
3.5204
3.29995
2.80674
1.69676
0.403681
0.185978
0.32589
0.934643
1.50706
1.59948
1.66297
1.91194
2.18668
2.25091
1.92331
1.83207
1.91837
1.5202
1.00798
0.467765
2.13493e-007
1.43926e-005
0.000227565
0.00121734
0.0102635
0.0250657
0.0338431
0.122771
0.277655
0.411177
0.52799
0.59987
0.632203
0.60255
0.647501
0.650653
0.668254
0.71985
0.690834
0.678812
0.663946
0.6385
0.611772
0.572753
0.52374
0.466045
0.399354
0.355775
0.270578
0.165872
0.0711028
0.0133375
0.000221374
0.0105665
0.021312
0.00840655
0.0413746
0.050972
0.0455247
0.0748072
0.0873046
0.0945037
0.101346
0.0942353
0.0908089
0.0868243
0.0879891
0.087139
0.0774817
0.0662046
0.0571251
0.0468271
0.0371395
0.0267049
0.0134217
0.00711394
0.00204689
0.000904185
0.000617637
0.000645082
0.000402683
0.000339457
0.00011433
3.69176e-005
L of Background 3
2.38556
2.46454
2.47322
2.43549
2.4206
2.46186
2.53665
2.54114
2.47929
2.36535
2.32731
2.33846
2.28756
2.22371
2.19021
2.27747
1.96963
2.04228
1.82383
1.91283
2.58079
1.97573
2.42499
2.48643
2.28655
1.7206
1.80359
2.1979
2.22014
2.20971
2.19367
1.71165
1.07158
0.900081
0.280859
0.346063
0.820824
1.3054
1.62281
1.62136
1.61792
1.57208
1.47932
1.36823
1.15329
0.697662
0.169333
0.0852693
0.150342
0.429634
0.682688
0.724984
0.755934
0.863689
0.980339
0.99999
0.848845
0.804951
0.842422
0.676472
0.478009
0.259986
2.22669e-007
4.11582e-005
0.00129531
0.0059053
0.0248815
0.0475622
0.0522032
0.160045
0.3243
0.444573
0.535764
0.572694
0.568065
0.51213
0.524562
0.506331
0.501377
0.526352
0.495532
0.48166
0.471376
0.453041
0.433623
0.406279
0.373774
0.33663
0.295896
0.273919
0.217626
0.142306
0.0687692
0.0160717
0.00590687
0.0521867
0.0877377
0.0440469
0.118379
0.127254
0.105715
0.159877
0.175157
0.18199
0.185794
0.164713
0.153216
0.144333
0.147975
0.152832
0.146181
0.135481
0.123737
0.110474
0.0996799
0.0855148
0.0680938
0.0600175
0.0428591
0.0407043
0.0257684
0.02632
0.0150439
0.0110575
0.00188328
0.00106917
L of Background Average
1.40975
1.43295
1.40769
1.39436
1.4751
1.68185
1.86947
1.91584
1.76483
1.58179
1.48931
1.43972
1.36656
1.27212
1.17431
1.18069
1.21308
1.91117
2.42798
3.48159
5.40946
4.42133
5.6238
5.88239
5.50829
4.1823
4.41747
5.42293
5.50154
5.4925
5.46697
4.3644
2.73992
2.22592
0.665336
0.81882
1.9915
3.25148
4.0921
4.14538
4.16077
4.08094
3.87086
3.60877
3.03362
1.79962
0.423165
0.197014
0.349078
0.993982
1.56833
1.64809
1.71179
1.97353
2.26145
2.32178
1.97917
1.88265
1.95823
1.53527
1.00601
0.465255
2.14832e-007
1.72161e-005
0.000355575
0.00176342
0.0118935
0.0269665
0.034904
0.121432
0.265591
0.388138
0.495833
0.561791
0.590582
0.561658
0.602402
0.604347
0.621127
0.668911
0.638968
0.624276
0.608819
0.584986
0.559913
0.522524
0.475834
0.422463
0.362623
0.324103
0.247646
0.153791
0.067498
0.0130277
0.00134566
0.0153704
0.0282966
0.013459
0.04838
0.0563798
0.05013
0.080492
0.0923706
0.0989687
0.104584
0.0964214
0.0926911
0.0892594
0.0916923
0.0924634
0.084463
0.0741705
0.0651249
0.0552358
0.0463663
0.0366297
0.0245314
0.0189399
0.012167
0.0106081
0.00644885
0.00694232
0.00372915
0.00215097
0.000344749
0.000140571
L of Target
2.8449
2.99758
3.05658
3.02896
2.99536
2.99474
2.99486
2.88075
2.70221
2.50342
2.4016
2.37627
2.31598
2.2585
2.24119
2.34898
2.03977
2.12151
1.89921
2.01066
2.7722
2.18135
2.74333
2.85861
2.6753
2.04334
2.16575
2.66047
2.71
2.72203
2.7093
2.16042
1.37692
1.16682
0.366488
0.457611
1.09502
1.75742
2.2034
2.21233
2.20857
2.16057
2.04886
1.90823
1.61925
0.98812
0.241655
0.122115
0.218054
0.627166
1.00049
1.06448
1.10922
1.26627
1.43688
1.46869
1.25133
1.19088
1.25121
1.00851
0.712514
0.389604
2.32663e-007
6.05604e-005
0.00193482
0.00868332
0.037022
0.0715858
0.080187
0.251144
0.512969
0.70398
0.848349
0.907754
0.902501
0.816296
0.838244
0.810233
0.802265
0.842477
0.794955
0.773078
0.755214
0.725181
0.691957
0.645913
0.593508
0.535294
0.471531
0.437881
0.349146
0.228155
0.108696
0.0244825
0.00886904
0.0786493
0.13328
0.0677358
0.184737
0.201314
0.170905
0.2624
0.289966
0.29938
0.304015
0.269887
0.25258
0.238601
0.244974
0.249355
0.228035
0.203533
0.184946
0.166805
0.152392
0.130909
0.102862
0.0903865
0.064884
0.0615095
0.0392507
0.0403499
0.0230591
0.0173798
0.00345161
0.00116362
