SNR of Background 1
79.0437
80.1001
80.0909
80.8729
82.9725
85.8144
87.9684
88.4813
87.2801
85.6855
85.1316
84.4804
83.2324
82.2011
81.5668
81.8972
83.5273
91.4755
94.2558
96.455
97.8979
97.5212
98.195
98.2614
98.1541
97.6309
97.8676
98.2913
98.3115
98.378
98.5513
98.1553
96.6854
96.2665
86.0226
88.6
95.7799
97.6429
98.1174
98.1115
98.2011
98.2187
98.0126
98.0117
97.7052
95.891
79.0677
59.0521
77.4399
92.328
95.2837
95.6436
95.5605
96.3815
96.8262
96.9687
96.5676
96.1494
96.4879
95.5396
92.8551
83.4844
0.000101013
0.0079077
0.123207
0.715597
5.48869
12.7616
16.1529
45.2678
69.9926
79.3553
84.0874
86.3638
87.52
86.5855
87.6754
87.9873
88.6993
89.3201
88.8471
88.6059
88.437
87.6413
87.031
86.1932
84.651
81.9647
78.8312
76.406
69.2547
54.2054
30.0849
6.91257
0.222193
11.5459
20.2243
10.9654
33.4945
38.5019
36.322
50.4127
54.2978
56.2357
57.7842
56.2393
55.4179
54.0977
56.1086
54.4116
53.0059
48.6418
45.4356
39.4739
34.1703
28.6128
21.4149
18.0588
13.0506
11.5448
6.83963
7.67278
3.89452
1.70575
0.1102
0.0324944
SNR of Background 2
80.0219
81.2966
81.6544
82.8244
84.9818
87.5754
89.4905
89.976
89.2392
88.2753
88.1521
88.0621
87.3686
86.7308
86.1233
86.253
87.0204
92.4248
94.1036
95.7018
97.2808
96.7045
97.5093
97.6116
97.4865
96.7669
97.0293
97.6101
97.6359
97.7444
97.9944
97.5053
95.5597
95.0999
81.9072
84.5314
94.2671
96.8597
97.5029
97.4886
97.5962
97.6131
97.3419
97.3641
97.0159
94.8141
74.6417
52.6023
71.9944
90.329
94.2964
94.8327
94.7448
95.6963
96.2118
96.3979
95.9345
95.4465
95.9014
94.9014
92.0566
82.1224
0.000101013
0.0079077
0.123207
0.635096
5.31778
13.1052
16.8659
47.9466
73.3709
82.083
86.2002
88.0939
89.0229
88.1133
89.0261
89.2623
89.8167
90.3387
89.9806
89.8737
89.7909
89.1044
88.5881
87.9336
86.7096
84.4549
81.6996
79.5328
72.9743
58.1339
32.6244
7.55518
0.222194
10.3476
19.652
8.19362
34.4035
41.1657
38.1325
52.888
57.1013
59.2064
61.1424
59.6416
58.5848
56.6034
57.7896
55.3243
52.9107
47.6681
44.0216
37.0625
30.3125
22.7925
12.2011
6.70836
1.9788
0.888784
0.59752
0.628137
0.385472
0.321044
0.110259
0.0324948
SNR of Background 3
89.2325
90.0929
90.455
90.8941
91.3179
91.6777
92.2484
92.3779
92.2749
92.0899
92.3387
92.5236
92.3053
92.3146
92.6545
93.0784
91.954
92.5515
91.8171
92.2289
94.5102
92.9102
94.6019
94.698
94.2613
92.4886
93.1504
94.5005
94.5388
94.7575
95.3323
93.9004
88.8521
87.9861
62.2185
67.3694
86.531
92.3898
93.8955
93.7721
94.028
94.0192
93.2427
93.2024
92.1982
86.3397
49.022
29.9063
48.7282
77.9087
86.4749
87.7496
87.5802
89.7732
90.9428
91.311
90.099
88.8398
89.962
87.6687
82.21
68.2836
0.000105354
0.0226124
0.699943
3.05484
12.5033
23.5107
24.8528
56.3216
77.1078
83.4948
86.4157
87.4799
87.6689
85.83
86.2127
85.9088
86.0902
86.4216
85.6331
85.3132
85.2044
84.2229
83.4777
82.5746
80.9965
78.2071
75.2261
73.4949
67.054
53.3019
31.7586
9.0473
5.80984
41.5841
57.3681
36.2686
66.3045
69.169
64.0969
74.9599
76.6235
77.2273
77.5313
75.2895
73.5824
71.5676
72.8529
71.9109
71.8245
69.5419
67.8412
63.4465
59.6453
54.6925
47.7217
44.2098
34.6322
33.5902
22.5398
23.0973
13.6466
10.0717
1.80574
0.938215
SNR of Background Average
81.0991
82.2444
82.4803
83.3591
85.1317
87.389
89.1783
89.6191
88.7991
87.7272
87.5284
87.3062
86.5079
85.8812
85.5211
85.8399
86.3574
91.9908
94.0132
95.945
97.5151
97.0274
97.8023
97.8849
97.7597
97.1201
97.3875
97.9033
97.9268
98.0134
98.2289
97.7615
95.9874
95.5208
83.3607
86.1691
94.8738
97.1579
97.7334
97.7225
97.8263
97.8445
97.5953
97.6017
97.2522
95.1344
75.7786
54.428
73.756
90.9586
94.5381
94.9976
94.9071
95.8408
96.3458
96.5154
96.0577
95.5783
95.991
94.9556
92.0396
82.0216
0.000101646
0.00945896
0.19247
0.919104
6.14248
14.0363
17.3506
47.6033
72.2301
80.9758
85.2375
87.2166
88.1784
87.1722
88.1292
88.3632
88.9709
89.5323
89.0898
88.9049
88.7787
88.0156
87.436
86.6733
85.2661
82.7537
79.7826
77.5114
70.649
55.7572
31.2812
7.38486
1.3455
14.7459
25.2403
12.8498
38.7886
44.2129
40.9478
55.2065
58.8664
60.635
62.1029
60.351
59.2237
57.4726
59.0768
57.193
55.6405
51.2468
48.0849
41.8797
36.1778
29.8567
21.2753
17.032
11.3291
10.0623
6.11408
6.61238
3.5305
2.02244
0.332227
0.123693
SNR of Target
91.1173
92.0029
92.429
92.8266
93.1224
93.2825
93.5346
93.3542
92.9689
92.5658
92.5975
92.6535
92.4085
92.444
92.8369
93.3082
92.2562
92.855
92.1718
92.6414
94.9202
93.6365
95.2772
95.441
95.1601
93.7742
94.3886
95.5279
95.5988
95.8152
96.281
95.2626
91.5234
90.9487
69.9282
74.7902
90.1539
94.4973
95.6181
95.5542
95.737
95.7618
95.2573
95.2651
94.6114
90.6446
60.2179
39.6336
60.4292
85.0955
91.078
91.945
91.8269
93.2696
94.0356
94.2894
93.5226
92.7265
93.4866
92.0255
88.3964
78.4252
0.000110083
0.0332707
1.04429
4.46847
18.0912
33.1328
35.4049
69.7756
85.7913
89.949
91.7661
92.4273
92.5615
91.4666
91.7243
91.5514
91.6616
91.8661
91.4066
91.2159
91.132
90.5185
90.0226
89.4136
88.394
86.6001
84.6401
83.508
78.9622
67.7106
44.8092
13.5068
8.62403
54.3577
69.7976
49.1907
77.7919
80.2327
76.8936
84.94
86.1595
86.4551
86.5735
85.1314
84.0954
82.779
83.6775
82.7774
81.8864
79.445
78.0245
74.7607
71.9243
67.6449
60.6938
57.0712
46.8382
45.5797
32.1883
33.0841
20.214
15.4365
3.29195
1.02081
