L of Background 1
1.1546
1.77032
1.90021
1.93964
2.08356
2.11682
2.05682
2.00645
1.67114
2.09802
2.1308
2.3356
2.47119
2.53018
2.59869
2.58379
2.57806
2.57228
2.59703
2.59385
2.48632
2.41884
2.48597
2.4773
2.41691
2.55988
2.64038
2.55022
2.67886
2.93653
3.14954
3.19357
3.34504
3.35341
3.41681
3.44881
3.40421
3.34603
3.22029
3.09811
3.00321
2.90344
2.84943
2.62222
2.63892
2.60572
2.56905
2.52843
2.40471
2.35357
2.34334
2.26342
2.23691
2.23299
2.18575
2.10974
2.0205
1.93122
1.91991
1.92587
1.88949
1.85871
1.84959
1.9291
1.87854
2.49654
3.4442
3.9699
4.72364
5.40812
5.77286
5.57527
6.32747
6.93545
8.17951
8.83852
9.40045
9.79921
9.96376
8.97919
4.20034
8.33563
10.151
10.3183
10.3058
10.2004
9.91866
9.91433
9.8778
9.88667
9.63585
8.31196
8.37728
8.66544
8.7024
9.15861
9.43867
9.42627
9.15628
8.56839
9.25045
9.08281
8.70164
9.04508
9.00345
8.85831
8.74342
8.51059
7.09647
6.6231
6.81333
6.39295
6.38777
7.03956
6.71264
4.23221
2.58213
3.51551
3.60451
3.92006
4.62018
5.52141
5.60998
6.00388
6.45453
6.634
6.78224
6.82705
6.93536
6.85906
6.84068
6.78539
6.70785
6.63613
6.54953
6.40397
6.26191
6.1484
6.08897
5.8657
5.61226
5.24829
4.85536
4.46323
3.26752
1.94884
1.57193
1.70751
2.2105
2.00379
2.2261
2.87468
3.47014
3.78992
3.86585
3.82903
3.97452
4.09957
3.92573
3.99906
4.10552
4.20316
4.22948
4.25735
4.22263
4.1448
4.02861
3.76992
3.29952
3.2354
3.59764
3.67696
3.73126
3.59087
3.33004
2.99019
2.68775
2.38427
1.95222
1.58613
1.35228
0.619922
0.1045
0.00621989
0.000782709
0.00678075
0.0118073
0.00454561
0.00832196
0.0106555
0.0170423
0.0403352
0.0787892
0.11634
0.15893
0.148892
0.183192
0.228138
0.307235
0.343372
0.289152
0.284243
0.34301
0.444955
0.625811
0.763882
0.814024
0.913629
0.971016
1.0315
1.06893
1.10373
1.13967
1.16954
1.18332
1.20181
1.18424
1.14443
1.19777
1.24378
1.26349
1.24839
1.23456
1.28391
1.34186
1.37092
1.37777
1.35532
1.34387
1.35939
1.381
1.37282
1.34483
1.33739
1.29964
1.28255
1.24915
1.20553
1.1555
1.12258
1.07929
1.03376
1.00029
0.94402
0.908817
0.885868
0.853188
0.789712
0.766579
0.671907
0.564247
0.475696
0.347032
0.194425
0.0950226
0.0415696
0.0126936
0.00327588
0.000734392
7.52177e-005
4.03516e-005
8.41231e-005
0.000148167
0.000211524
7.49501e-005
0.000285455
0.000929047
0.00117025
0.000430009
9.29845e-005
0.000340399
0.000681988
0.00148928
0.00315724
0.00546883
0.00985496
0.0154877
0.0149018
0.0188961
0.0359238
0.0633609
0.0935079
0.123136
0.129781
0.101957
0.0436572
0.0449751
0.0535987
0.0914231
0.152319
0.189199
0.190958
0.165259
0.119828
0.120243
0.126208
0.149692
0.189927
0.208153
0.217546
0.221948
0.22754
0.23018
0.232151
0.235703
0.239815
0.242042
0.242606
0.237936
0.237367
0.233806
0.227968
0.233938
0.238075
0.23125
0.240564
0.233836
0.231403
0.236758
0.239014
0.23839
0.233268
0.226133
0.216475
0.207726
0.198206
0.184553
0.176123
0.168186
0.161886
0.15606
0.149604
0.140897
0.140077
0.135475
0.127876
0.117352
0.115706
0.103037
0.0898707
0.0794547
0.0722948
0.0738787
0.0678152
0.0489579
0.0448515
0.0429563
0.0427834
0.040103
0.0312331
0.0207044
0.0227748
0.024699
0.0185341
0.0164073
0.0142218
0.00659648
0.0102368
0.00987576
0.0076179
L of Background 2
14.2779
21.9791
23.5705
23.817
25.2185
25.2089
24.062
23.1603
19.2272
24.3011
24.9113
27.4525
29.132
29.8762
30.6334
30.4684
30.6258
30.8939
31.4159
31.3778
30.0289
29.2583
30.0554
29.7094
28.5947
29.7056
29.6201
27.3387
27.3062
28.3436
28.835
28.0928
28.7008
28.2905
28.3908
28.3574
27.9555
27.82
27.4759
27.4742
27.7441
27.6579
27.6447
25.8352
26.4468
26.5045
26.4279
26.3315
25.452
25.367
25.654
25.0674
24.9778
25.2031
25.0931
24.7698
24.2538
23.6217
23.9864
24.557
24.4775
24.2573
24.1126
23.8221
19.7007
20.4844
22.4517
22.2588
22.4911
22.4818
21.3644
18.3367
18.9977
19.0724
20.7913
20.9364
21.0357
21.1285
20.9945
18.5992
8.47953
16.5835
19.9346
20.0155
19.8306
19.502
18.8548
18.7471
18.5767
18.5048
17.9416
15.3708
15.4153
15.8738
15.8623
16.6175
17.0612
16.9961
16.4579
15.3395
16.5088
16.2188
15.52
16.055
15.8887
15.6033
15.4172
15.0342
12.539
11.7142
12.0732
11.3403
11.3475
12.5346
11.957
7.52756
4.61181
6.34405
6.55803
7.19076
8.5304
10.2705
10.5038
11.3213
12.2228
12.4184
12.3048
11.994
11.9861
11.7958
11.6991
11.5402
11.3586
11.1981
11.0334
10.7776
10.517
10.3241
10.2841
10.0376
9.76505
9.25901
8.6229
7.93065
5.80442
3.47891
2.84672
3.14652
4.14782
3.82316
4.33536
5.67909
6.8755
7.39665
7.31221
7.01329
7.11904
7.24102
6.8159
6.80397
6.89638
7.07378
7.21911
7.39429
7.43929
7.36124
7.18419
6.74503
5.9317
5.84324
6.50497
6.65549
6.81135
6.66512
6.30894
5.81043
5.4244
5.06288
4.3732
3.72657
3.27236
1.52716
0.260824
0.0146602
0.000891021
0.015265
0.0375067
0.0157368
0.0278055
0.0497861
0.0800258
0.194463
0.39771
0.623575
0.892792
0.869614
1.11696
1.42955
1.94124
2.16072
1.81254
1.77308
2.05683
2.47491
3.24477
3.80459
3.93428
4.28738
4.42623
4.56025
4.56906
4.55466
4.5504
4.54539
4.49788
4.4615
4.24488
3.94276
4.02136
4.13305
4.14128
3.98212
3.80268
3.85464
3.97816
4.02556
3.97925
3.8245
3.71102
3.70587
3.73614
3.68162
3.57337
3.53065
3.43154
3.41074
3.34602
3.21018
2.99678
2.79095
2.53817
2.28512
2.15146
2.13532
2.24824
2.35416
2.33083
2.15106
2.10393
1.91417
1.70074
1.50816
1.14631
0.6735
0.372097
0.191019
0.0721468
0.0256239
0.00691381
0.000644844
0.000319654
0.000854299
0.00168056
0.00232169
0.000968028
0.00577201
0.0188937
0.0219941
0.00731855
0.00131136
0.00574756
0.01216
0.0318336
0.0697321
0.126276
0.233186
0.349037
0.310909
0.343626
0.575349
0.903569
1.20916
1.45662
1.40852
1.01842
0.4084
0.402855
0.469867
0.781074
1.26384
1.52517
1.49701
1.26381
0.893834
0.883817
0.918195
1.08045
1.36094
1.47422
1.51565
1.51415
1.52993
1.53333
1.52286
1.51867
1.52083
1.52661
1.51639
1.46226
1.4293
1.38317
1.32751
1.34023
1.33002
1.27095
1.2929
1.23518
1.20832
1.22791
1.23373
1.22286
1.18666
1.15209
1.11227
1.0774
1.03931
0.983426
0.942978
0.875292
0.817965
0.761833
0.691555
0.579923
0.490993
0.440116
0.429545
0.522319
0.592661
0.553204
0.489819
0.419172
0.365372
0.413869
0.417444
0.33437
0.331083
0.310613
0.319756
0.321779
0.305164
0.247756
0.284068
0.313992
0.255865
0.284984
0.273206
0.169353
0.320781
0.330032
0.296567
L of Background Average
4.86141
7.48227
8.02913
8.13182
8.63642
8.6626
8.29975
8.0128
6.65991
8.41183
8.61348
9.48866
10.0693
10.3291
10.6001
10.5482
10.5945
10.6724
10.8449
10.8375
10.3798
10.1161
10.3977
10.2975
9.94067
10.3678
10.4055
9.68999
9.77807
10.2668
10.5663
10.3885
10.6768
10.5688
10.647
10.6636
10.5191
10.4415
10.2549
10.1705
10.1831
10.0889
10.0495
9.36985
9.56191
9.55473
9.50731
9.45277
9.11132
9.0523
9.13048
8.9067
8.86418
8.92746
8.86369
8.71836
8.5081
8.26118
8.36005
8.53156
8.48416
8.39974
8.35301
8.32715
7.10559
7.77594
9.01968
9.33894
9.94409
10.4291
10.3648
9.34599
10.0728
10.5251
11.9085
12.4174
12.8445
13.1544
13.2319
11.8313
5.47652
10.7855
13.0535
13.1959
13.1327
12.9616
12.5721
12.5375
12.4617
12.4468
12.104
10.4126
10.4713
10.81
10.8328
11.377
11.7054
11.6773
11.328
10.5824
11.4095
11.2057
10.7302
11.1308
11.0524
10.8657
10.7298
10.4528
8.7188
8.14118
8.38144
7.86848
7.86691
8.67699
8.27579
5.21683
3.18982
4.36138
4.48773
4.89756
5.78771
6.93787
7.06935
7.58869
8.17279
8.35701
8.42777
8.36712
8.44109
8.331
8.28944
8.20336
8.09494
7.99685
7.88711
7.70874
7.53142
7.39428
7.34067
7.11045
6.85135
6.44509
5.97992
5.49866
4.02594
2.40702
1.9538
2.13837
2.7902
2.54847
2.85726
3.71291
4.48708
4.86679
4.89504
4.78027
4.91391
5.03804
4.78939
4.83733
4.93963
5.06102
5.12273
5.19441
5.18343
5.10548
4.97117
4.65873
4.08617
4.01483
4.46625
4.56673
4.65137
4.50924
4.22005
3.83304
3.50567
3.18489
2.67609
2.2264
1.92679
0.891685
0.151375
0.00875169
0.000815204
0.0093256
0.0195154
0.00790247
0.0141662
0.0223912
0.0359325
0.0865588
0.174428
0.268423
0.378896
0.364918
0.463018
0.588061
0.796466
0.887333
0.745303
0.729982
0.856038
1.0522
1.40846
1.67196
1.74575
1.92062
2.00217
2.08443
2.11336
2.13354
2.15759
2.17712
2.17266
2.1749
2.0981
1.98018
2.04105
2.10662
2.12295
2.06502
2.00186
2.05199
2.12951
2.16409
2.1551
2.0932
2.05134
2.06074
2.08496
2.06295
2.01104
1.99307
1.93701
1.91884
1.87614
1.80501
1.70626
1.62177
1.51594
1.40842
1.345
1.30071
1.30976
1.32532
1.29543
1.19718
1.1669
1.04383
0.904578
0.784938
0.586525
0.338025
0.17811
0.0863921
0.0305266
0.00997962
0.00258806
0.000246097
0.000124138
0.000315162
0.000607857
0.000844545
0.000342859
0.00193125
0.00631763
0.00741628
0.00249631
0.000458475
0.00196242
0.00412515
0.0105914
0.0231264
0.0417028
0.0768335
0.115501
0.103656
0.116254
0.197572
0.31503
0.42754
0.522204
0.512489
0.376365
0.152975
0.152263
0.178375
0.298016
0.485044
0.588932
0.581752
0.494047
0.351618
0.348905
0.363367
0.428342
0.540376
0.586982
0.605954
0.608597
0.61724
0.620091
0.618346
0.619578
0.623118
0.626391
0.623736
0.6043
0.594055
0.577769
0.557045
0.565038
0.564892
0.542465
0.555556
0.533581
0.523855
0.53347
0.536788
0.533094
0.518678
0.50334
0.484662
0.468102
0.45004
0.42376
0.405754
0.379951
0.358392
0.337523
0.311981
0.272463
0.245263
0.226807
0.21832
0.238731
0.258624
0.237937
0.209737
0.181283
0.160155
0.17579
0.172613
0.134522
0.130659
0.123201
0.125818
0.124546
0.113358
0.0887913
0.101115
0.111423
0.089694
0.0969275
0.0918671
0.0554088
0.103328
0.105849
0.0942485
L of Target
14.2779
21.9791
23.5705
23.817
25.2185
25.2089
24.062
23.1603
19.2272
24.3011
24.9113
27.4525
29.132
29.8762
30.6334
30.4684
30.6258
30.8939
31.4159
31.3778
30.0289
29.2583
30.0554
29.7094
28.5947
29.7056
29.6201
27.3387
27.3062
28.3436
28.835
28.0928
28.7008
28.2905
28.3908
28.3574
27.9555
27.82
27.4759
27.4742
27.7441
27.6579
27.6447
25.8352
26.4468
26.5045
26.4279
26.3315
25.452
25.367
25.654
25.0674
24.9778
25.2031
25.0931
24.7698
24.2538
23.6217
23.9864
24.557
24.4775
24.2573
24.1126
23.8221
19.7007
20.4844
22.4517
22.2588
22.4911
22.4818
21.3644
18.3367
18.9977
19.0724
20.7913
20.9364
21.0357
21.1285
20.9945
18.5992
8.47953
16.5835
19.9346
20.0155
19.8306
19.502
18.8548
18.7471
18.5767
18.5048
17.9416
15.3708
15.4153
15.8738
15.8623
16.6175
17.0612
16.9961
16.4579
15.3395
16.5088
16.2188
15.52
16.055
15.8887
15.6033
15.4172
15.0342
12.539
11.7142
12.0732
11.3403
11.3475
12.5346
11.957
7.52756
4.61181
6.34405
6.55803
7.19076
8.5304
10.2705
10.5038
11.3213
12.2228
12.4184
12.3048
11.994
11.9861
11.7958
11.6991
11.5402
11.3586
11.1981
11.0334
10.7776
10.517
10.3241
10.2841
10.0376
9.76505
9.25901
8.6229
7.93065
5.80442
3.47891
2.84672
3.14652
4.14782
3.82316
4.33536
5.67909
6.8755
7.39665
7.31221
7.01329
7.11904
7.24102
6.8159
6.80397
6.89638
7.07378
7.21911
7.39429
7.43929
7.36124
7.18419
6.74503
5.9317
5.84324
6.50497
6.65549
6.81135
6.66512
6.30894
5.81043
5.4244
5.06288
4.3732
3.72657
3.27236
1.52716
0.260824
0.0146602
0.000891021
0.015265
0.0375067
0.0157368
0.0278055
0.0497861
0.0800258
0.194463
0.39771
0.623575
0.892792
0.869614
1.11696
1.42955
1.94124
2.16072
1.81254
1.77308
2.05683
2.47491
3.24477
3.80459
3.93428
4.28738
4.42623
4.56025
4.56906
4.55466
4.5504
4.54539
4.49788
4.4615
4.24488
3.94276
4.02136
4.13305
4.14128
3.98212
3.80268
3.85464
3.97816
4.02556
3.97925
3.8245
3.71102
3.70587
3.73614
3.68162
3.57337
3.53065
3.43154
3.41074
3.34602
3.21018
2.99678
2.79095
2.53817
2.28512
2.15146
2.13532
2.24824
2.35416
2.33083
2.15106
2.10393
1.91417
1.70074
1.50816
1.14631
0.6735
0.372097
0.191019
0.0721468
0.0256239
0.00691381
0.000644844
0.000319654
0.000854299
0.00168056
0.00232169
0.000968028
0.00577201
0.0188937
0.0219941
0.00731855
0.00131136
0.00574756
0.01216
0.0318336
0.0697321
0.126276
0.233186
0.349037
0.310909
0.343626
0.575349
0.903569
1.20916
1.45662
1.40852
1.01842
0.4084
0.402855
0.469867
0.781074
1.26384
1.52517
1.49701
1.26381
0.893834
0.883817
0.918195
1.08045
1.36094
1.47422
1.51565
1.51415
1.52993
1.53333
1.52286
1.51867
1.52083
1.52661
1.51639
1.46226
1.4293
1.38317
1.32751
1.34023
1.33002
1.27095
1.2929
1.23518
1.20832
1.22791
1.23373
1.22286
1.18666
1.15209
1.11227
1.0774
1.03931
0.983426
0.942978
0.875292
0.817965
0.761833
0.691555
0.579923
0.490993
0.440116
0.429545
0.522319
0.592661
0.553204
0.489819
0.419172
0.365372
0.413869
0.417444
0.33437
0.331083
0.310613
0.319756
0.321779
0.305164
0.247756
0.284068
0.313992
0.255865
0.284984
0.273206
0.169353
0.320781
0.330032
0.296567
