SNR of Background 1
11.7333
19.5822
22.4478
24.5841
27.464
30.0389
32.1212
34.0855
32.2774
39.6979
42.2248
46.4688
50.1516
52.5602
54.6534
56.0793
57.3182
58.7458
60.088
61.4023
61.6826
62.2633
64.0045
65.0367
64.578
66.2097
66.6036
66.0844
67.1948
69.5607
71.1555
71.6264
72.837
73.0611
73.5458
74.0485
74.2199
74.208
73.8852
73.6052
73.2631
73.0136
72.9592
71.7173
72.1605
72.3157
71.5611
70.4781
68.7926
67.2283
67.0389
66.1605
65.7098
65.5197
64.5855
63.5649
62.2656
61.427
61.2641
61.4891
61.2447
60.9934
61.0703
62.1903
61.4756
68.1038
74.7452
77.3841
80.1213
81.8616
82.6945
81.9206
83.323
84.3787
86.0766
86.6263
87.1307
87.234
87.049
85.4094
72.2367
83.261
85.3884
85.0965
84.3008
83.5763
82.5481
81.8526
81.0565
80.4807
79.6938
76.966
76.2975
76.527
75.7
76.2088
76.3173
75.8374
74.1906
72.3387
73.2707
72.2991
70.7716
71.6774
70.8928
69.8168
68.7493
67.3139
62.2385
59.5626
59.1365
56.3952
55.0956
56.1257
53.4804
40.4851
27.9304
48.9935
47.6151
32.2995
51.4636
56.6555
55.1477
52.6252
47.7579
37.4915
23.8215
24.2449
24.9097
27.6925
27.9443
30.7615
33.3685
33.4252
35.7729
35.3309
37.2231
39.1211
39.0377
40.2691
41.1212
39.2573
38.9045
38.2929
31.1811
20.7408
17.8975
21.1326
27.8451
26.6115
30.1501
38.4052
45.4658
49.5192
50.143
50.9572
53.2819
55.3599
55.1117
56.9315
59.9669
61.836
63.0907
64.3192
65.0372
66.1647
66.1693
64.8961
61.4302
61.6707
65.943
67.4482
68.6507
68.8507
67.18
64.4269
61.6581
58.3311
52.2311
45.9795
41.463
21.7525
3.97586
0.243666
0.0313232
0.277233
0.492413
0.193528
0.361247
0.471543
0.769481
1.83044
3.63482
5.45253
7.56747
7.13882
8.92645
11.2267
14.9953
16.9199
14.6073
14.4319
17.5014
22.3456
30.6295
36.853
39.0961
43.4643
46.212
48.5764
50.5509
52.4097
53.8579
55.8099
57.2667
58.4757
59.01
58.8762
61.016
63.2409
64.7055
65.178
65.3099
66.9992
68.8316
70.2338
70.8196
70.7317
70.9088
71.3589
71.9594
71.9008
71.4458
71.3955
70.6975
70.4189
69.7749
68.8437
67.649
66.8868
65.7843
64.5448
63.2225
61.4608
60.3439
59.3626
58.7755
56.4227
55.6761
51.8741
46.278
41.4017
32.3462
19.2874
9.7144
4.34754
1.33305
0.343428
0.0768215
0.00793232
0.00423868
0.00872615
0.0153346
0.021606
0.00754487
0.0286435
0.0928781
0.11531
0.0421927
0.00912199
0.0337653
0.0676933
0.147914
0.316496
0.548364
0.98793
1.56739
1.50554
1.904
3.56347
6.23964
9.11777
11.7661
12.3678
9.77508
4.23471
4.39158
5.25909
8.94376
14.7294
18.1858
18.4616
16.0689
11.844
11.9041
12.4931
14.7313
18.4415
20.1094
20.7756
21.1947
21.8429
22.2114
22.3321
22.7808
23.3082
23.4185
23.6352
23.1377
23.0202
22.6377
22.0556
22.5101
22.5733
21.8881
22.6142
21.9657
21.4498
21.5594
21.1904
20.5712
19.5708
18.6765
17.3763
16.1489
15.1708
13.898
13.0251
12.2235
11.7095
11.0678
10.4127
9.61248
9.68372
9.49674
9.09386
8.47041
8.46082
7.64924
6.77364
6.07581
5.46876
5.51804
4.92955
3.52517
3.19412
3.01974
2.9672
2.74421
2.07389
1.35557
1.44198
1.53782
1.11506
0.951945
0.810412
0.362412
0.552119
0.511801
0.387292
SNR of Background 2
62.1436
75.1157
78.1895
79.9866
82.0655
83.622
84.6813
85.6334
84.5578
88.3924
89.5104
91.0641
92.2159
92.8916
93.4177
93.766
94.0958
94.4708
94.7902
95.056
95.1039
95.2244
95.5514
95.7062
95.5656
95.784
95.7182
95.4278
95.426
95.66
95.7573
95.6881
95.8321
95.8099
95.8483
95.9096
95.9396
95.9851
96.0199
96.1111
96.1974
96.2626
96.3181
96.1489
96.2907
96.3706
96.2781
96.1307
95.8872
95.6697
95.6987
95.5822
95.5318
95.5416
95.4377
95.3412
95.1899
95.1126
95.1787
95.3141
95.3386
95.3244
95.3341
95.3037
94.3567
94.5965
95.0696
95.0435
95.0453
94.9379
94.6463
93.7098
93.7487
93.691
94.0159
93.8801
93.8072
93.6431
93.4038
92.3797
84.0023
90.8205
91.9835
91.7177
91.1743
90.6779
89.9897
89.5035
88.9445
88.5263
87.9603
86.0676
85.5529
85.6543
85.0228
85.3169
85.3448
84.9798
83.7807
82.3959
83.0244
82.3299
81.1937
81.7878
81.1211
80.2886
79.4997
78.4338
74.433
72.2553
71.9376
69.6358
68.5416
69.484
67.1812
54.7398
40.896
63.4059
62.3078
48.5814
71.4487
75.904
74.8949
73.0392
68.91
58.0407
39.4421
39.0571
39.4809
43.0934
43.2482
46.7042
49.7882
49.7399
52.4795
51.9272
54.0539
56.1851
56.2904
58.0882
59.5682
58.01
57.8444
57.1802
48.6847
34.4632
30.528
35.9616
46.1358
44.9876
50.4507
60.8713
68.17
71.3865
71.011
70.773
72.1236
73.4628
72.7725
73.71
75.8023
77.2982
78.587
79.8884
80.7165
81.6647
81.7552
80.9621
78.6253
78.9101
81.8982
82.9096
83.8454
84.2876
83.6463
82.4192
81.4328
80.3583
77.3371
73.65
70.4646
46.0036
9.77093
0.573938
0.0356574
0.623682
1.56072
0.669349
1.20492
2.19523
3.59103
8.6749
17.5757
26.9631
37.141
36.5341
44.9907
53.8228
64.2247
68.1512
63.0654
62.487
67.7729
73.3842
80.6351
84.4001
85.2156
87.0617
87.9105
88.5001
88.8501
89.1188
89.2482
89.6468
89.9097
90.0605
89.8208
89.2548
89.75
90.4514
90.816
90.672
90.3069
90.6336
91.1597
91.5552
91.5883
91.3093
91.1383
91.1651
91.307
91.1895
90.9123
90.8192
90.5462
90.52
90.3504
89.9018
89.0526
88.1134
86.7176
84.992
83.7158
83.657
84.7187
85.4809
85.6592
84.3476
84.0748
82.5966
80.201
77.8091
70.5084
53.0576
34.1053
19.0572
7.46527
2.67306
0.722287
0.067996
0.0335757
0.088603
0.173876
0.237046
0.0974295
0.578547
1.88186
2.15798
0.717127
0.128617
0.56951
1.20421
3.14156
6.88398
12.2773
21.8703
31.5071
28.4882
30.9969
46.0891
61.2746
70.4553
75.3756
74.4486
64.6459
34.8373
34.6477
39.4086
56.3982
72.0387
77.3171
77.0193
72.3357
61.5778
61.2633
62.5858
67.861
74.6214
76.7809
77.2642
77.283
77.7452
77.9695
77.7359
77.8346
78.0674
78.0619
78.0908
77.0786
76.4107
75.4604
74.2586
74.4262
73.8176
72.4009
72.7864
71.3643
70.2534
70.2169
69.5063
68.3283
66.3779
64.8138
62.5703
60.2958
58.443
55.8686
53.7244
50.5195
48.0286
44.9616
41.1918
35.2135
30.9981
28.544
28.2696
33.7524
37.7903
36.1315
33.0408
29.2626
25.6667
28.3229
27.8336
22.5793
22.1391
20.6296
20.9229
20.777
19.2165
15.5768
17.1718
18.5674
14.815
15.8486
14.9658
9.10698
16.5281
16.349
14.5051
SNR of Background Average
35.8699
50.6976
54.9947
57.724
61.0587
63.7084
65.6094
67.3548
65.4897
72.5055
74.6945
77.8937
80.377
81.8819
83.0862
83.8934
84.6498
85.5153
86.2681
86.9145
87.0395
87.3348
88.1407
88.5415
88.2263
88.803
88.7066
88.0941
88.1967
88.8709
89.2148
89.1397
89.5342
89.522
89.6472
89.8153
89.891
89.9744
90.0057
90.1481
90.2788
90.3817
90.4864
90.0559
90.3728
90.5424
90.2982
89.9198
89.302
88.7457
88.7892
88.491
88.3571
88.3616
88.0821
87.8118
87.4113
87.1916
87.3128
87.6056
87.64
87.595
87.6229
87.6468
85.7792
86.9229
88.5686
88.9463
89.4545
89.6922
89.5593
88.3645
88.8299
89.1259
89.9996
90.0983
90.244
90.1693
89.9248
88.5221
77.231
86.5509
88.255
87.9541
87.2484
86.6054
85.704
85.082
84.3693
83.8458
83.1349
80.7152
80.0922
80.263
79.4974
79.9145
79.9839
79.5407
78.0508
76.3566
77.1724
76.3014
74.9087
75.6926
74.9344
73.9376
72.9686
71.664
66.9393
64.417
64.0289
61.414
60.1729
61.1888
58.6288
45.6047
32.3729
54.3686
53.0846
37.9542
59.1041
64.2684
62.9124
60.5531
55.7371
44.7211
28.8614
29.0065
29.5948
32.7053
32.926
36.0157
38.8443
38.8626
41.4045
40.9117
42.9339
44.9671
44.9576
46.451
47.5897
45.7978
45.5142
44.8652
37.0413
25.1122
21.8799
25.8885
33.9457
32.7236
37.0836
46.539
54.094
57.997
58.1484
58.4846
60.461
62.2918
61.8095
63.2932
66.0269
67.8153
69.167
70.521
71.3561
72.4765
72.5313
71.4233
68.3066
68.5916
72.5005
73.8565
75.019
75.3901
74.1765
72.0655
70.0925
67.7872
62.8576
57.4124
53.166
30.0291
5.73441
0.342783
0.0326235
0.381201
0.81334
0.336351
0.614624
0.989837
1.61952
3.9097
7.95838
12.3326
17.4631
16.9494
21.5565
27.117
35.2118
38.9055
34.263
33.8037
38.9411
45.6297
55.9864
62.5489
64.321
68.097
70.0755
71.5823
72.6446
73.5575
74.1619
75.2631
76.0357
76.5885
76.4499
75.7273
76.9879
78.5111
79.3949
79.3719
78.9973
79.9053
81.0766
81.9622
82.1844
81.8532
81.731
81.9099
82.2583
82.1182
81.6824
81.5719
81.0578
80.935
80.5422
79.7712
78.5251
77.3832
75.7604
73.8926
72.3766
71.5386
71.8707
72.1055
72.0285
69.9329
69.3932
66.5565
62.1693
58.082
48.4736
31.5709
17.7164
8.9264
3.19275
1.04472
0.270621
0.025952
0.0130397
0.0326904
0.0629045
0.0862544
0.0345122
0.193724
0.630901
0.729856
0.244841
0.0449743
0.194597
0.40918
1.05
2.30862
4.14852
7.58124
11.3904
10.24
11.4219
18.6883
28.4573
36.6931
42.4658
41.8455
32.6461
14.4018
14.434
16.8768
27.1299
40.8263
47.3263
47.1477
41.7302
31.8033
31.6443
32.7919
37.559
44.8585
47.6449
48.4154
48.6191
49.3631
49.7477
49.5665
49.8599
50.3216
50.3628
50.4858
49.2804
48.5985
47.558
46.2357
46.5933
46.108
44.6238
45.2843
43.8531
42.7606
42.789
42.0832
40.929
39.0803
37.5878
35.4884
33.4657
31.8679
29.7476
28.1336
26.0933
24.6302
22.8827
20.8983
18.0563
16.5681
15.5838
15.2199
16.7661
18.2919
17.124
15.3876
13.5559
11.8939
12.8516
12.2863
9.53385
9.1617
8.53933
8.60105
8.40116
7.42889
5.7542
6.3286
6.84981
5.34415
5.56441
5.18323
3.02688
5.51043
5.42474
4.7453
SNR of Target
62.1436
75.1157
78.1895
79.9866
82.0655
83.622
84.6813
85.6334
84.5578
88.3924
89.5104
91.0641
92.2159
92.8916
93.4177
93.766
94.0958
94.4708
94.7902
95.056
95.1039
95.2244
95.5514
95.7062
95.5656
95.784
95.7182
95.4278
95.426
95.66
95.7573
95.6881
95.8321
95.8099
95.8483
95.9096
95.9396
95.9851
96.0199
96.1111
96.1974
96.2626
96.3181
96.1489
96.2907
96.3706
96.2781
96.1307
95.8872
95.6697
95.6987
95.5822
95.5318
95.5416
95.4377
95.3412
95.1899
95.1126
95.1787
95.3141
95.3386
95.3244
95.3341
95.3037
94.3567
94.5965
95.0696
95.0435
95.0453
94.9379
94.6463
93.7098
93.7487
93.691
94.0159
93.8801
93.8072
93.6431
93.4038
92.3797
84.0023
90.8205
91.9835
91.7177
91.1743
90.6779
89.9897
89.5035
88.9445
88.5263
87.9603
86.0676
85.5529
85.6543
85.0228
85.3169
85.3448
84.9798
83.7807
82.3959
83.0244
82.3299
81.1937
81.7878
81.1211
80.2886
79.4997
78.4338
74.433
72.2553
71.9376
69.6358
68.5416
69.484
67.1812
54.7398
40.896
63.4059
62.3078
48.5814
71.4487
75.904
74.8949
73.0392
68.91
58.0407
39.4421
39.0571
39.4809
43.0934
43.2482
46.7042
49.7882
49.7399
52.4795
51.9272
54.0539
56.1851
56.2904
58.0882
59.5682
58.01
57.8444
57.1802
48.6847
34.4632
30.528
35.9616
46.1358
44.9876
50.4507
60.8713
68.17
71.3865
71.011
70.773
72.1236
73.4628
72.7725
73.71
75.8023
77.2982
78.587
79.8884
80.7165
81.6647
81.7552
80.9621
78.6253
78.9101
81.8982
82.9096
83.8454
84.2876
83.6463
82.4192
81.4328
80.3583
77.3371
73.65
70.4646
46.0036
9.77093
0.573938
0.0356574
0.623682
1.56072
0.669349
1.20492
2.19523
3.59103
8.6749
17.5757
26.9631
37.141
36.5341
44.9907
53.8228
64.2247
68.1512
63.0654
62.487
67.7729
73.3842
80.6351
84.4001
85.2156
87.0617
87.9105
88.5001
88.8501
89.1188
89.2482
89.6468
89.9097
90.0605
89.8208
89.2548
89.75
90.4514
90.816
90.672
90.3069
90.6336
91.1597
91.5552
91.5883
91.3093
91.1383
91.1651
91.307
91.1895
90.9123
90.8192
90.5462
90.52
90.3504
89.9018
89.0526
88.1134
86.7176
84.992
83.7158
83.657
84.7187
85.4809
85.6592
84.3476
84.0748
82.5966
80.201
77.8091
70.5084
53.0576
34.1053
19.0572
7.46527
2.67306
0.722287
0.067996
0.0335757
0.088603
0.173876
0.237046
0.0974295
0.578547
1.88186
2.15798
0.717127
0.128617
0.56951
1.20421
3.14156
6.88398
12.2773
21.8703
31.5071
28.4882
30.9969
46.0891
61.2746
70.4553
75.3756
74.4486
64.6459
34.8373
34.6477
39.4086
56.3982
72.0387
77.3171
77.0193
72.3357
61.5778
61.2633
62.5858
67.861
74.6214
76.7809
77.2642
77.283
77.7452
77.9695
77.7359
77.8346
78.0674
78.0619
78.0908
77.0786
76.4107
75.4604
74.2586
74.4262
73.8176
72.4009
72.7864
71.3643
70.2534
70.2169
69.5063
68.3283
66.3779
64.8138
62.5703
60.2958
58.443
55.8686
53.7244
50.5195
48.0286
44.9616
41.1918
35.2135
30.9981
28.544
28.2696
33.7524
37.7903
36.1315
33.0408
29.2626
25.6667
28.3229
27.8336
22.5793
22.1391
20.6296
20.9229
20.777
19.2165
15.5768
17.1718
18.5674
14.815
15.8486
14.9658
9.10698
16.5281
16.349
14.5051
