L of Background 1
1.28347
1.33917
1.34893
1.38145
1.5813
2.01583
2.41408
2.51432
2.28981
1.99021
1.81823
1.70495
1.58431
1.44883
1.3066
1.35711
1.83942
3.60156
4.80262
6.41581
9.0377
7.6944
9.4218
9.81725
9.35363
7.72989
7.96408
8.9994
8.95896
8.90302
8.87304
7.52499
5.43663
4.58572
1.81859
2.13569
4.03306
5.58841
6.64021
6.79606
6.77654
6.63505
6.33942
5.92361
5.0768
3.42903
1.09024
0.661588
0.989414
2.11554
3.13169
3.36929
3.47933
3.79223
4.10631
4.11155
3.61456
3.43542
3.50498
2.89209
2.06377
1.16957
4.19581e-006
0.000428541
0.00733586
0.0233723
0.0645946
0.108517
0.123113
0.330192
0.622078
0.836024
1.01311
1.12117
1.16977
1.15357
1.21887
1.23662
1.28163
1.35879
1.33947
1.34571
1.33624
1.29213
1.22812
1.13665
1.0383
0.935753
0.823607
0.745244
0.601338
0.4184
0.219382
0.0595412
0.0053374
0.0387895
0.0709714
0.0481934
0.121873
0.138083
0.128514
0.186748
0.209579
0.221362
0.228724
0.217392
0.215028
0.213836
0.220201
0.222061
0.200577
0.174589
0.155366
0.136432
0.115307
0.091307
0.0641708
0.0486659
0.0300473
0.024017
0.0124113
0.00988124
0.00448029
0.0031907
0.00100782
0.000243043
L of Background Average
1.28347
1.33917
1.34893
1.38145
1.5813
2.01583
2.41408
2.51432
2.28981
1.99021
1.81823
1.70495
1.58431
1.44883
1.3066
1.35711
1.83942
3.60156
4.80262
6.41581
9.0377
7.6944
9.4218
9.81725
9.35363
7.72989
7.96408
8.9994
8.95896
8.90302
8.87304
7.52499
5.43663
4.58572
1.81859
2.13569
4.03306
5.58841
6.64021
6.79606
6.77654
6.63505
6.33942
5.92361
5.0768
3.42903
1.09024
0.661588
0.989414
2.11554
3.13169
3.36929
3.47933
3.79223
4.10631
4.11155
3.61456
3.43542
3.50498
2.89209
2.06377
1.16957
4.19581e-006
0.000428541
0.00733586
0.0233723
0.0645946
0.108517
0.123113
0.330192
0.622078
0.836024
1.01311
1.12117
1.16977
1.15357
1.21887
1.23662
1.28163
1.35879
1.33947
1.34571
1.33624
1.29213
1.22812
1.13665
1.0383
0.935753
0.823607
0.745244
0.601338
0.4184
0.219382
0.0595412
0.0053374
0.0387895
0.0709714
0.0481934
0.121873
0.138083
0.128514
0.186748
0.209579
0.221362
0.228724
0.217392
0.215028
0.213836
0.220201
0.222061
0.200577
0.174589
0.155366
0.136432
0.115307
0.091307
0.0641708
0.0486659
0.0300473
0.024017
0.0124113
0.00988124
0.00448029
0.0031907
0.00100782
0.000243043
L of Target
4.31307
4.69136
4.90123
4.92223
4.92465
4.9807
4.93093
4.50563
3.90702
3.36348
3.00295
2.78669
2.65521
2.57001
2.53213
2.68333
2.75175
3.6828
4.12837
5.03668
6.94928
6.01223
7.49204
7.89933
7.63414
6.39636
6.67319
7.61008
7.64797
7.68158
7.66969
6.59851
4.84877
4.14905
1.67334
2.00786
3.8521
5.39528
6.39355
6.48334
6.45538
6.3371
6.08042
5.72634
4.99465
3.42323
1.09842
0.68273
1.0457
2.27311
3.32247
3.51078
3.61433
3.94172
4.2724
4.29627
3.79577
3.62814
3.73134
3.14723
2.33857
1.40013
6.46508e-006
0.000868745
0.0159925
0.0542314
0.158418
0.268409
0.292957
0.714553
1.28716
1.66168
1.92444
2.03999
2.04996
1.93102
1.98129
1.9554
1.96027
2.04256
1.96658
1.94007
1.90442
1.82794
1.74571
1.63445
1.51295
1.38214
1.23721
1.15379
0.955067
0.677825
0.370525
0.105342
0.0299517
0.181123
0.287685
0.168082
0.394812
0.433023
0.389238
0.551666
0.598182
0.609185
0.612441
0.561221
0.536601
0.51747
0.524432
0.520704
0.463188
0.403237
0.365673
0.334928
0.308175
0.269248
0.214708
0.187251
0.140337
0.131369
0.090765
0.0940593
0.0581269
0.0494907
0.0159265
0.00503138
