SNR of Background 1
99.5735
99.6091
99.6238
99.6538
99.7127
99.7799
99.8228
99.8322
99.8179
99.7956
99.7862
99.7759
99.7576
99.7426
99.7301
99.7442
99.8131
99.908
99.9329
99.9498
99.965
99.9603
99.969
99.97
99.9688
99.9637
99.966
99.9701
99.9698
99.9709
99.974
99.9693
99.9538
99.9507
99.8753
99.8902
99.9432
99.9614
99.967
99.9672
99.9684
99.9686
99.9654
99.9656
99.9616
99.9425
99.8086
99.6897
99.811
99.909
99.9389
99.945
99.9438
99.9507
99.9538
99.9546
99.9506
99.945
99.9488
99.9399
99.916
99.854
0.0793879
9.09923
74.2598
92.1504
97.4046
98.5572
98.6949
99.522
99.7569
99.8199
99.8509
99.8665
99.8749
99.8699
99.8771
99.8807
99.8874
99.8909
99.8902
99.8916
99.8924
99.8864
99.8805
99.8727
99.8607
99.8407
99.8188
99.801
99.751
99.6321
99.2908
97.4498
80.9273
97.7781
98.7978
98.2038
99.3055
99.406
99.367
99.5601
99.6001
99.6171
99.6268
99.6166
99.6135
99.6041
99.625
99.6015
99.5763
99.508
99.4626
99.3632
99.2272
99.014
98.592
98.1479
96.9443
96.1712
92.0159
89.8286
76.1336
66.9042
32.7604
8.29614
SNR of Background Average
99.5735
99.6091
99.6238
99.6538
99.7127
99.7799
99.8228
99.8322
99.8179
99.7956
99.7862
99.7759
99.7576
99.7426
99.7301
99.7442
99.8131
99.908
99.9329
99.9498
99.965
99.9603
99.969
99.97
99.9688
99.9637
99.966
99.9701
99.9698
99.9709
99.974
99.9693
99.9538
99.9507
99.8753
99.8902
99.9432
99.9614
99.967
99.9672
99.9684
99.9686
99.9654
99.9656
99.9616
99.9425
99.8086
99.6897
99.811
99.909
99.9389
99.945
99.9438
99.9507
99.9538
99.9546
99.9506
99.945
99.9488
99.9399
99.916
99.854
0.0793879
9.09923
74.2598
92.1504
97.4046
98.5572
98.6949
99.522
99.7569
99.8199
99.8509
99.8665
99.8749
99.8699
99.8771
99.8807
99.8874
99.8909
99.8902
99.8916
99.8924
99.8864
99.8805
99.8727
99.8607
99.8407
99.8188
99.801
99.751
99.6321
99.2908
97.4498
80.9273
97.7781
98.7978
98.2038
99.3055
99.406
99.367
99.5601
99.6001
99.6171
99.6268
99.6166
99.6135
99.6041
99.625
99.6015
99.5763
99.508
99.4626
99.3632
99.2272
99.014
98.592
98.1479
96.9443
96.1712
92.0159
89.8286
76.1336
66.9042
32.7604
8.29614
SNR of Target
99.8742
99.8893
99.8973
99.9035
99.9083
99.9113
99.9135
99.9066
99.8935
99.8794
99.8709
99.8632
99.8558
99.8553
99.8613
99.8711
99.8753
99.9101
99.9219
99.936
99.9545
99.9491
99.961
99.9627
99.9618
99.9561
99.9595
99.9646
99.9646
99.9663
99.9699
99.965
99.9482
99.9455
99.8645
99.8832
99.9405
99.96
99.9657
99.9656
99.9669
99.9671
99.964
99.9644
99.961
99.9424
99.8101
99.6994
99.8213
99.9153
99.9425
99.9472
99.9459
99.9526
99.9556
99.9566
99.953
99.948
99.952
99.9447
99.9259
99.8781
0.122307
17.7034
88.5679
96.8419
98.9797
99.4298
99.4625
99.7808
99.8829
99.9096
99.9217
99.9268
99.9287
99.9224
99.9245
99.9246
99.9264
99.9275
99.9253
99.9249
99.9246
99.9198
99.916
99.9116
99.9045
99.8923
99.8796
99.8718
99.8437
99.7738
99.5835
98.5955
97.0349
99.5446
99.7106
99.5018
99.7885
99.8128
99.7935
99.8524
99.861
99.8618
99.8616
99.8525
99.8462
99.8375
99.8436
99.8312
99.8178
99.7887
99.7737
99.7434
99.7147
99.6716
99.5901
99.5354
99.3817
99.3474
99.0311
99.0722
98.4474
98.1406
93.8877
76.8512
