L of Background 1
1.04337
1.59995
1.71859
1.75794
1.89331
1.92896
1.87977
1.83799
1.53239
1.92329
1.95222
2.13719
2.26401
2.31987
2.38483
2.37277
2.36667
2.35858
2.38194
2.38175
2.28459
2.22309
2.28726
2.28344
2.22363
2.35682
2.45386
2.38695
2.52166
2.77957
2.99869
3.0535
3.20326
3.20588
3.27592
3.32077
3.28267
3.22749
3.09859
2.95447
2.86462
2.77579
2.71389
2.37742
2.39673
2.43087
2.44731
2.41215
2.29068
2.23855
2.2261
2.13759
2.10853
2.10721
2.06303
1.95852
1.83389
1.76832
1.78066
1.80375
1.77095
1.74206
1.73417
1.81669
1.8122
2.33702
3.16363
3.65033
4.46947
5.23436
5.35226
4.58618
5.29605
5.72975
7.49535
8.49249
9.38208
9.87439
10.0504
9.07058
4.4422
8.42876
10.2229
10.4188
10.4037
10.1079
9.60833
9.63137
9.53152
9.71229
9.07028
6.96316
7.38436
7.68745
7.85596
8.43386
9.1737
9.39273
9.16446
8.58802
9.32151
9.17172
8.78862
9.13437
9.07787
8.89534
8.71228
8.11196
5.82491
5.44567
5.67646
5.05088
4.78909
5.92072
5.15097
2.21596
0.902013
1.7035
1.75237
2.12756
2.94069
4.33614
4.52689
5.11234
6.03782
6.5302
6.75447
6.79705
6.92573
6.87388
6.85184
6.82889
6.76828
6.69947
6.61366
6.46748
6.3155
6.15158
6.00595
5.65206
5.29396
4.75221
3.96251
3.27593
1.91757
0.698264
0.45119
0.582368
0.986491
0.823347
1.03899
1.73905
2.47291
3.00659
3.29421
3.22444
3.36621
3.55498
3.39023
3.55776
3.63676
3.90152
4.01618
4.16986
4.22956
4.17378
4.05954
3.80177
3.34505
3.26723
3.58737
3.63387
3.57634
3.27186
2.90786
2.48406
2.1226
1.75239
1.24874
0.830727
0.590171
0.134422
0.00624674
4.24845e-005
1.31851e-007
5.48508e-006
9.82513e-006
1.58432e-006
3.02998e-006
7.92009e-006
3.00614e-005
0.000511603
0.00293065
0.00871126
0.0206753
0.0218712
0.0330355
0.0556815
0.101674
0.133362
0.0951824
0.0935335
0.12634
0.202523
0.37326
0.550206
0.635074
0.754124
0.82984
0.938404
1.0056
1.0739
1.12201
1.16055
1.18011
1.19816
1.18189
1.14753
1.19894
1.24139
1.26047
1.24795
1.23917
1.2856
1.34206
1.37359
1.37919
1.35409
1.34251
1.35351
1.37156
1.35987
1.33132
1.3203
1.28229
1.25453
1.20434
1.15714
1.09925
1.06081
1.00466
0.946884
0.921348
0.845307
0.795141
0.7676
0.726215
0.625928
0.552132
0.444168
0.325744
0.227616
0.121463
0.047084
0.00969742
0.00201508
0.000187289
8.97778e-006
3.03614e-007
9.2456e-009
1.60927e-009
4.81941e-009
1.61629e-008
3.80348e-008
1.39747e-007
1.37902e-007
4.51467e-007
6.35996e-007
1.82002e-007
1.37289e-008
7.6928e-008
3.4441e-007
4.66645e-006
2.93297e-005
0.000141642
0.000713494
0.00229999
0.00302499
0.00583334
0.0175961
0.0368206
0.059739
0.0873095
0.0923202
0.0711447
0.0343164
0.0386322
0.0437936
0.0735343
0.127266
0.166699
0.173991
0.152809
0.111598
0.112172
0.117372
0.137151
0.174973
0.194677
0.206253
0.20588
0.213126
0.219371
0.220375
0.224856
0.23078
0.235842
0.238866
0.226368
0.223298
0.22076
0.213466
0.220243
0.224235
0.206408
0.223296
0.21773
0.213546
0.220246
0.228535
0.230608
0.23052
0.222435
0.212913
0.204975
0.196114
0.182744
0.174655
0.167009
0.160803
0.154912
0.148079
0.137901
0.135283
0.12883
0.119234
0.106622
0.10542
0.0906156
0.0759463
0.0664352
0.0594037
0.0609485
0.0550077
0.0362335
0.0295528
0.0289016
0.0296594
0.0274315
0.0186721
0.00987766
0.0122896
0.014506
0.0095836
0.00890919
0.00757944
0.00192729
0.00449721
0.00418209
0.00243224
L of Background 2
15.3993
23.6829
25.3773
25.6179
27.1011
27.0679
25.8102
24.8212
20.5882
25.9997
26.6314
29.2871
31.0876
31.8711
32.6567
32.4609
32.6034
32.851
33.403
33.3583
31.9
31.0547
31.8959
31.5181
30.185
31.2676
31.3284
28.9542
28.9072
29.9847
30.5099
29.724
30.3254
29.7705
29.9048
29.9517
29.5386
29.4012
28.9913
28.7801
29.1387
29.1651
29.0519
25.7977
26.4738
27.2885
27.8091
27.752
26.7942
26.6798
26.9602
26.1865
26.0361
26.3003
26.2067
25.4538
24.385
23.9845
24.7052
25.576
25.5275
25.2909
25.1233
24.7814
20.6965
20.6059
21.7376
21.4496
22.148
22.5533
20.4959
15.4648
16.289
16.0777
19.4199
20.4954
21.3799
21.666
21.536
19.0959
9.10965
17.0255
20.3703
20.4993
20.2987
19.5849
18.4994
18.443
18.1469
18.4029
17.0865
13.0122
13.7348
14.2296
14.4695
15.459
16.7603
17.1199
16.6504
15.5379
16.81
16.5488
15.8371
16.378
16.1791
15.8212
15.5097
14.4609
10.3771
9.71375
10.144
9.03446
8.5751
10.627
9.24345
3.97261
1.6264
3.10053
3.21602
3.93531
5.47439
8.13421
8.54527
9.71972
11.5307
12.3281
12.3557
12.0333
12.0585
11.9082
11.8025
11.6963
11.5408
11.3824
11.2169
10.9576
10.6772
10.396
10.2076
9.73133
9.26835
8.43352
7.07715
5.85411
3.42585
1.25351
0.822969
1.08095
1.86404
1.58108
2.04043
3.4605
4.93032
5.90095
6.26897
5.94285
6.06249
6.31242
5.917
6.08402
6.13872
6.59876
6.89041
7.28172
7.49278
7.45381
7.27928
6.83967
6.04722
5.93358
6.52158
6.61235
6.56127
6.10216
5.53627
4.85231
4.30696
3.73852
2.80752
1.96402
1.43497
0.332054
0.0155849
0.000106026
2.68455e-007
1.25449e-005
2.78047e-005
4.50453e-006
8.61166e-006
3.29986e-005
0.000130658
0.00247991
0.0150592
0.0474973
0.118295
0.129755
0.205349
0.35582
0.654446
0.855109
0.607523
0.593216
0.769077
1.13925
1.95717
2.77238
3.10697
3.57879
3.82234
4.19148
4.34112
4.47581
4.52406
4.55377
4.52772
4.48851
4.27357
3.98676
4.05833
4.15814
4.16364
4.01076
3.84484
3.88719
4.00621
4.06075
4.00982
3.84557
3.73046
3.71254
3.73307
3.66846
3.55806
3.50554
3.40504
3.35489
3.24395
3.09865
2.86725
2.65201
2.37694
2.1031
1.98999
1.92
1.97655
2.05205
1.99612
1.71541
1.52309
1.26946
0.985346
0.722955
0.401828
0.16104
0.0365139
0.00849802
0.000920505
4.94663e-005
1.85167e-006
4.63138e-008
3.51222e-009
1.21798e-008
5.99509e-008
9.80754e-008
1.62505e-007
8.54292e-007
5.06653e-006
6.85808e-006
1.67036e-006
7.73959e-008
4.97681e-007
3.67306e-006
8.79009e-005
0.000610008
0.00328368
0.0171636
0.0528005
0.0646285
0.107446
0.286093
0.536271
0.787435
1.05146
1.02053
0.722484
0.324822
0.350708
0.389155
0.636569
1.06907
1.35926
1.37954
1.18202
0.841953
0.833712
0.863386
1.00075
1.26724
1.39324
1.45213
1.41869
1.44722
1.47575
1.45959
1.46241
1.47709
1.50135
1.50684
1.40422
1.35632
1.31742
1.25357
1.27226
1.2632
1.14392
1.20922
1.15903
1.12353
1.15083
1.18853
1.19187
1.18165
1.14188
1.1024
1.07145
1.03652
0.981684
0.942758
0.876176
0.818974
0.762183
0.689823
0.57174
0.477556
0.421243
0.402393
0.477934
0.544424
0.490274
0.417681
0.353685
0.303018
0.344917
0.341372
0.250167
0.220937
0.211724
0.224724
0.221823
0.185285
0.120059
0.156769
0.188042
0.135447
0.159974
0.148207
0.0510448
0.148019
0.144473
0.0992539
L of Background 3
1.47841
2.24672
2.38413
2.38226
2.49897
2.47759
2.34511
2.23827
1.84363
2.31153
2.35034
2.56729
2.70708
2.75964
2.81255
2.7809
2.77717
2.78319
2.81744
2.80261
2.66996
2.58886
2.64905
2.61151
2.49682
2.58229
2.58396
2.38704
2.38374
2.47523
2.52157
2.4573
2.50697
2.46099
2.47088
2.47184
2.43224
2.41399
2.37305
2.34853
2.36909
2.36401
2.35022
2.0889
2.13836
2.19827
2.23605
2.22842
2.14818
2.13523
2.15445
2.09132
2.07772
2.09685
2.08777
2.02795
1.94223
1.90746
1.9618
2.02804
2.02276
2.0033
1.99051
1.96653
1.65051
1.66102
1.77337
1.76363
1.83827
1.88784
1.73142
1.32301
1.40609
1.40148
1.70206
1.80693
1.89412
1.9266
1.919
1.70378
0.809366
1.52585
1.82525
1.83765
1.81943
1.75615
1.65981
1.65547
1.63001
1.65269
1.53672
1.17023
1.23551
1.28118
1.30415
1.39435
1.50896
1.53951
1.4977
1.39836
1.51372
1.48897
1.42472
1.47426
1.45921
1.42898
1.4006
1.30518
0.934976
0.875463
0.915475
0.812377
0.772248
0.962333
0.840219
0.355442
0.141982
0.273353
0.28287
0.347174
0.486492
0.725816
0.766726
0.885789
1.05924
1.13669
1.14407
1.11805
1.12411
1.1124
1.10391
1.09593
1.08235
1.06874
1.05545
1.03177
1.00578
0.979782
0.962156
0.917351
0.873959
0.796372
0.669437
0.553223
0.322036
0.116751
0.0763039
0.100192
0.173811
0.146768
0.189529
0.324051
0.466043
0.561731
0.599969
0.572257
0.588727
0.619685
0.589404
0.617546
0.629764
0.674233
0.693635
0.722115
0.735716
0.728405
0.709948
0.666152
0.588065
0.57562
0.632448
0.642468
0.639651
0.596636
0.542219
0.474508
0.420075
0.364126
0.272933
0.190183
0.139253
0.0323169
0.00154222
1.11804e-005
4.19675e-008
1.4378e-006
2.78495e-006
1.12942e-006
2.67039e-006
3.92211e-006
1.47426e-005
0.000258946
0.00152769
0.00475358
0.0117835
0.0130024
0.0206158
0.0354225
0.0650229
0.0852331
0.0606421
0.0590001
0.0762079
0.112925
0.194655
0.276649
0.311247
0.360112
0.386023
0.424375
0.440501
0.455084
0.460925
0.464175
0.461782
0.458668
0.437764
0.409253
0.417327
0.428682
0.430211
0.4152
0.399215
0.404712
0.418123
0.425257
0.421376
0.404962
0.393596
0.392733
0.396174
0.390706
0.380241
0.376154
0.366495
0.36078
0.349124
0.33816
0.324364
0.316611
0.302635
0.287103
0.281244
0.261498
0.25207
0.25147
0.244912
0.214557
0.191222
0.1558
0.117843
0.0857619
0.0485699
0.019957
0.0045722
0.00107528
0.000123712
7.7781e-006
4.50587e-007
5.22529e-009
1.29498e-009
1.04695e-008
4.2951e-008
7.34549e-008
1.41777e-007
1.11094e-007
2.44432e-007
6.84445e-007
2.43817e-007
2.09007e-008
1.1497e-007
7.22808e-007
1.82388e-005
0.000117137
0.000500226
0.00217238
0.00635637
0.00765729
0.012558
0.0340758
0.0654887
0.0974372
0.130332
0.127652
0.0917128
0.0407965
0.0433844
0.0479101
0.0788474
0.133723
0.171824
0.176366
0.151868
0.107691
0.106354
0.109523
0.127374
0.162394
0.178379
0.184374
0.181263
0.187072
0.190315
0.18616
0.186534
0.188976
0.190969
0.192929
0.180521
0.173862
0.169465
0.162584
0.165389
0.167128
0.147837
0.155911
0.150771
0.147916
0.152216
0.155654
0.155641
0.158587
0.156108
0.151394
0.147672
0.142626
0.131574
0.125023
0.119169
0.117051
0.116896
0.116751
0.103664
0.0981687
0.0919361
0.0855873
0.0828206
0.0910128
0.0834268
0.0745112
0.0690197
0.0600259
0.0667214
0.0651501
0.0486108
0.0500601
0.0496261
0.0535559
0.052354
0.0410318
0.0300434
0.0401653
0.04849
0.0358108
0.0443333
0.0411367
0.0117517
0.02885
0.02717
0.0165737
L of Background Average
6.46867
9.95203
10.6732
10.7966
11.4504
11.4681
10.969
10.5753
8.78303
11.0916
11.3576
12.4934
13.2667
13.6089
13.9585
13.8852
13.9445
14.0431
14.2774
14.2688
13.6577
13.3031
13.6735
13.5339
12.9953
13.5037
13.5916
12.6417
12.7145
13.298
13.6441
13.3809
13.7126
13.5072
13.6075
13.6574
13.4786
13.3961
13.1624
12.9985
13.0849
13.0422
12.9653
11.5146
11.7931
12.1243
12.3327
12.2917
11.8474
11.7738
11.8785
11.5288
11.4559
11.5587
11.4972
11.1464
10.6614
10.4638
10.751
11.1045
11.0672
10.9595
10.8916
10.8119
9.23077
9.52364
10.4714
10.6579
11.4311
12.0565
11.3274
8.8975
9.65291
9.83272
12.2166
13.2439
14.1314
14.5435
14.5999
13.0439
6.30066
11.8413
14.2469
14.4171
14.3288
13.8686
13.1381
13.1298
12.9529
13.1631
12.255
9.37111
9.91088
10.2901
10.4868
11.2274
12.1889
12.4634
12.1393
11.3502
12.298
12.1039
11.5903
12.0138
11.9013
11.6493
11.4155
10.6379
7.63919
7.14686
7.45691
6.63923
6.29893
7.7957
6.78222
2.91762
1.19164
2.26182
2.33733
2.84982
3.95229
5.85047
6.12888
6.94801
8.2245
8.83762
8.98396
8.88188
8.96961
8.87865
8.82346
8.76751
8.66919
8.56485
8.44741
8.25622
8.05323
7.84282
7.68035
7.2778
6.87801
6.21979
5.20486
4.30488
2.52003
0.920262
0.599865
0.781703
1.33723
1.1263
1.43931
2.42674
3.45381
4.16135
4.48082
4.30907
4.44207
4.6552
4.39856
4.56589
4.63526
4.97778
5.16284
5.41104
5.53087
5.48172
5.34354
5.01343
4.4231
4.33103
4.75777
4.82182
4.76697
4.40101
3.95664
3.42925
2.99456
2.54544
1.87142
1.28369
0.927877
0.213457
0.00998194
6.79019e-005
1.86494e-007
8.30903e-006
1.70169e-005
2.75238e-006
5.26257e-006
1.79514e-005
7.02989e-005
0.00129889
0.00778186
0.024225
0.0597186
0.0650201
0.101951
0.175708
0.322703
0.421932
0.300047
0.293324
0.383327
0.576963
1.00598
1.4372
1.62136
1.88082
2.02331
2.23547
2.33538
2.42999
2.4782
2.51323
2.51465
2.51
2.41469
2.27987
2.33931
2.40458
2.41827
2.34997
2.27867
2.32345
2.40483
2.44559
2.42871
2.34815
2.29532
2.29482
2.31389
2.28116
2.21999
2.19243
2.12952
2.09288
2.01852
1.93221
1.80512
1.69619
1.55276
1.40879
1.34828
1.27464
1.26705
1.28061
1.23343
1.06119
0.940133
0.774027
0.589439
0.425665
0.233579
0.0926568
0.0204229
0.00460814
0.000480571
2.5173e-005
9.22837e-007
2.4073e-008
2.37045e-009
7.76356e-009
3.36783e-008
6.20514e-008
1.4885e-007
4.24453e-007
2.29748e-006
3.12483e-006
7.77355e-007
3.91961e-008
2.45231e-007
1.67587e-006
3.79599e-005
0.000261594
0.00139843
0.00729308
0.0224983
0.0276646
0.046473
0.124964
0.23651
0.350611
0.472567
0.463238
0.331502
0.150477
0.163417
0.181887
0.29859
0.503558
0.64307
0.65553
0.563949
0.403448
0.400494
0.415471
0.482191
0.611275
0.673377
0.703844
0.690297
0.706029
0.721141
0.715305
0.719112
0.728529
0.741241
0.745243
0.696802
0.675848
0.658795
0.62894
0.640482
0.639262
0.580939
0.617151
0.593787
0.577115
0.592038
0.612062
0.614633
0.610484
0.589751
0.56826
0.551132
0.531868
0.501954
0.481548
0.450375
0.42381
0.397598
0.364608
0.311319
0.272118
0.245747
0.232455
0.255059
0.280912
0.250389
0.212574
0.181284
0.156817
0.174495
0.169511
0.12178
0.106091
0.102015
0.107667
0.105169
0.0853003
0.0539446
0.0700693
0.0839025
0.0599222
0.0693235
0.0638194
0.0215737
0.0618942
0.060288
0.0411572
L of Target
2.69339
4.14106
4.44403
4.51011
4.80456
4.83598
4.651
4.5031
3.74497
4.7222
4.82459
5.30135
5.62692
5.77158
5.92496
5.89552
5.9107
5.93656
6.02582
6.02437
5.77093
5.62081
5.77999
5.7357
5.53058
5.78047
5.87547
5.53831
5.65513
6.0145
6.27394
6.23203
6.43884
6.37854
6.45874
6.5058
6.42507
6.36212
6.20155
6.05225
6.01708
5.94262
5.87682
5.19976
5.29948
5.42434
5.49934
5.46274
5.24211
5.18378
5.2079
5.03961
4.9976
5.02847
4.97921
4.7996
4.56488
4.45827
4.55531
4.68045
4.64653
4.59356
4.56751
4.60037
4.11114
4.5655
5.42986
5.82414
6.62922
7.35118
7.20767
5.92771
6.65179
7.00676
8.96379
9.97013
10.8591
11.3267
11.4657
10.307
5.02174
9.49141
11.4754
11.6634
11.6256
11.2788
10.7076
10.7209
10.5971
10.787
10.0624
7.71399
8.17197
8.49874
8.67604
9.30451
10.1132
10.3494
10.0913
9.44861
10.2489
10.0854
9.6616
10.0316
9.95774
9.7536
9.5548
8.89933
6.39091
5.97644
6.23192
5.54652
5.26023
6.50558
5.65992
2.43507
0.992506
1.87792
1.93511
2.35316
3.25655
4.80869
5.02674
5.68495
6.71967
7.24958
7.44961
7.44716
7.56312
7.4991
7.46674
7.43352
7.36118
7.28129
7.18562
7.02541
6.85756
6.67917
6.52829
6.15921
5.78815
5.21013
4.35024
3.59714
2.10571
0.76762
0.497641
0.644636
1.09606
0.917994
1.16405
1.95382
2.77914
3.36704
3.66455
3.563
3.70204
3.89842
3.705
3.87246
3.94847
4.23748
4.37408
4.5572
4.63566
4.58194
4.46022
4.17989
3.68153
3.59928
3.95265
4.00462
3.94794
3.6243
3.23522
2.77914
2.39483
2
1.44319
0.972221
0.69567
0.159116
0.00741397
5.04281e-005
1.48928e-007
6.36759e-006
1.20725e-005
1.94935e-006
3.72774e-006
1.10549e-005
4.26351e-005
0.000757613
0.00444664
0.0135593
0.0328758
0.0353545
0.0545704
0.0931844
0.170733
0.22352
0.159193
0.155956
0.206633
0.319502
0.570872
0.827128
0.942924
1.10576
1.20228
1.34313
1.42052
1.497
1.54515
1.5826
1.59651
1.60748
1.56657
1.50089
1.55483
1.60439
1.62179
1.59189
1.56361
1.60951
1.67376
1.70818
1.70678
1.66436
1.63991
1.64734
1.66571
1.64747
1.60874
1.59256
1.54678
1.51626
1.45853
1.39913
1.31964
1.25921
1.17582
1.09115
1.05468
0.9794
0.942521
0.927806
0.884605
0.761862
0.673319
0.547202
0.408122
0.289489
0.156494
0.0613245
0.013049
0.00282539
0.000278937
1.40386e-005
4.97114e-007
1.3879e-008
1.84714e-009
5.73945e-009
2.16363e-008
4.55398e-008
1.42592e-007
2.27451e-007
1.02834e-006
1.41373e-006
3.68046e-007
2.16873e-008
1.29523e-007
7.60496e-007
1.50707e-005
0.000101913
0.000534385
0.00276956
0.0086118
0.0107246
0.0185326
0.051144
0.0992112
0.150612
0.207646
0.208181
0.15248
0.0706106
0.0776224
0.0869396
0.143837
0.244791
0.315466
0.324379
0.281217
0.202758
0.202229
0.210479
0.244918
0.311237
0.344174
0.361634
0.35716
0.367052
0.376066
0.37494
0.379211
0.386216
0.393662
0.396986
0.373269
0.364619
0.357553
0.343221
0.351487
0.353845
0.323375
0.346303
0.335179
0.327101
0.336374
0.34832
0.350545
0.349186
0.337154
0.323903
0.313099
0.300986
0.282443
0.270519
0.255519
0.242953
0.230718
0.215725
0.19208
0.178035
0.165359
0.154607
0.152997
0.160244
0.14053
0.118631
0.102319
0.0898404
0.0964237
0.0907812
0.0629623
0.0534683
0.0517472
0.0540341
0.0517217
0.0394911
0.0236474
0.0303442
0.0361906
0.0253133
0.0277875
0.0251534
0.00806642
0.0224323
0.0217138
0.0145332
