SNR of Background 1
10.7867
18.3391
21.2097
23.4246
26.4815
29.3067
31.67
33.9464
31.926
40.6246
43.7821
49.372
54.6638
58.3448
61.716
64.1128
66.225
68.71
71.1975
73.7674
74.3491
75.5141
79.1557
81.4723
80.3809
84.0414
85.4329
84.5993
87.4967
93.7289
98.4007
99.9886
103.667
104.251
105.937
107.807
108.456
108.435
107.237
105.796
104.739
104.107
103.713
97.1711
98.5354
100.551
99.5848
96.6332
92.0885
88.1252
87.6062
85.2363
84.1063
83.7333
81.6674
78.6631
74.931
73.6857
73.961
74.8588
74.4107
73.9184
74.0861
76.5195
76.2242
89.411
107.153
116.51
129.84
139.992
141.089
128.194
136.667
141.654
161.335
169.72
177.365
179.159
177.682
165.11
107.9
151.242
164.688
162.87
157.527
151.455
143.724
140.231
135.7
134.265
127.553
108.977
109.83
111.043
109.267
112.302
116.209
116.112
110.706
104.91
108.141
105.244
100.757
103.381
101.002
97.7582
94.4714
88.445
70.2838
65.4732
65.2841
58.5764
54.5944
60.6082
53.0654
27.2272
12.0143
33.5076
32.2074
20.0586
39.7501
55.4198
54.5629
53.5628
51.1666
39.8544
24.4318
24.8858
25.6864
28.8785
29.1486
32.524
35.6954
35.7813
38.6566
38.1152
40.4231
42.5294
41.8678
42.5146
42.7507
38.9346
34.9606
31.0527
19.7594
7.79943
5.3549
7.58049
13.3424
11.7037
15.2416
25.9478
37.3658
46.1845
50.146
50.7094
54.2437
58.5446
57.9474
62.4328
67.3657
73.7413
77.7531
82.5118
85.7391
88.7677
88.8302
85.9151
78.7827
79.0108
87.5035
90.4459
91.0797
87.7195
80.74
71.7078
63.6429
54.5873
40.78
28.3907
20.873
4.99956
0.239611
0.00166514
5.27684e-006
0.000224382
0.00041015
6.74781e-005
0.000131623
0.000350819
0.0013594
0.0233035
0.136225
0.412961
1.00017
1.064
1.63963
2.80399
5.11936
6.80489
4.95524
4.89159
6.69157
10.6887
19.6685
29.1484
33.7138
40.4501
45.1453
51.0114
55.4552
60.0493
63.0384
66.8017
69.6887
71.8925
72.9662
73.0114
77.0789
81.5044
84.6919
85.9146
86.5195
90.3518
94.8982
98.826
100.396
99.9832
100.477
101.49
103.038
102.639
101.254
100.875
98.8423
97.3554
94.4486
91.6802
88.0357
85.7278
82.1315
78.3358
75.985
70.7467
67.2986
65.0172
63.01
55.5375
49.9166
41.6336
31.3932
22.7558
12.4856
4.90038
1.01339
0.21267
0.0197211
0.000941828
3.17646e-005
9.75039e-007
1.69046e-007
4.9993e-007
1.67283e-006
3.8852e-006
1.40679e-005
1.38383e-005
4.51421e-005
6.26817e-005
1.78596e-005
1.34686e-006
7.63124e-006
3.41903e-005
0.000463603
0.00294197
0.0142178
0.0716581
0.233404
0.306373
0.589408
1.7528
3.65173
5.88712
8.45734
8.9278
6.89337
3.33756
3.78044
4.31106
7.24733
12.501
16.3633
17.1698
15.0892
11.1262
11.202
11.73
13.6787
17.3346
19.248
20.1786
20.1771
21.0217
21.7546
21.7963
22.3646
23.1045
23.4985
23.9663
22.676
22.3122
21.998
21.2315
21.8061
21.8798
20.1138
21.6169
21.0263
20.3312
20.5986
20.7695
20.361
19.7304
18.7112
17.364
16.1536
15.1912
13.9003
13.0302
12.2317
11.7136
11.056
10.365
9.45559
9.40249
9.08012
8.5247
7.73532
7.74773
6.75896
5.74907
5.09953
4.50892
4.56783
4.01072
2.61527
2.11019
2.03659
2.06158
1.88102
1.24213
0.647679
0.779206
0.904413
0.577223
0.517372
0.432242
0.10594
0.242706
0.216861
0.12372
SNR of Background 2
83.0819
118.725
130.709
138.759
149.39
158.491
165.353
172.108
164.355
195.909
207.946
227.965
246.585
259.4
270.606
278.744
287.057
297.334
307.066
315.847
317.384
321.522
333.953
340.268
333.618
342.229
340.252
328.752
328.609
337.846
341.986
339.047
344.995
343.308
345.162
348.391
349.827
351.964
353.306
356.36
361.101
365.165
367.426
349.571
357.04
366.379
365.573
358.426
346.797
337.245
338.318
332.507
330.128
330.705
326.79
320.481
311.521
310.417
314.998
321.682
322.812
322.241
322.488
321.106
292.223
292.611
301.514
299.932
303.342
302.715
287.006
245.805
248.772
245.338
266.376
269.567
273.05
270.386
264.971
244.601
160.961
220.01
237.122
233.052
224.689
215.556
204.293
198.958
192.212
189.785
180.156
154.492
155.237
156.448
153.665
157.288
162.188
161.852
154.427
146.436
150.427
146.656
140.651
143.707
140.12
135.721
131.492
123.709
99.888
93.6423
93.4953
84.6971
79.474
87.564
77.5488
42.316
20.0136
51.6135
50.0866
34.2402
69.7784
96.0601
95.1716
94.1077
90.5068
70.8192
43.0853
42.5552
43.211
48.1708
48.3533
53.4658
58.2364
58.1825
62.5651
61.6671
65.1171
68.3366
67.6579
69.4443
70.8455
65.5846
59.5095
53.1399
34.3069
13.8361
9.68451
13.8967
24.6568
22.0233
29.1266
49.3194
69.9037
84.1708
88.5482
87.0671
90.953
96.5503
94.2422
99.3723
105.588
115.128
122.389
131.2
137.512
142.899
143.449
139.466
129.233
130.054
143.011
147.538
149.441
146.244
137.761
126.11
116.561
105.491
84.2297
62.7521
48.1099
12.1769
0.59738
0.00415556
1.0744e-005
0.000513183
0.00116071
0.000191853
0.000374091
0.00146167
0.00590839
0.11294
0.699219
2.24354
5.67022
6.24835
10.0252
17.4108
31.2988
40.8126
30.1024
29.5555
38.2824
55.1075
89.9029
122.505
135.432
154.159
165.11
178.495
186.425
193.946
197.012
202.585
206.381
208.118
205.342
199.542
204.87
213.035
217.779
216.109
211.945
215.789
222.869
229.047
229.387
224.811
222.274
222.117
223.769
221.617
217.592
215.873
212.148
210.471
206.132
200.067
189.466
179.364
165.666
151.279
144.009
140.502
144.261
148.132
147.267
131.434
120.165
105.156
85.4458
66.3594
39.1942
16.3863
3.79492
0.895671
0.0969126
0.00518929
0.000193724
4.88424e-006
3.68939e-007
1.26344e-006
6.20483e-006
1.00183e-005
1.63589e-005
8.57272e-005
0.000506601
0.000675909
0.00016391
7.59286e-006
4.93699e-005
0.000364633
0.00873263
0.0611809
0.329404
1.71821
5.30502
6.46678
10.6438
27.1124
48.6835
68.6185
87.2916
85.0332
62.7394
29.9797
32.4394
35.9958
56.9119
90.2087
110.958
112.956
99.0654
74.1865
73.6673
76.0697
86.5499
105.673
114.439
117.54
115.486
118.158
120.718
119.393
120.236
122.006
123.224
124.38
117.06
113.479
110.486
105.739
106.743
104.845
96.0996
100.384
96.5768
92.8404
93.3698
93.677
91.5653
88.4292
84.4628
79.5956
75.2164
71.854
67.2563
63.6845
58.5921
54.8186
50.3574
45.101
37.1284
31.7642
28.5737
27.7048
32.9944
37.7232
34.6206
30.138
26.0529
22.213
24.8399
23.9338
17.5345
15.3697
14.5565
15.2211
14.8283
12.0661
7.76284
9.76564
11.4825
8.03914
9.13381
8.3218
2.79106
7.86933
7.38668
5.00049
SNR of Background 3
14.7007
24.2923
27.6379
29.8329
32.8712
35.4875
37.4164
39.3058
36.708
46.3304
49.875
55.9485
61.5672
65.3713
68.6626
70.9776
73.3145
76.2622
79.0693
81.592
81.8771
82.9509
86.5765
88.3866
86.2625
88.8119
88.1393
84.6011
84.5698
87.449
88.7771
87.8933
89.7106
89.1928
89.7329
90.6549
90.9699
91.4648
91.7048
92.4633
93.696
94.7535
95.3252
89.9853
92.1071
94.7727
94.4258
92.201
88.6169
85.6475
85.8929
84.1113
83.3562
83.4823
82.2651
80.3692
77.6548
77.2501
78.5562
80.496
80.8004
80.6113
80.6978
80.3608
71.8888
72.4948
75.7619
75.6474
77.1414
77.3542
72.9172
60.6114
61.9021
61.2152
68.0937
69.3635
70.6869
70.0041
68.3684
61.921
35.4556
54.2463
59.7027
58.4195
55.7435
52.8462
49.2856
47.6087
45.4974
44.7256
41.7438
33.7992
34.0326
34.4259
33.6031
34.7294
36.1868
36.0513
33.7842
31.3762
32.5958
31.4365
29.6347
30.5615
29.5354
28.2626
27.0151
24.7488
18.1508
16.5347
16.5163
14.2723
13.0397
15.0672
12.6931
5.41719
2.08844
6.97409
6.68003
3.59601
7.01293
10.1387
10.0844
10.1069
9.73691
7.39417
4.30531
4.26288
4.34781
4.89898
4.92523
5.50428
6.05069
6.05147
6.57051
6.47071
6.87623
7.25976
7.18025
7.39317
7.56264
6.94787
6.24921
5.51401
3.42671
1.3208
0.913553
1.32032
2.40196
2.12595
2.84891
5.03801
7.46806
9.27747
9.88422
9.75315
10.3405
11.1986
11.0454
11.9644
12.9778
14.3166
15.1789
16.2665
17.0581
17.7973
17.8475
17.2189
15.6714
15.755
17.6833
18.4085
18.763
18.3206
17.0537
15.2983
13.8861
12.3235
9.47847
6.78172
5.0804
1.21095
0.0591773
0.000438205
1.6796e-006
5.88174e-005
0.000116258
4.81034e-005
0.000116002
0.00017373
0.000666671
0.0117952
0.0710208
0.225429
0.57051
0.633086
1.02445
1.78737
3.28577
4.36997
3.16817
3.09649
4.05732
6.01491
10.4448
15.0673
17.0721
20.1033
21.9776
24.3095
25.7491
27.1421
27.75
28.7831
29.5013
29.8794
29.4294
28.4133
29.449
31.0618
32.0379
31.7729
31.0622
31.8822
33.3382
34.6717
34.8524
34.0051
33.5615
33.613
34.0441
33.7271
33.0319
32.8161
32.172
31.815
30.9885
30.2084
29.1442
28.6077
27.5278
26.2971
25.5979
23.9842
23.2568
23.1222
22.9838
20.3957
18.3911
15.3766
11.8028
8.81234
5.06609
2.08859
0.478303
0.113506
0.0130268
0.000815973
4.71411e-005
5.51059e-007
1.36031e-007
1.08603e-006
4.44536e-006
7.50331e-006
1.42723e-005
1.11481e-005
2.44406e-005
6.74567e-005
2.39254e-005
2.05045e-006
1.1405e-005
7.17547e-005
0.00181198
0.0117494
0.050208
0.218115
0.644525
0.774821
1.26719
3.38352
6.45915
9.53356
12.5242
12.2639
8.85209
3.96293
4.24163
4.71257
7.7631
13.1193
16.8502
17.3965
14.999
10.7447
10.6329
10.9622
12.7273
16.1267
17.6907
18.1115
17.8461
18.542
18.9765
18.5308
18.6876
19.07
19.1894
19.5269
18.2417
17.5364
17.0516
16.3274
16.5453
16.4816
14.5643
15.2826
14.741
14.252
14.4103
14.3263
13.9171
13.7346
13.2729
12.4663
11.7392
11.1364
10.0835
9.39432
8.78725
8.57922
8.38669
8.2069
7.1405
6.85722
6.51262
6.1478
6.02878
6.70265
6.22924
5.64163
5.29586
4.55572
4.99628
4.74338
3.50252
3.56428
3.487
3.71052
3.57803
2.72165
1.96485
2.53785
3.01073
2.15023
2.56416
2.33718
0.645286
1.55297
1.4056
0.841856
SNR of Background Average
47.1731
70.7577
78.796
84.2797
91.5269
97.7786
102.559
107.243
102.116
123.28
131.311
144.698
157.139
165.718
173.263
178.743
184.254
191.024
197.466
203.364
204.483
207.286
215.608
219.982
215.867
221.949
221.16
214.208
214.941
222.098
225.866
224.655
229.222
228.477
230.087
232.541
233.607
234.885
235.363
236.798
239.297
241.523
242.794
230.762
235.562
241.53
240.755
235.791
227.767
221.119
221.655
217.666
216.002
216.258
213.433
209.001
202.825
201.857
204.649
208.865
209.457
209.024
209.237
209.013
191.903
195.823
206.407
208.671
215.352
218.89
210.946
183.88
189.101
189.576
209.261
214.817
220.228
219.819
216.472
200.38
131.509
181.634
196.594
193.734
187.036
179.606
170.319
166.002
160.487
158.598
150.606
128.949
129.73
130.926
128.694
131.964
136.283
136.072
129.779
123.019
126.572
123.297
118.147
120.947
118.03
114.281
110.589
103.807
83.1896
77.75
77.5808
69.9554
65.4257
72.3529
63.7182
33.6932
15.354
41.3372
39.9388
25.9793
52.1427
72.3446
71.473
70.4359
67.5071
52.606
32.0157
32.0637
32.805
36.7304
36.9646
41.0632
44.9025
44.9307
48.4373
47.7468
50.5345
53.1098
52.4425
53.5707
54.3003
49.8772
45.0243
40.0889
25.6677
10.2301
7.09511
10.1244
17.9241
15.8792
20.8813
35.5336
50.8284
61.9783
66.1134
65.7978
69.4817
74.3378
73.0056
77.7652
83.2483
90.985
96.4027
102.925
107.501
111.566
111.846
108.467
99.9814
100.472
110.922
114.561
115.761
112.485
104.852
94.676
85.9694
76.0406
58.976
42.6596
32.1009
7.89403
0.382777
0.00266135
7.46375e-006
0.000339904
0.000710371
0.000117227
0.000228606
0.000795152
0.00317896
0.0591601
0.361563
1.14674
2.87824
3.15018
5.0265
8.74546
15.9072
20.9393
15.3058
15.0371
19.7867
29.3537
49.9507
70.253
78.8097
91.3511
99.0974
108.648
114.79
120.802
123.798
128.432
131.746
133.695
132.831
129.969
134.622
140.862
144.794
144.571
142.813
146.613
152.365
157.369
158.317
155.858
154.862
155.296
156.881
155.634
152.977
151.951
149.116
147.552
143.977
139.639
132.68
126.683
118.367
109.691
105.099
100.665
100.54
101.127
99.6647
88.3317
80.1293
68.7991
54.3112
41.0541
23.4964
9.55558
2.12953
0.486079
0.0506001
0.0026408
9.65485e-005
2.53873e-006
2.49003e-007
8.05333e-007
3.48566e-006
6.33846e-006
1.49843e-005
4.25934e-005
0.000229724
0.000307973
7.62806e-005
3.8453e-006
2.43269e-005
0.000166367
0.00377121
0.0262385
0.140337
0.731514
2.27399
2.78825
4.65825
12.1949
22.5983
32.7732
42.7904
41.9811
30.6543
14.3223
15.6234
17.4483
28.2385
46.2882
58.156
59.5323
51.8149
38.1439
37.9476
39.3304
45.2043
56.1222
61.3082
63.2813
62.2914
64.0123
65.6236
65.0041
65.7018
66.9355
67.726
68.5243
64.33
62.4257
60.8345
58.1827
58.9587
58.1
53.0666
55.8643
53.7745
51.6692
52.0567
52.2892
51.0921
49.3056
46.9359
43.984
41.3376
39.294
36.5212
34.4457
31.7444
29.7943
27.4751
24.8069
20.8727
18.5748
17.0512
16.3653
18.1299
20.148
18.2587
15.7774
13.6823
11.7349
12.866
12.1628
8.68556
7.49553
7.11717
7.40548
7.13739
5.62575
3.51724
4.41104
5.18722
3.58782
3.99826
3.61678
1.18336
3.32015
3.10848
2.08546
SNR of Target
24.3554
38.9312
44.1071
47.7695
52.6669
56.9762
60.3643
63.6614
60.2908
74.4017
79.6853
88.6149
96.9345
102.679
107.785
111.472
115.049
119.392
123.575
127.528
128.329
130.192
135.763
138.869
136.446
140.952
141.185
137.526
139.18
145.381
149.309
149.511
153.365
153.319
154.874
156.9
157.708
158.287
157.939
157.925
158.589
159.331
159.753
151.193
154.069
157.766
156.956
153.3
147.49
142.589
142.621
139.694
138.416
138.376
136.132
132.724
128.17
127.171
128.638
131.064
131.172
130.763
130.942
131.854
123.559
131.533
145.145
151.068
161.188
168.4
165.897
147.724
154.851
158.098
177.611
184.911
191.712
192.717
190.587
176.829
115.751
161.308
175.232
173.058
167.261
160.738
152.491
148.723
143.865
142.276
135.141
115.554
116.378
117.583
115.653
118.761
122.799
122.662
116.964
110.85
114.184
111.164
106.459
109.138
106.58
103.17
99.7509
93.4782
74.5122
69.4946
69.3123
62.3019
58.1385
64.4544
56.5501
29.3211
13.0802
36.0575
34.725
21.9483
43.6816
60.8148
59.9526
58.9392
56.3682
43.8956
26.82
27.1453
27.9272
31.3525
31.6112
35.217
38.6016
38.6691
41.746
41.157
43.6185
45.8751
45.2118
46.0128
46.4076
42.3974
38.1426
33.9069
21.619
8.56127
5.89988
8.37786
14.7825
13.0155
17.0166
28.9794
41.6423
51.2145
55.2312
55.5098
59.0925
63.5731
62.7377
67.3114
72.4223
79.239
83.7079
89.0415
92.7106
96.0791
96.2132
93.146
85.5719
85.8863
95.0203
98.1917
99.0128
95.6821
88.4891
79.0827
70.8088
61.4683
46.5961
32.9314
24.4327
5.90743
0.284358
0.00197648
5.96029e-006
0.000260484
0.000503966
8.30251e-005
0.000161933
0.000489675
0.00192799
0.0345085
0.206664
0.642495
1.58853
1.71774
2.7028
4.67531
8.53885
11.3048
8.23436
8.10476
10.855
16.6654
29.5056
42.6714
48.615
57.3776
63.1444
70.3111
75.3537
80.4459
83.4324
87.501
90.5359
92.6435
93.0217
92.032
96.3011
101.364
104.811
105.518
105.283
109.097
114.063
118.365
119.712
118.576
118.545
119.353
120.912
120.217
118.388
117.783
115.473
113.962
110.826
107.516
102.727
99.1516
93.9478
88.5059
85.4039
80.4381
78.1105
76.803
74.9822
66.2048
59.7171
50.4164
38.7672
28.6106
15.9766
6.36414
1.3627
0.29814
0.029371
0.00147274
5.20088e-005
1.46368e-006
1.94032e-007
5.95367e-007
2.23933e-006
4.65183e-006
1.43543e-005
2.28245e-005
0.000102823
0.000139333
3.61158e-005
2.12761e-006
1.28486e-005
7.5496e-005
0.00149724
0.0102225
0.0536362
0.278042
0.87283
1.08453
1.86785
5.06155
9.72258
14.5905
19.6751
19.7098
14.5533
6.8206
7.53996
8.48834
13.9895
23.5295
30.1392
31.1436
27.12
19.8702
19.8547
20.6687
23.939
30.0721
33.1146
34.4051
34.0614
35.2092
36.2472
36.0592
36.6721
37.5823
38.1135
38.6956
36.3974
35.5016
34.7478
33.335
33.9783
33.7321
30.8538
32.7967
31.6969
30.525
30.8333
31.0242
30.3491
29.3288
27.8561
25.9725
24.2835
22.9612
21.1786
19.911
18.4854
17.4976
16.2974
14.964
13.0771
12.3035
11.5972
11.0001
11.0282
11.6861
10.4071
8.92437
7.81213
6.78864
7.18938
6.58559
4.52744
3.80515
3.63499
3.74341
3.53511
2.61997
1.54782
1.91963
2.25042
1.5218
1.6102
1.43163
0.443103
1.20833
1.12396
0.738359
