L of Background 1
0.576365
0.892969
0.97172
1.01703
1.12252
1.172
1.17122
1.16784
0.984912
1.24079
1.26163
1.38735
1.47853
1.52484
1.58113
1.58409
1.58352
1.57774
1.59694
1.60723
1.55278
1.51903
1.5725
1.58604
1.56493
1.68439
1.79192
1.78722
1.93578
2.18601
2.40896
2.49092
2.63906
2.66032
2.7359
2.7879
2.76419
2.7163
2.59707
2.45758
2.36223
2.27509
2.21887
1.94201
1.95369
1.97681
1.98864
1.95859
1.85636
1.80918
1.79523
1.72283
1.69994
1.69772
1.65787
1.56736
1.46193
1.40453
1.40811
1.42036
1.39106
1.36889
1.36725
1.46219
1.54419
2.09384
2.92187
3.43189
4.26864
5.05396
5.21734
4.53435
5.25625
5.71579
7.46012
8.46246
9.36381
9.86746
10.0516
9.1077
4.55251
8.52291
10.2517
10.4494
10.4371
10.145
9.65151
9.6746
9.57657
9.75601
9.1213
7.04662
7.46432
7.79073
7.93058
8.503
9.22717
9.44459
9.21548
8.63672
9.37487
9.22422
8.83936
9.18811
9.13258
8.94972
8.76657
8.17229
5.90539
5.52482
5.75327
5.1271
4.86354
5.98475
5.21854
2.27374
0.939435
1.75677
1.80712
2.18601
3.00205
4.39292
4.58188
5.16701
6.08183
6.56741
6.79522
6.84124
6.97205
6.9201
6.89841
6.87543
6.81462
6.74555
6.6593
6.51231
6.35967
6.19508
6.04982
5.6961
5.34045
4.80457
4.01375
3.31819
1.95332
0.71917
0.466102
0.598767
1.00939
0.845798
1.06448
1.76911
2.50226
3.0386
3.32449
3.25707
3.40341
3.595
3.42375
3.59617
3.67294
3.93561
4.04733
4.19849
4.25664
4.20004
4.08526
3.82755
3.37392
3.2964
3.61216
3.65675
3.59971
3.29579
2.93097
2.50521
2.14196
1.77019
1.26415
0.844009
0.600144
0.137475
0.00642573
4.36666e-005
1.25478e-007
5.35275e-006
9.53128e-006
1.46712e-006
2.77224e-006
7.43715e-006
2.92447e-005
0.000516805
0.00298069
0.00886174
0.020955
0.0221573
0.033384
0.056105
0.102029
0.133656
0.0955884
0.0938523
0.126903
0.203148
0.372894
0.548118
0.632254
0.750668
0.826116
0.934089
1.00112
1.06938
1.11779
1.15662
1.17648
1.19486
1.17943
1.1461
1.19761
1.23982
1.25899
1.24719
1.23913
1.28559
1.34191
1.37344
1.37923
1.35446
1.34321
1.35435
1.37238
1.36078
1.33229
1.32121
1.28318
1.25569
1.20718
1.15918
1.10022
1.06279
1.00818
0.949611
0.923413
0.846979
0.796436
0.768379
0.72683
0.627176
0.553683
0.445911
0.327644
0.229171
0.12256
0.0475657
0.00982508
0.00204066
0.000188303
8.77809e-006
2.58629e-007
7.02529e-009
1.16305e-009
3.23566e-009
1.07353e-008
1.98349e-008
4.72282e-008
7.61113e-008
3.3995e-007
4.82634e-007
1.35295e-007
9.79195e-009
5.41654e-008
2.62044e-007
4.15316e-006
2.70651e-005
0.000133829
0.000682332
0.0022102
0.00292769
0.00568377
0.0171237
0.0358447
0.0581952
0.0850825
0.0902657
0.0699214
0.0339832
0.0382855
0.0434028
0.0726116
0.125331
0.164097
0.171376
0.150665
0.110264
0.11086
0.116003
0.135519
0.172797
0.192166
0.203653
0.203476
0.210659
0.216795
0.217881
0.222415
0.228366
0.233285
0.236274
0.224094
0.221168
0.218765
0.211705
0.218444
0.22242
0.204823
0.221696
0.21629
0.212194
0.218831
0.226997
0.228985
0.228872
0.220848
0.211371
0.203458
0.194636
0.181347
0.173306
0.165786
0.159691
0.153901
0.147184
0.137237
0.134837
0.128556
0.119006
0.10601
0.104672
0.0899373
0.0753686
0.0659481
0.0590301
0.0604625
0.0544993
0.0358887
0.0292658
0.0286143
0.0293171
0.0270776
0.0183843
0.0097155
0.0120203
0.0141469
0.00934653
0.00857899
0.00726495
0.00183795
0.00418387
0.00388123
0.00224583
L of Background 2
16.1099
24.7626
26.5216
26.7585
28.2934
28.2442
26.9164
25.8711
21.4472
27.0704
27.7137
30.4613
32.3174
33.1155
33.9145
33.6944
33.8262
34.0669
34.6229
34.5607
33.035
32.1448
33.0014
32.5964
31.2039
32.3092
32.3579
29.8932
29.8316
30.93
31.4583
30.6355
31.2438
30.6612
30.7883
30.8252
30.3891
30.2374
29.807
29.5821
29.9415
29.9593
29.8349
26.4981
27.1881
28.0045
28.5259
28.459
27.4694
27.3449
27.6264
26.8292
26.6682
26.9307
26.8279
26.0555
24.9643
24.5453
25.2711
26.1545
26.0986
25.8519
25.6753
25.322
21.2949
21.209
22.2309
21.9195
22.6092
23.0044
20.9275
15.8934
16.719
16.513
19.8213
20.8773
21.7608
22.0461
21.9106
19.4918
9.48325
17.4784
20.719
20.8421
20.6361
19.9134
18.8199
18.7569
18.4552
18.7055
17.3837
13.3232
14.0419
14.5836
14.7672
15.7507
17.0298
17.3864
16.9074
15.7764
17.0657
16.7988
16.0748
16.6223
16.42
16.0563
15.7408
14.6948
10.6162
9.94392
10.3726
9.25221
8.78494
10.8347
9.4462
4.11115
1.70768
3.22483
3.34499
4.07833
5.63744
8.31297
8.72514
9.90956
11.7132
12.4977
12.5219
12.1938
12.2173
12.0637
11.9557
11.8466
11.6877
11.5262
11.3581
11.0947
10.8106
10.5265
10.3387
9.8626
9.40496
8.57927
7.21452
5.96725
3.51167
1.299
0.855525
1.11864
1.92039
1.63527
2.10519
3.54597
5.02514
6.00553
6.36726
6.0388
6.16399
6.41827
6.00639
6.18001
6.22891
6.68694
6.97604
7.36594
7.57598
7.53608
7.36033
6.91895
6.12897
6.01565
6.59799
6.68529
6.6358
6.17778
5.61022
4.92149
4.37281
3.80185
2.8629
2.01085
1.47099
0.34237
0.0161749
0.000110419
2.70222e-007
1.28402e-005
2.86012e-005
4.56824e-006
8.69757e-006
3.39846e-005
0.000135423
0.00258169
0.0156736
0.049345
0.122494
0.13435
0.212274
0.366941
0.672628
0.877624
0.624454
0.609139
0.789361
1.16583
1.99304
2.81361
3.14911
3.62454
3.86849
4.23811
4.38626
4.51961
4.56718
4.59612
4.56899
4.52901
4.31231
4.02352
4.09444
4.19362
4.19862
4.04509
3.87801
3.91933
4.03818
4.09264
4.04088
3.87504
3.75892
3.74053
3.76065
3.69537
3.58407
3.53071
3.42942
3.38007
3.27365
3.12494
2.8882
2.67313
2.39904
2.12025
2.00449
1.93418
1.99194
2.06803
2.01185
1.73085
1.53812
1.28364
0.998509
0.733628
0.408757
0.164085
0.0373705
0.00871957
0.000946232
5.07682e-005
1.87434e-006
4.58094e-008
3.16095e-009
1.09636e-008
5.66997e-008
8.2852e-008
7.10566e-008
8.24526e-007
5.15294e-006
6.9661e-006
1.68877e-006
7.63289e-008
4.93718e-007
3.72582e-006
9.03245e-005
0.000626873
0.00336886
0.0175608
0.0538935
0.0659452
0.109436
0.290346
0.542939
0.79552
1.06008
1.02901
0.729594
0.328996
0.355073
0.393864
0.642535
1.07681
1.36806
1.38822
1.18943
0.84791
0.839471
0.869157
1.00723
1.27491
1.4006
1.45963
1.42685
1.45513
1.48313
1.46699
1.46994
1.48477
1.50819
1.51332
1.41102
1.36306
1.32422
1.26075
1.27923
1.26966
1.14986
1.21577
1.16565
1.13003
1.15721
1.19463
1.19735
1.18671
1.14682
1.10718
1.07606
1.04098
0.986042
0.946971
0.880145
0.822736
0.765703
0.692963
0.57438
0.479795
0.423464
0.404719
0.480259
0.547202
0.492899
0.420002
0.355658
0.304882
0.346926
0.343404
0.251997
0.22278
0.213441
0.226399
0.223483
0.186932
0.121431
0.158227
0.189576
0.136808
0.161392
0.14952
0.0517538
0.149477
0.145957
0.100513
L of Background Average
3.43081
5.2859
5.6804
5.76862
6.1456
6.18455
5.94624
5.75697
4.79218
6.05367
6.19743
6.82093
7.24944
7.44431
7.64828
7.61766
7.64968
7.69817
7.82603
7.83033
7.5054
7.31684
7.52905
7.47013
7.19807
7.51284
7.61366
7.14621
7.26142
7.68092
7.9692
7.88397
8.12599
8.03788
8.12781
8.18052
8.08162
8.01764
7.84226
7.69138
7.68565
7.62034
7.55484
6.70228
6.84792
7.02008
7.12797
7.09302
6.82153
6.76168
6.8073
6.59903
6.55211
6.60186
6.55156
6.33357
6.04255
5.91418
6.05734
6.23867
6.2057
6.14152
6.10766
6.11795
5.412
5.84337
6.71072
7.06242
7.87126
8.58124
8.31056
6.78242
7.52502
7.85399
9.90395
10.9164
11.8141
12.2755
12.3974
11.1629
5.53368
10.2985
12.3252
12.5084
12.4581
12.0816
11.4701
11.4762
11.3382
11.5317
10.7617
8.29533
8.77215
9.14112
9.28971
9.94333
10.777
11.0217
10.7431
10.0548
10.9025
10.7289
10.2768
10.6653
10.5808
10.3621
10.1529
9.46941
6.8439
6.40528
6.67355
5.94936
5.64535
6.9507
6.06103
2.64071
1.09302
2.05015
2.11446
2.56407
3.52816
5.17435
5.40773
6.1117
7.20263
7.74743
7.93492
7.90674
8.01633
7.94421
7.90543
7.86533
7.7851
7.69775
7.59522
7.42515
7.24641
7.05804
6.90437
6.52639
6.15049
5.55696
4.65213
3.84685
2.26457
0.835069
0.543962
0.702687
1.19144
1.00362
1.2725
2.12404
3.00582
3.6305
3.93138
3.81204
3.95419
4.15826
3.93908
4.11175
4.18301
4.48458
4.63157
4.83022
4.91862
4.86531
4.73837
4.44413
3.92358
3.83894
4.20771
4.2608
4.20535
3.87076
3.46555
2.98742
2.58726
2.17584
1.58349
1.07722
0.77423
0.178444
0.00837539
5.70163e-005
1.54425e-007
6.85015e-006
1.33451e-005
2.08734e-006
3.95732e-006
1.27467e-005
5.04795e-005
0.000929746
0.00551912
0.0169582
0.0412607
0.0445936
0.0691571
0.11826
0.216113
0.282386
0.201331
0.196872
0.259349
0.395575
0.696527
1.00031
1.13443
1.32392
1.43293
1.59295
1.67606
1.75726
1.8055
1.84237
1.85289
1.85969
1.80423
1.72006
1.77542
1.82898
1.84532
1.80534
1.76563
1.81106
1.87982
1.91592
1.91027
1.8574
1.82526
1.83054
1.84901
1.82673
1.78173
1.76222
1.71158
1.67975
1.61969
1.55162
1.4572
1.38434
1.28597
1.18347
1.13939
1.06416
1.0352
1.02792
0.983465
0.84764
0.750381
0.613334
0.461743
0.330023
0.179788
0.0708657
0.0153339
0.00337645
0.000339893
1.71764e-005
5.8177e-007
1.4782e-008
1.56263e-009
4.78128e-009
1.99283e-008
3.24386e-008
5.19939e-008
2.25791e-007
1.30252e-006
1.77928e-006
4.45972e-007
2.30987e-008
1.42075e-007
9.54797e-007
2.13876e-005
0.000147029
0.000780832
0.00405799
0.0125462
0.0155305
0.0264325
0.0717549
0.137224
0.20557
0.279892
0.277842
0.201776
0.0929675
0.101624
0.113473
0.18653
0.315448
0.404606
0.414438
0.358181
0.257669
0.25645
0.266498
0.30969
0.39296
0.433542
0.454519
0.447843
0.459231
0.469715
0.467366
0.471579
0.479295
0.487902
0.491313
0.46117
0.449262
0.439583
0.421267
0.430352
0.431635
0.393621
0.420286
0.40597
0.395583
0.406314
0.420317
0.422438
0.420229
0.405843
0.390337
0.377791
0.363732
0.342126
0.327891
0.308538
0.292197
0.276169
0.25626
0.224621
0.203799
0.187516
0.17613
0.180825
0.193125
0.170487
0.144266
0.123869
0.108184
0.117735
0.11226
0.0791
0.0679625
0.0655721
0.0687242
0.0663494
0.0520877
0.0320565
0.0412575
0.0492268
0.0348359
0.0391377
0.0357124
0.0118208
0.0332376
0.032292
0.0218982
L of Target
16.1099
24.7626
26.5216
26.7585
28.2934
28.2442
26.9164
25.8711
21.4472
27.0704
27.7137
30.4613
32.3174
33.1155
33.9145
33.6944
33.8262
34.0669
34.6229
34.5607
33.035
32.1448
33.0014
32.5964
31.2039
32.3092
32.3579
29.8932
29.8316
30.93
31.4583
30.6355
31.2438
30.6612
30.7883
30.8252
30.3891
30.2374
29.807
29.5821
29.9415
29.9593
29.8349
26.4981
27.1881
28.0045
28.5259
28.459
27.4694
27.3449
27.6264
26.8292
26.6682
26.9307
26.8279
26.0555
24.9643
24.5453
25.2711
26.1545
26.0986
25.8519
25.6753
25.322
21.2949
21.209
22.2309
21.9195
22.6092
23.0044
20.9275
15.8934
16.719
16.513
19.8213
20.8773
21.7608
22.0461
21.9106
19.4918
9.48325
17.4784
20.719
20.8421
20.6361
19.9134
18.8199
18.7569
18.4552
18.7055
17.3837
13.3232
14.0419
14.5836
14.7672
15.7507
17.0298
17.3864
16.9074
15.7764
17.0657
16.7988
16.0748
16.6223
16.42
16.0563
15.7408
14.6948
10.6162
9.94392
10.3726
9.25221
8.78494
10.8347
9.4462
4.11115
1.70768
3.22483
3.34499
4.07833
5.63744
8.31297
8.72514
9.90956
11.7132
12.4977
12.5219
12.1938
12.2173
12.0637
11.9557
11.8466
11.6877
11.5262
11.3581
11.0947
10.8106
10.5265
10.3387
9.8626
9.40496
8.57927
7.21452
5.96725
3.51167
1.299
0.855525
1.11864
1.92039
1.63527
2.10519
3.54597
5.02514
6.00553
6.36726
6.0388
6.16399
6.41827
6.00639
6.18001
6.22891
6.68694
6.97604
7.36594
7.57598
7.53608
7.36033
6.91895
6.12897
6.01565
6.59799
6.68529
6.6358
6.17778
5.61022
4.92149
4.37281
3.80185
2.8629
2.01085
1.47099
0.34237
0.0161749
0.000110419
2.70222e-007
1.28402e-005
2.86012e-005
4.56824e-006
8.69757e-006
3.39846e-005
0.000135423
0.00258169
0.0156736
0.049345
0.122494
0.13435
0.212274
0.366941
0.672628
0.877624
0.624454
0.609139
0.789361
1.16583
1.99304
2.81361
3.14911
3.62454
3.86849
4.23811
4.38626
4.51961
4.56718
4.59612
4.56899
4.52901
4.31231
4.02352
4.09444
4.19362
4.19862
4.04509
3.87801
3.91933
4.03818
4.09264
4.04088
3.87504
3.75892
3.74053
3.76065
3.69537
3.58407
3.53071
3.42942
3.38007
3.27365
3.12494
2.8882
2.67313
2.39904
2.12025
2.00449
1.93418
1.99194
2.06803
2.01185
1.73085
1.53812
1.28364
0.998509
0.733628
0.408757
0.164085
0.0373705
0.00871957
0.000946232
5.07682e-005
1.87434e-006
4.58094e-008
3.16095e-009
1.09636e-008
5.66997e-008
8.2852e-008
7.10566e-008
8.24526e-007
5.15294e-006
6.9661e-006
1.68877e-006
7.63289e-008
4.93718e-007
3.72582e-006
9.03245e-005
0.000626873
0.00336886
0.0175608
0.0538935
0.0659452
0.109436
0.290346
0.542939
0.79552
1.06008
1.02901
0.729594
0.328996
0.355073
0.393864
0.642535
1.07681
1.36806
1.38822
1.18943
0.84791
0.839471
0.869157
1.00723
1.27491
1.4006
1.45963
1.42685
1.45513
1.48313
1.46699
1.46994
1.48477
1.50819
1.51332
1.41102
1.36306
1.32422
1.26075
1.27923
1.26966
1.14986
1.21577
1.16565
1.13003
1.15721
1.19463
1.19735
1.18671
1.14682
1.10718
1.07606
1.04098
0.986042
0.946971
0.880145
0.822736
0.765703
0.692963
0.57438
0.479795
0.423464
0.404719
0.480259
0.547202
0.492899
0.420002
0.355658
0.304882
0.346926
0.343404
0.251997
0.22278
0.213441
0.226399
0.223483
0.186932
0.121431
0.158227
0.189576
0.136808
0.161392
0.14952
0.0517538
0.149477
0.145957
0.100513
