SNR of Background 1
6.22372
10.9414
12.8964
14.6007
16.9466
19.211
21.2315
23.1405
21.9347
28.0297
30.2101
34.0288
37.5841
40.0457
42.3151
43.917
45.2097
46.6301
48.0806
49.6486
50.1414
50.8957
52.9432
54.3642
54.145
56.325
57.5157
57.7316
59.6845
62.9832
65.3634
66.3216
67.9059
68.2725
69.0054
69.7595
70.0415
70.0235
69.5306
68.8703
68.3104
67.9522
67.7559
65.2572
65.7452
66.4656
66.08
64.9069
62.9901
61.1978
60.9133
59.8141
59.2923
59.0996
58.045
56.4526
54.425
53.67
53.7083
54.0822
53.7819
53.5282
53.7009
55.4953
56.7456
64.1699
71.5183
74.7358
78.4596
80.8346
81.199
78.6576
80.5853
81.6579
84.9366
86.1146
87.0869
87.3111
87.1477
85.5856
73.8213
83.5683
85.5111
85.2557
84.4675
83.5013
82.1515
81.4863
80.5765
80.271
78.7917
73.9107
74.149
74.5629
73.952
74.8367
75.9055
75.8729
74.3137
72.4972
73.5315
72.6073
71.0952
71.9946
71.1856
70.0326
68.8061
66.4158
57.8367
55.1338
54.9986
50.9177
48.3032
52.0998
47.1989
26.7721
12.3621
32.4423
31.3142
20.1311
37.5529
48.9093
48.3001
47.5699
45.7888
37.191
23.8625
24.2901
25.0273
27.9076
28.1496
31.1081
33.8083
33.8813
36.2572
35.816
37.6853
39.3528
38.8409
39.3632
39.5778
36.6032
33.3568
29.9838
19.7189
8.00355
5.52155
7.76719
13.5188
11.9297
15.4177
25.5022
35.3408
42.2651
45.1245
45.5568
48.047
50.9013
50.4696
53.3237
56.2069
59.6419
61.6384
63.8668
65.295
66.5842
66.6117
65.3838
62.169
62.2888
66.0712
67.2758
67.5398
66.1756
63.0799
58.5602
54.0002
48.251
38.1296
27.6931
20.7499
5.10529
0.246473
0.00171147
5.02182e-006
0.000218969
0.000397883
6.24862e-005
0.000120426
0.000329428
0.00132247
0.0235404
0.13855
0.420085
1.01362
1.07783
1.65664
2.82408
5.13026
6.80392
4.97002
4.9022
6.70587
10.6599
19.2812
27.8912
31.8275
37.3615
41.0054
45.2897
48.3479
51.338
53.1991
55.4326
57.0703
58.2798
58.873
58.9252
61.0114
63.1367
64.5903
65.1473
65.4283
67.0404
68.8328
70.2887
70.8508
70.7128
70.8943
71.2499
71.7779
71.6451
71.1714
71.0384
70.3184
69.7847
68.736
67.633
66.1059
65.1451
63.5831
61.7627
60.5755
57.8215
55.8878
54.5435
53.3386
48.6189
44.753
38.5543
30.1016
22.3265
12.497
4.94398
1.02665
0.215369
0.019828
0.000920879
2.70581e-005
7.40885e-007
1.22172e-007
3.35643e-007
1.11108e-006
2.02611e-006
4.75431e-006
7.63768e-006
3.39915e-005
4.75668e-005
1.32763e-005
9.6063e-007
5.3732e-006
2.60136e-005
0.000412608
0.00271482
0.0134335
0.0685289
0.224296
0.296522
0.574303
1.70566
3.55336
5.72726
8.21718
8.69937
6.7609
3.30357
3.74414
4.26902
7.13938
12.2231
15.9105
16.683
14.7213
10.9301
11.0064
11.5191
13.3982
16.8803
18.6744
19.5492
19.5649
20.3528
21.0285
21.0754
21.6091
22.2974
22.6505
23.0776
21.9121
21.587
21.3066
20.611
21.146
21.2158
19.5788
20.99
20.4511
19.807
20.0555
20.2094
19.8219
19.2289
18.2696
16.9916
15.8354
14.9114
13.6674
12.8253
12.0556
11.5564
10.9196
10.2493
9.3695
9.33121
9.02423
8.47804
7.66893
7.67088
6.69397
5.69656
5.05603
4.47631
4.52708
3.97081
2.58964
2.08932
2.01601
2.03745
1.85652
1.22295
0.637046
0.762138
0.882031
0.562951
0.498209
0.414318
0.10103
0.225803
0.201266
0.11424
SNR of Background 2
64.9374
77.2763
80.1334
81.7851
83.6963
85.1196
86.0792
86.9418
85.9309
89.4543
90.4698
91.8748
92.9288
93.542
94.0163
94.3289
94.6243
94.9598
95.2498
95.4907
95.5295
95.6344
95.9323
96.0715
95.9212
96.1105
96.0662
95.8021
95.7969
96.0084
96.0972
96.0318
96.1583
96.1213
96.1591
96.2246
96.2525
96.2942
96.3197
96.3782
96.4666
96.5397
96.5791
96.2416
96.3882
96.5583
96.5423
96.4095
96.1777
95.9703
95.9934
95.8602
95.8031
95.8156
95.7201
95.5609
95.3204
95.2878
95.4125
95.5876
95.6154
95.6001
95.6055
95.5695
94.7569
94.7715
95.0231
94.9707
95.0699
95.0472
94.5407
92.8125
92.9568
92.7838
93.7414
93.8639
94.0011
93.8915
93.662
92.7032
85.4487
91.2492
92.2634
92.0199
91.4895
90.8528
89.973
89.5085
88.8798
88.6353
87.6218
84.264
84.3612
84.5813
84.0892
84.6332
85.3217
85.2672
84.1434
82.7993
83.4867
82.8351
81.724
82.2991
81.6195
80.7374
79.836
78.0452
71.1406
68.8564
68.7753
65.1727
62.7843
66.3111
61.7945
39.7882
20.4047
46.8414
45.7567
33.2686
58.2171
69.9327
69.5734
69.1246
67.5949
58.2559
39.9812
39.5638
40.0703
43.8166
43.9478
47.574
50.7517
50.7137
53.4644
52.9115
54.9899
56.8441
56.4702
57.4934
58.3029
55.4245
51.7903
47.5616
33.1282
14.1797
10.0097
14.2219
24.588
22.1794
28.7343
45.0268
57.938
64.9633
66.7857
66.1756
67.803
69.9606
69.0435
70.9516
73.0201
75.8481
77.7468
79.7996
81.1197
82.1626
82.2668
81.5182
79.4047
79.5969
82.1976
82.9999
83.3345
82.7993
81.2185
78.6983
76.2934
73.0514
65.0528
53.9544
44.1544
12.4485
0.619956
0.00432774
1.08147e-005
0.000525262
0.00119396
0.000194566
0.000377823
0.00150534
0.00612389
0.117574
0.727686
2.32978
5.85908
6.45335
10.3015
17.6547
30.5784
38.5708
29.5168
29.0018
36.5121
49.0364
67.4264
77.8358
80.7489
84.138
85.7442
87.4139
88.2731
89.0142
89.2971
89.7884
90.1045
90.2443
90.0181
89.5216
89.9768
90.6227
90.9718
90.8523
90.5405
90.8255
91.323
91.7272
91.7477
91.4502
91.2786
91.2669
91.3775
91.2303
90.9461
90.8193
90.539
90.4129
90.0845
89.5587
88.5412
87.4653
85.7728
83.581
82.2905
81.6301
82.3472
83.0386
82.8893
79.7924
77.1154
72.7817
65.3878
55.7906
36.9957
16.4586
3.88035
0.918941
0.0996207
0.00532587
0.000196096
4.83105e-006
3.32041e-007
1.13728e-006
5.86834e-006
8.46321e-006
7.15303e-006
8.27403e-005
0.00051524
0.000686556
0.000165716
7.48817e-006
4.89767e-005
0.000369869
0.0089734
0.0628722
0.337941
1.75757
5.40577
6.58253
10.7738
26.511
44.1718
56.9257
66.0219
65.0462
53.4784
29.0359
31.1824
34.2064
49.7764
67.2086
74.4602
75.0436
70.564
59.8176
59.5424
60.7659
65.649
72.8052
75.442
76.2989
75.7492
76.4734
77.1364
76.792
77.0151
77.4709
77.7617
78.0408
76.16
75.1591
74.283
72.8172
73.1324
72.5091
69.4477
71.0056
69.6412
68.2171
68.4167
68.5234
67.675
66.3792
64.6658
62.4191
60.2541
58.4973
55.9588
53.868
50.7062
48.2228
45.1271
41.2557
34.9382
30.3949
27.6009
26.8349
31.4619
35.442
32.8618
28.9946
25.3366
21.8062
24.2333
23.4015
17.3894
15.3114
14.5158
15.1541
14.7722
12.0817
7.82612
9.80722
11.4974
8.09199
9.17447
8.3649
2.82848
7.92074
7.44077
5.05684
SNR of Background Average
28.3058
42.0834
46.3724
49.2084
52.7411
55.6258
57.754
59.721
57.7307
65.4955
67.9914
71.6984
74.68
76.5127
77.9973
79.0007
79.9289
80.9852
81.9301
82.7574
82.9251
83.3002
84.3316
84.8624
84.4398
85.1799
85.1804
84.5137
84.7318
85.6625
86.1865
86.1678
86.6872
86.6636
86.8609
87.1228
87.2322
87.3284
87.3216
87.3745
87.5151
87.6515
87.7312
86.6285
87.0524
87.5536
87.4665
87.0031
86.2073
85.4876
85.5185
85.0685
84.8715
84.8828
84.5282
83.9602
83.1423
82.9758
83.2969
83.7901
83.837
83.7753
83.8109
83.9055
82.126
83.3207
85.2179
85.8871
87.0382
87.7452
87.3068
84.6433
85.5939
85.9484
88.2146
88.8884
89.4829
89.5393
89.3192
87.9181
77.413
86.0041
87.6469
87.3758
86.6502
85.7689
84.5431
83.9247
83.083
82.785
81.4228
76.9305
77.1199
77.4728
76.8805
77.6663
78.6288
78.5848
77.1296
75.4213
76.3622
75.5066
74.0892
74.8983
74.1067
73.0134
71.8656
69.6167
61.3837
58.7551
58.635
54.6206
52.0255
55.8128
50.9349
29.8034
14.0976
35.9121
34.785
23.0438
42.5484
54.45
53.8994
53.2298
51.4452
42.2813
27.386
27.6137
28.3024
31.4231
31.6405
34.8028
37.6656
37.7108
40.2252
39.7467
41.706
43.4576
42.9747
43.651
44.0431
41.0293
37.613
33.959
22.5801
9.26005
6.42885
9.08132
15.8274
14.0556
18.2353
29.9208
40.8573
48.0789
50.7103
50.8069
53.1076
55.8428
55.2272
57.8725
60.5925
63.9645
66.0269
68.3182
69.7985
71.078
71.1409
70.0263
67.0424
67.2012
70.7649
71.8906
72.2101
71.1037
68.4198
64.3969
60.3889
55.23
45.231
34.0808
26.1135
6.60137
0.321208
0.0022347
6.1803e-006
0.000280224
0.000557092
8.89019e-005
0.000171906
0.000564614
0.00228272
0.0423483
0.256483
0.80327
1.9917
2.16421
3.41843
5.9086
10.6995
14.0599
10.315
10.1367
13.4295
20.063
33.5162
45.2851
49.8357
55.8734
59.3395
63.2134
65.6073
67.8203
68.9807
70.541
71.6273
72.3184
72.3273
71.8208
73.2485
74.8857
75.904
76.0296
75.8457
76.8682
78.1751
79.2335
79.5102
79.1661
79.0953
79.2544
79.6042
79.4122
78.9389
78.7668
78.1785
77.8104
77.0183
76.0355
74.4541
73.1569
71.1657
68.809
67.3959
65.3754
64.632
64.284
63.5004
58.8177
54.9502
48.7978
39.8577
30.8021
17.9745
7.32051
1.60036
0.356245
0.0357889
0.00180192
6.08656e-005
1.55891e-006
1.64146e-007
4.95974e-007
2.06255e-006
3.31355e-006
5.23406e-006
2.26579e-005
0.000130239
0.00017536
4.37625e-005
2.26608e-006
1.40938e-005
9.47847e-005
0.0021248
0.0147477
0.0783683
0.407282
1.2705
1.56884
2.65898
7.05568
13.2347
19.3426
25.3296
25.1477
18.7488
8.9072
9.77993
10.9574
17.7145
28.6835
35.5703
36.4705
32.2529
24.2519
24.188
25.0744
28.6615
35.0501
37.9887
39.1578
38.7592
39.7762
40.6889
40.4526
40.943
41.7053
42.1421
42.6153
40.4875
39.5773
38.8073
37.423
37.9595
37.6156
34.7822
36.5757
35.4604
34.276
34.544
34.7011
34.0039
32.9602
31.4938
29.6033
27.8781
26.517
24.6547
23.2851
21.6355
20.4615
19.0352
17.411
15.0544
13.8998
13.0008
12.3982
12.8759
13.8838
12.4738
10.7499
9.38588
8.1259
8.71807
8.09258
5.66592
4.82132
4.59255
4.74634
4.52144
3.44799
2.09551
2.60562
3.05478
2.09147
2.26441
2.0298
0.649058
1.78804
1.66948
1.11165
SNR of Target
64.9374
77.2763
80.1334
81.7851
83.6963
85.1196
86.0792
86.9418
85.9309
89.4543
90.4698
91.8748
92.9288
93.542
94.0163
94.3289
94.6243
94.9598
95.2498
95.4907
95.5295
95.6344
95.9323
96.0715
95.9212
96.1105
96.0662
95.8021
95.7969
96.0084
96.0972
96.0318
96.1583
96.1213
96.1591
96.2246
96.2525
96.2942
96.3197
96.3782
96.4666
96.5397
96.5791
96.2416
96.3882
96.5583
96.5423
96.4095
96.1777
95.9703
95.9934
95.8602
95.8031
95.8156
95.7201
95.5609
95.3204
95.2878
95.4125
95.5876
95.6154
95.6001
95.6055
95.5695
94.7569
94.7715
95.0231
94.9707
95.0699
95.0472
94.5407
92.8125
92.9568
92.7838
93.7414
93.8639
94.0011
93.8915
93.662
92.7032
85.4487
91.2492
92.2634
92.0199
91.4895
90.8528
89.973
89.5085
88.8798
88.6353
87.6218
84.264
84.3612
84.5813
84.0892
84.6332
85.3217
85.2672
84.1434
82.7993
83.4867
82.8351
81.724
82.2991
81.6195
80.7374
79.836
78.0452
71.1406
68.8564
68.7753
65.1727
62.7843
66.3111
61.7945
39.7882
20.4047
46.8414
45.7567
33.2686
58.2171
69.9327
69.5734
69.1246
67.5949
58.2559
39.9812
39.5638
40.0703
43.8166
43.9478
47.574
50.7517
50.7137
53.4644
52.9115
54.9899
56.8441
56.4702
57.4934
58.3029
55.4245
51.7903
47.5616
33.1282
14.1797
10.0097
14.2219
24.588
22.1794
28.7343
45.0268
57.938
64.9633
66.7857
66.1756
67.803
69.9606
69.0435
70.9516
73.0201
75.8481
77.7468
79.7996
81.1197
82.1626
82.2668
81.5182
79.4047
79.5969
82.1976
82.9999
83.3345
82.7993
81.2185
78.6983
76.2934
73.0514
65.0528
53.9544
44.1544
12.4485
0.619956
0.00432774
1.08147e-005
0.000525262
0.00119396
0.000194566
0.000377823
0.00150534
0.00612389
0.117574
0.727686
2.32978
5.85908
6.45335
10.3015
17.6547
30.5784
38.5708
29.5168
29.0018
36.5121
49.0364
67.4264
77.8358
80.7489
84.138
85.7442
87.4139
88.2731
89.0142
89.2971
89.7884
90.1045
90.2443
90.0181
89.5216
89.9768
90.6227
90.9718
90.8523
90.5405
90.8255
91.323
91.7272
91.7477
91.4502
91.2786
91.2669
91.3775
91.2303
90.9461
90.8193
90.539
90.4129
90.0845
89.5587
88.5412
87.4653
85.7728
83.581
82.2905
81.6301
82.3472
83.0386
82.8893
79.7924
77.1154
72.7817
65.3878
55.7906
36.9957
16.4586
3.88035
0.918941
0.0996207
0.00532587
0.000196096
4.83105e-006
3.32041e-007
1.13728e-006
5.86834e-006
8.46321e-006
7.15303e-006
8.27403e-005
0.00051524
0.000686556
0.000165716
7.48817e-006
4.89767e-005
0.000369869
0.0089734
0.0628722
0.337941
1.75757
5.40577
6.58253
10.7738
26.511
44.1718
56.9257
66.0219
65.0462
53.4784
29.0359
31.1824
34.2064
49.7764
67.2086
74.4602
75.0436
70.564
59.8176
59.5424
60.7659
65.649
72.8052
75.442
76.2989
75.7492
76.4734
77.1364
76.792
77.0151
77.4709
77.7617
78.0408
76.16
75.1591
74.283
72.8172
73.1324
72.5091
69.4477
71.0056
69.6412
68.2171
68.4167
68.5234
67.675
66.3792
64.6658
62.4191
60.2541
58.4973
55.9588
53.868
50.7062
48.2228
45.1271
41.2557
34.9382
30.3949
27.6009
26.8349
31.4619
35.442
32.8618
28.9946
25.3366
21.8062
24.2333
23.4015
17.3894
15.3114
14.5158
15.1541
14.7722
12.0817
7.82612
9.80722
11.4974
8.09199
9.17447
8.3649
2.82848
7.92074
7.44077
5.05684
