SNR of Background 1
90.9869
91.5026
91.5126
91.644
91.9509
92.411
93.0074
93.0487
92.5975
92.0216
91.9014
91.7303
91.1813
90.8325
90.7539
90.9205
90.1925
93.1049
94.1519
95.8647
97.4839
96.8886
97.7571
97.8537
97.7148
96.9437
97.271
97.8768
97.9066
97.9923
98.2088
97.6704
95.4734
95.0358
79.6814
82.6321
94.2168
97.0549
97.7147
97.7093
97.8199
97.8447
97.5984
97.5977
97.2025
94.7376
71.5862
48.7452
68.9483
89.6995
94.0232
94.625
94.5732
95.6922
96.2733
96.454
95.9782
95.488
95.8943
94.6255
90.9442
78.7386
0.000329602
0.0304396
0.452517
1.39362
6.15228
12.789
15.5743
42.1318
67.7069
78.2904
83.382
85.6662
86.8003
85.7527
86.8683
87.17
87.9044
88.561
88.0688
87.8353
87.6811
86.8587
86.2001
85.2911
83.5367
80.5405
76.7652
73.9345
66.0473
50.4421
27.3338
6.35169
0.747877
12.7215
21.0027
11.397
34.5871
39.436
36.6652
51.4122
55.1505
56.954
58.4121
56.6266
55.5548
54.0495
56.1857
54.6736
53.319
49.0597
45.9915
40.1354
34.607
28.941
21.3551
17.9517
12.9146
11.5502
7.06493
7.82121
4.07294
2.07727
0.302502
0.0788796
SNR of Background 2
91.0758
91.6123
91.6601
91.8428
92.1925
92.6803
93.2816
93.3429
92.9723
92.4982
92.4535
92.3848
91.9425
91.6534
91.5489
91.6857
91.011
93.4707
94.0721
95.342
97.0291
96.2431
97.2113
97.3321
97.1682
96.1949
96.5415
97.2965
97.3259
97.4422
97.7248
97.0829
94.3554
93.9037
75.6891
78.4081
92.6722
96.3164
97.1477
97.1299
97.2536
97.2747
96.9636
96.98
96.5324
93.6269
67.2988
43.7222
63.7572
87.5622
92.9993
93.8012
93.7479
95.0141
95.6714
95.8943
95.3536
94.7916
95.3123
93.9685
90.0838
77.3342
0.000329602
0.0304396
0.452517
1.34184
6.03971
13.0204
16.0638
44.1782
70.5754
80.6387
85.2212
87.1994
88.1528
87.1413
88.1087
88.3496
88.9464
89.5157
89.1332
89.0266
88.9533
88.2321
87.6639
86.9306
85.4879
82.9082
79.5162
76.9285
69.5298
53.9069
29.3878
6.84055
0.747878
11.7473
20.5398
9.16709
35.3964
41.6792
38.1982
53.5216
57.5503
59.5127
61.3222
59.595
58.3326
56.2529
57.6639
55.475
53.2353
48.2084
44.7584
38.0378
31.2734
23.9403
13.5884
8.44353
3.71074
2.71635
1.83428
1.90781
1.14883
0.928152
0.302557
0.07888
SNR of Background 3
92.3715
92.8868
93.0005
93.1723
93.3666
93.5593
93.9359
93.9528
93.7597
93.5018
93.5898
93.6386
93.3704
93.2912
93.468
93.7375
92.708
93.519
93.0168
93.6467
95.6759
94.3112
95.7305
95.8358
95.4794
93.8211
94.3664
95.5755
95.5842
95.7326
96.1977
94.9427
89.956
89.2466
62.3341
66.1409
87.1741
93.3835
94.8269
94.7164
94.909
94.8956
94.2285
94.1704
93.1926
87.3211
48.4949
28.8243
46.6093
77.4047
86.7219
88.188
88.06
90.4104
91.6131
91.9635
90.8057
89.605
90.616
87.9729
81.3412
65.119
0.000332257
0.039674
0.818537
2.89796
10.8225
20.1255
21.6357
50.833
73.8878
81.8948
85.4119
86.6467
86.9312
85.0834
85.5699
85.3215
85.5788
85.9731
85.2011
84.8975
84.795
83.8082
83.0215
82.0451
80.2318
77.1261
73.4461
71.247
64.0488
49.6545
28.6748
7.97013
5.23781
37.9426
52.7007
32.5179
63.6885
66.832
61.4205
73.4888
75.2911
75.961
76.3353
73.9607
72.1213
70
71.4884
70.6461
70.5186
68.1343
66.3888
61.8782
57.6225
52.3727
44.5953
40.8736
31.477
30.4591
20.4535
21.001
12.2764
9.05061
1.69319
0.815443
SNR of Background Average
91.1809
91.7061
91.745
91.9026
92.2122
92.6494
93.2213
93.2678
92.881
92.3869
92.326
92.2279
91.7611
91.4756
91.4271
91.6013
90.8376
93.2976
94.0218
95.5032
97.1922
96.4838
97.431
97.539
97.3796
96.4845
96.8364
97.5331
97.563
97.664
97.9185
97.3037
94.761
94.2944
77.0274
80.0184
93.2647
96.5863
97.3521
97.3393
97.4609
97.4845
97.1949
97.1987
96.7547
93.948
68.3613
45.0996
65.3678
88.2124
93.2433
93.9648
93.9084
95.1539
95.7998
96.007
95.4726
94.9195
95.3995
94.0239
90.0666
77.2323
0.000329986
0.0314141
0.496477
1.52405
6.58321
13.6425
16.3955
43.906
69.5873
79.67
84.3719
86.4137
87.3863
86.2799
87.2804
87.5137
88.1549
88.7577
88.2942
88.113
87.9986
87.2063
86.5763
85.7382
84.1122
81.281
77.6658
74.9795
67.3368
51.7977
28.2971
6.71004
1.65236
15.3065
25.0054
12.9206
39.0456
44.2662
40.5934
55.5133
59.0763
60.7558
62.1633
60.2199
58.8972
57.0235
58.8047
57.1259
55.6404
51.3507
48.3155
42.2429
36.357
30.0233
21.2402
17.0852
11.4738
10.3155
6.45469
6.92717
3.76879
2.33862
0.484499
0.152993
SNR of Target
92.4673
92.9899
93.1152
93.2923
93.4841
93.6664
94.0224
94.0188
93.8074
93.5353
93.6084
93.6483
93.3784
93.3017
93.4837
93.7584
92.7357
93.5453
93.0461
93.6789
95.7072
94.369
95.7857
95.8976
95.5564
93.9396
94.4841
95.673
95.6876
95.8388
96.2933
95.0861
90.2724
89.6046
63.2869
67.1305
87.6755
93.6542
95.0453
94.9455
95.1322
95.1266
94.4997
94.4533
93.5355
87.9833
50.0787
30.0702
48.3225
78.684
87.5489
88.9381
88.8234
91.0276
92.1548
92.4882
91.4161
90.3056
91.2607
88.8142
82.6237
67.1744
0.000332833
0.0410107
0.8623
3.0815
11.5968
21.5665
23.2581
53.6842
76.1414
83.5857
86.8052
87.9327
88.1972
86.525
86.9756
86.754
86.9876
87.3474
86.6551
86.3835
86.2876
85.3879
84.6606
83.7554
82.0889
79.2303
75.8191
73.7814
66.9553
52.799
31.0444
8.66414
5.69682
40.5538
55.6178
35.0758
66.6106
69.7207
64.6894
76.2265
77.9432
78.5231
78.8364
76.6525
74.9826
73.0205
74.4222
73.5401
73.1231
70.6062
68.8988
64.6154
60.5594
55.3794
47.4445
43.6222
33.9038
32.8221
22.2358
22.8564
13.4279
9.97152
1.93862
0.82896
