L of Background 1
0.452615
0.705112
0.772443
0.820107
0.920208
0.975852
0.987321
0.992283
0.840981
1.06258
1.08322
1.19438
1.27559
1.3176
1.3694
1.37305
1.36976
1.36092
1.37577
1.38569
1.33956
1.30936
1.35415
1.36734
1.3536
1.46386
1.57018
1.58352
1.7362
1.98375
2.20851
2.30191
2.45223
2.47949
2.55584
2.60991
2.5915
2.54532
2.42685
2.2853
2.18428
2.09449
2.03717
1.78061
1.78976
1.81023
1.81835
1.78583
1.68704
1.63991
1.62495
1.55856
1.53701
1.53183
1.48988
1.40249
1.30442
1.25077
1.24944
1.25425
1.22384
1.20303
1.20222
1.30161
1.41007
1.97645
2.83488
3.36718
4.23098
5.04396
5.22619
4.53789
5.27898
5.74931
7.55943
8.60137
9.52854
10.0427
10.2295
9.23889
4.53458
8.59873
10.4329
10.6387
10.6254
10.3233
9.81434
9.84061
9.74229
9.92984
9.27708
7.12842
7.56037
7.87199
8.04664
8.6392
9.3988
9.63243
9.41319
8.83061
9.58839
9.4396
9.04956
9.40961
9.35922
9.17853
8.98611
8.35903
5.99919
5.60256
5.83384
5.18628
4.91225
6.06312
5.26981
2.269
0.924126
1.73992
1.7867
2.1639
2.98349
4.38781
4.5733
5.15416
6.07519
6.55153
6.74504
6.75953
6.87928
6.83389
6.8163
6.79725
6.74502
6.68403
6.60195
6.45801
6.30804
6.14467
5.99855
5.64484
5.28702
4.74589
3.95813
3.27379
1.91811
0.699698
0.452378
0.583283
0.986766
0.823788
1.03857
1.73594
2.46624
2.9979
3.2857
3.21732
3.35878
3.5473
3.38488
3.5532
3.63135
3.8931
4.00489
4.1558
4.21295
4.15482
4.03834
3.78034
3.32643
3.24988
3.56881
3.61533
3.55772
3.25325
2.88944
2.46689
2.10633
1.73715
1.23668
0.822117
0.583692
0.133098
0.0061978
4.22349e-005
1.30614e-007
5.43129e-006
9.68734e-006
1.55313e-006
2.96271e-006
7.6749e-006
2.92136e-005
0.000497122
0.00284321
0.00841989
0.0198781
0.0209813
0.0315521
0.0529395
0.0961893
0.12581
0.0897007
0.0878004
0.118332
0.189189
0.348165
0.51383
0.59484
0.708159
0.781172
0.88549
0.951468
1.01878
1.06713
1.10621
1.12695
1.14615
1.13278
1.10213
1.15327
1.19503
1.21419
1.20344
1.19674
1.24302
1.2985
1.3296
1.33559
1.3119
1.30154
1.31318
1.33137
1.32043
1.29302
1.2825
1.24546
1.21816
1.16925
1.12371
1.06816
1.03144
0.977276
0.921231
0.896039
0.821224
0.771158
0.742994
0.70191
0.604642
0.532992
0.428299
0.313617
0.218862
0.116736
0.0452366
0.00931919
0.00193512
0.000179497
8.55583e-006
2.82843e-007
8.56965e-009
1.53777e-009
4.52071e-009
1.48795e-008
3.62406e-008
1.39273e-007
1.29122e-007
3.97266e-007
5.59661e-007
1.61754e-007
1.25067e-008
6.90188e-008
3.04413e-007
4.07066e-006
2.55434e-005
0.000122272
0.00060856
0.00194172
0.00254706
0.00488429
0.0146492
0.0306351
0.0497295
0.0726913
0.0770467
0.0595754
0.0289283
0.0327328
0.0373986
0.0631181
0.109612
0.144179
0.151286
0.133631
0.098276
0.0992433
0.104266
0.122285
0.156438
0.174567
0.185492
0.185798
0.193045
0.19926
0.200531
0.204915
0.210572
0.215421
0.218455
0.207278
0.204613
0.20236
0.195759
0.20207
0.20591
0.189762
0.205199
0.199874
0.195933
0.202205
0.210128
0.212177
0.21186
0.204256
0.195339
0.187644
0.178912
0.166212
0.158662
0.151383
0.145301
0.13928
0.132003
0.122069
0.120106
0.114529
0.105855
0.0938097
0.0916872
0.077994
0.0645837
0.0558156
0.0495329
0.0503801
0.0451157
0.0293134
0.0234603
0.0224791
0.0227007
0.020719
0.0136874
0.00701244
0.00862362
0.0101336
0.00659223
0.00569377
0.00470634
0.00113115
0.00257418
0.0023994
0.00142033
L of Background Average
0.452615
0.705112
0.772443
0.820107
0.920208
0.975852
0.987321
0.992283
0.840981
1.06258
1.08322
1.19438
1.27559
1.3176
1.3694
1.37305
1.36976
1.36092
1.37577
1.38569
1.33956
1.30936
1.35415
1.36734
1.3536
1.46386
1.57018
1.58352
1.7362
1.98375
2.20851
2.30191
2.45223
2.47949
2.55584
2.60991
2.5915
2.54532
2.42685
2.2853
2.18428
2.09449
2.03717
1.78061
1.78976
1.81023
1.81835
1.78583
1.68704
1.63991
1.62495
1.55856
1.53701
1.53183
1.48988
1.40249
1.30442
1.25077
1.24944
1.25425
1.22384
1.20303
1.20222
1.30161
1.41007
1.97645
2.83488
3.36718
4.23098
5.04396
5.22619
4.53789
5.27898
5.74931
7.55943
8.60137
9.52854
10.0427
10.2295
9.23889
4.53458
8.59873
10.4329
10.6387
10.6254
10.3233
9.81434
9.84061
9.74229
9.92984
9.27708
7.12842
7.56037
7.87199
8.04664
8.6392
9.3988
9.63243
9.41319
8.83061
9.58839
9.4396
9.04956
9.40961
9.35922
9.17853
8.98611
8.35903
5.99919
5.60256
5.83384
5.18628
4.91225
6.06312
5.26981
2.269
0.924126
1.73992
1.7867
2.1639
2.98349
4.38781
4.5733
5.15416
6.07519
6.55153
6.74504
6.75953
6.87928
6.83389
6.8163
6.79725
6.74502
6.68403
6.60195
6.45801
6.30804
6.14467
5.99855
5.64484
5.28702
4.74589
3.95813
3.27379
1.91811
0.699698
0.452378
0.583283
0.986766
0.823788
1.03857
1.73594
2.46624
2.9979
3.2857
3.21732
3.35878
3.5473
3.38488
3.5532
3.63135
3.8931
4.00489
4.1558
4.21295
4.15482
4.03834
3.78034
3.32643
3.24988
3.56881
3.61533
3.55772
3.25325
2.88944
2.46689
2.10633
1.73715
1.23668
0.822117
0.583692
0.133098
0.0061978
4.22349e-005
1.30614e-007
5.43129e-006
9.68734e-006
1.55313e-006
2.96271e-006
7.6749e-006
2.92136e-005
0.000497122
0.00284321
0.00841989
0.0198781
0.0209813
0.0315521
0.0529395
0.0961893
0.12581
0.0897007
0.0878004
0.118332
0.189189
0.348165
0.51383
0.59484
0.708159
0.781172
0.88549
0.951468
1.01878
1.06713
1.10621
1.12695
1.14615
1.13278
1.10213
1.15327
1.19503
1.21419
1.20344
1.19674
1.24302
1.2985
1.3296
1.33559
1.3119
1.30154
1.31318
1.33137
1.32043
1.29302
1.2825
1.24546
1.21816
1.16925
1.12371
1.06816
1.03144
0.977276
0.921231
0.896039
0.821224
0.771158
0.742994
0.70191
0.604642
0.532992
0.428299
0.313617
0.218862
0.116736
0.0452366
0.00931919
0.00193512
0.000179497
8.55583e-006
2.82843e-007
8.56965e-009
1.53777e-009
4.52071e-009
1.48795e-008
3.62406e-008
1.39273e-007
1.29122e-007
3.97266e-007
5.59661e-007
1.61754e-007
1.25067e-008
6.90188e-008
3.04413e-007
4.07066e-006
2.55434e-005
0.000122272
0.00060856
0.00194172
0.00254706
0.00488429
0.0146492
0.0306351
0.0497295
0.0726913
0.0770467
0.0595754
0.0289283
0.0327328
0.0373986
0.0631181
0.109612
0.144179
0.151286
0.133631
0.098276
0.0992433
0.104266
0.122285
0.156438
0.174567
0.185492
0.185798
0.193045
0.19926
0.200531
0.204915
0.210572
0.215421
0.218455
0.207278
0.204613
0.20236
0.195759
0.20207
0.20591
0.189762
0.205199
0.199874
0.195933
0.202205
0.210128
0.212177
0.21186
0.204256
0.195339
0.187644
0.178912
0.166212
0.158662
0.151383
0.145301
0.13928
0.132003
0.122069
0.120106
0.114529
0.105855
0.0938097
0.0916872
0.077994
0.0645837
0.0558156
0.0495329
0.0503801
0.0451157
0.0293134
0.0234603
0.0224791
0.0227007
0.020719
0.0136874
0.00701244
0.00862362
0.0101336
0.00659223
0.00569377
0.00470634
0.00113115
0.00257418
0.0023994
0.00142033
L of Target
1.37513
2.17289
2.40878
2.55258
2.81966
2.9221
2.88941
2.86677
2.44537
3.16164
3.31166
3.73227
4.06329
4.2676
4.48453
4.56186
4.67379
4.79049
4.95217
5.02524
4.87374
4.79823
4.97402
4.96315
4.80214
5.02087
5.08534
4.75931
4.8052
5.03887
5.16762
5.03907
5.10198
4.93365
4.85689
4.7413
4.52774
4.32751
4.08283
3.86053
3.7289
3.59594
3.48196
3.02224
3.01374
3.01688
2.98964
2.91533
2.75699
2.70241
2.70743
2.62094
2.60779
2.63432
2.62222
2.54457
2.44367
2.41401
2.50048
2.60363
2.62183
2.62178
2.63206
2.67323
2.41906
2.71879
3.26707
3.53031
4.05203
4.52716
4.47475
3.72133
4.20884
4.47327
5.78335
6.50515
7.17777
7.59498
7.80661
7.12067
3.53332
6.72269
8.17677
8.36521
8.38714
8.1863
7.8225
7.88183
7.84278
8.0325
7.54058
5.82389
6.20339
6.48268
6.64833
7.15949
7.8095
8.02618
7.86256
7.39567
8.05739
7.96746
7.66796
7.99312
7.96643
7.84009
7.71516
7.21808
5.21318
4.89818
5.12515
4.581
4.36147
5.40758
4.72235
2.04272
0.837955
1.59108
1.64799
2.01467
2.79892
4.14487
4.34832
4.93533
5.85404
6.3304
6.48462
6.44692
6.53829
6.49899
6.48391
6.46712
6.42057
6.36767
6.29939
6.17152
6.03435
5.88981
5.77723
5.48083
5.18546
4.6969
3.94104
3.27094
1.92209
0.704439
0.459376
0.598142
1.02338
0.862782
1.10336
1.86311
2.65825
3.2137
3.47496
3.35876
3.48231
3.67427
3.50875
3.68449
3.7672
4.03973
4.15617
4.31795
4.38895
4.33801
4.22472
3.96477
3.50025
3.42847
3.76811
3.82292
3.78354
3.49507
3.14363
2.72643
2.3807
2.02319
1.48781
1.02114
0.739568
0.170936
0.00804527
5.52186e-005
1.74644e-007
7.50071e-006
1.34092e-005
2.18682e-006
4.34093e-006
1.24655e-005
5.26452e-005
0.000995033
0.0059671
0.0185267
0.0457223
0.0497436
0.0776127
0.133329
0.245081
0.32155
0.229483
0.224197
0.293773
0.444537
0.779441
1.12075
1.27362
1.48747
1.6101
1.7883
1.87751
1.9624
2.00881
2.04169
2.04644
2.04752
1.9752
1.86923
1.92109
1.97852
1.99443
1.9424
1.88707
1.92762
1.99906
2.03757
2.02762
1.96231
1.91939
1.9207
1.93826
1.91189
1.8604
1.8365
1.78246
1.75114
1.69292
1.63732
1.5656
1.52173
1.45195
1.37833
1.34887
1.24612
1.18462
1.16243
1.11971
0.977606
0.868994
0.70492
0.527558
0.378371
0.208582
0.0833874
0.018637
0.00425034
0.000453687
2.42628e-005
8.60213e-007
2.26143e-008
3.32289e-009
1.11788e-008
5.42319e-008
9.07198e-008
1.51471e-007
3.76885e-007
1.93983e-006
2.64066e-006
6.79952e-007
4.27681e-008
2.86322e-007
1.40009e-006
2.47347e-005
0.000178244
0.000962712
0.00498588
0.0155137
0.019219
0.032771
0.0899319
0.172829
0.258708
0.352585
0.351481
0.25753
0.118679
0.128383
0.142289
0.233802
0.397036
0.511821
0.527352
0.459081
0.332652
0.331294
0.343589
0.398382
0.505087
0.557547
0.583814
0.575424
0.589919
0.601924
0.596385
0.598107
0.605792
0.615998
0.620217
0.580863
0.56414
0.550798
0.526883
0.538206
0.54201
0.493108
0.525854
0.507834
0.495674
0.51054
0.528614
0.529384
0.525305
0.504777
0.480251
0.458216
0.434493
0.404653
0.3903
0.375897
0.364366
0.354118
0.34315
0.323653
0.324196
0.318732
0.30694
0.286015
0.291942
0.261134
0.230188
0.2128
0.195755
0.210248
0.200198
0.147673
0.132912
0.134504
0.14453
0.140653
0.109511
0.0676839
0.0914179
0.112165
0.0843206
0.0970744
0.0888539
0.0277711
0.0661083
0.0618479
0.0368984
