L of Background 1
15.2519
23.4617
25.1442
25.3882
26.8633
26.8339
25.5929
24.6157
20.4204
25.7912
26.421
29.0962
30.855
31.6223
32.4019
32.206
32.3518
32.6149
33.145
33.0843
31.643
30.812
31.633
31.2505
30.0594
31.2086
31.0999
28.687
28.6347
29.7032
30.199
29.4044
30.0247
29.5801
29.6699
29.6198
29.1853
29.0302
28.6592
28.6465
28.9171
28.8161
28.7905
26.8955
27.5215
27.5705
27.4794
27.3681
26.4438
26.3463
26.6353
26.0177
25.9153
26.1403
26.0173
25.6741
25.1326
24.4699
24.8388
25.4219
25.3323
25.0963
24.9393
24.6307
20.5582
21.3172
23.172
22.9588
23.1806
23.1552
21.9997
18.9284
19.5813
19.6235
21.3529
21.4864
21.5767
21.6633
21.5198
19.0922
8.91696
17.1734
20.4156
20.4921
20.2989
19.9591
19.2944
19.1811
19.004
18.9268
18.3508
15.783
15.8238
16.2772
16.2504
16.9876
17.4326
17.3632
16.8114
15.6667
16.8583
16.5609
15.8452
16.3891
16.2176
15.924
15.7326
15.3444
12.8553
12.0812
12.4262
11.6467
11.6322
12.8015
12.2149
7.79393
4.81487
6.58451
6.79026
7.41815
8.77792
10.5291
10.7517
11.5578
12.4559
12.6502
12.5312
12.2114
12.2009
12.0054
11.9056
11.7422
11.5559
11.391
11.2225
10.9613
10.6952
10.4978
10.4568
10.2067
9.93086
9.41879
8.77709
8.08202
5.94248
3.59285
2.94784
3.24893
4.26627
3.94179
4.45972
5.81195
7.00994
7.53037
7.45222
7.16113
7.24584
7.36031
6.93161
6.91513
7.0042
7.18168
7.32786
7.50476
7.55017
7.47029
7.29043
6.84695
6.03073
5.94254
6.6027
6.75193
6.90956
6.76198
6.40632
5.91174
5.52371
5.16245
4.47101
3.80602
3.34524
1.57019
0.270424
0.0152766
0.00091763
0.0158743
0.0390596
0.0163939
0.0289335
0.0517416
0.0831879
0.20188
0.412624
0.645532
0.921893
0.897699
1.15067
1.47097
1.99136
2.21402
1.85963
1.81804
2.10661
2.52738
3.30486
3.86841
4.00043
4.35174
4.4885
4.62204
4.6301
4.61472
4.60973
4.60393
4.55487
4.5174
4.29791
3.99195
4.07025
4.18211
4.18969
4.02876
3.84692
3.89828
4.02212
4.06932
4.02189
3.86492
3.74994
3.74433
3.7743
3.71876
3.60903
3.56531
3.46495
3.44371
3.37826
3.24085
3.02548
2.81782
2.56331
2.30978
2.1791
2.16024
2.27457
2.38704
2.35862
2.17363
2.12508
1.93529
1.72184
1.52773
1.16301
0.684969
0.379774
0.195286
0.0738617
0.0262524
0.00708458
0.000660258
0.000326568
0.000874682
0.00172194
0.00237901
0.000991166
0.00591469
0.0193404
0.0224896
0.00748824
0.00134076
0.00587768
0.0124431
0.0325612
0.0713196
0.129011
0.237816
0.355154
0.31646
0.349575
0.583304
0.914491
1.22156
1.46935
1.421
1.02862
0.414224
0.408812
0.476581
0.790044
1.27555
1.53621
1.50769
1.27351
0.901909
0.89185
0.926217
1.08922
1.37102
1.48428
1.52585
1.52436
1.54009
1.54335
1.53278
1.52853
1.53072
1.53638
1.52604
1.47164
1.43846
1.39209
1.3362
1.3489
1.33857
1.27965
1.30133
1.2432
1.21616
1.23572
1.24148
1.23045
1.19403
1.15923
1.11917
1.08409
1.0458
0.98967
0.948979
0.880914
0.823267
0.766778
0.695972
0.583599
0.494052
0.44311
0.432773
0.526021
0.596517
0.557038
0.493419
0.422281
0.36973
0.417754
0.420771
0.337459
0.333835
0.313163
0.322229
0.324263
0.307779
0.250328
0.286616
0.316514
0.258291
0.287432
0.275587
0.17138
0.323686
0.333121
0.299778
L of Background 2
0.743877
1.14672
1.23984
1.28292
1.39893
1.44314
1.42482
1.40749
1.18068
1.48505
1.50902
1.65801
1.76052
1.80963
1.86886
1.86624
1.86398
1.85843
1.87829
1.88379
1.81422
1.7709
1.82738
1.83396
1.80584
1.93396
2.02718
1.99561
2.13716
2.38783
2.60503
2.67445
2.8238
2.8472
2.91613
2.95598
2.92463
2.87275
2.75443
2.6321
2.53236
2.43533
2.38447
2.19028
2.19969
2.16877
2.13713
2.10166
1.99519
1.94796
1.93565
1.86812
1.84636
1.84197
1.79887
1.72955
1.64996
1.57241
1.55777
1.55716
1.52439
1.49981
1.49635
1.58763
1.62772
2.2567
3.19505
3.74663
4.52842
5.2416
5.6427
5.50405
6.272
6.89579
8.15152
8.83168
9.41261
9.82471
9.99786
9.03045
4.33127
8.4692
10.2108
10.382
10.3722
10.2685
9.98725
9.98461
9.94957
9.95985
9.70966
8.40965
8.47583
8.76102
8.79271
9.23764
9.51816
9.50617
9.23466
8.6426
9.3313
9.16218
8.77802
9.12542
9.08447
8.93841
8.82246
8.58878
7.19212
6.75158
6.93269
6.49165
6.4749
7.11106
6.78273
4.3326
2.66586
3.60717
3.68969
3.9984
4.70057
5.59735
5.67862
6.06212
6.50667
6.68772
6.84037
6.88865
6.99941
6.92274
6.90456
6.84908
6.77105
6.69875
6.61134
6.46437
6.32109
6.20647
6.14605
5.92002
5.6637
5.29676
4.90264
4.51183
3.31789
1.99597
1.61412
1.74807
2.25348
2.04718
2.26867
2.91442
3.50566
3.82484
3.90771
3.87948
4.01606
4.13834
3.96579
4.03876
4.14444
4.24171
4.26723
4.29433
4.25863
4.17973
4.06248
3.80256
3.33302
3.2692
3.62863
3.70699
3.76125
3.61952
3.35852
3.02038
2.7158
2.4105
1.97736
1.60402
1.36824
0.630799
0.107247
0.00641267
0.000804039
0.00697724
0.0121109
0.0046487
0.0085073
0.0108183
0.0173235
0.0409776
0.0799932
0.117684
0.160084
0.14979
0.183627
0.228214
0.306095
0.341766
0.288373
0.283421
0.342035
0.443319
0.62296
0.760035
0.810696
0.909248
0.966341
1.02697
1.06498
1.1004
1.13691
1.16721
1.18136
1.20022
1.18338
1.1444
1.19798
1.24394
1.2638
1.24926
1.23603
1.28558
1.34358
1.37272
1.37974
1.35754
1.34635
1.36198
1.38361
1.37546
1.34748
1.33997
1.30204
1.28475
1.25113
1.20741
1.1576
1.12508
1.0825
1.03825
1.00687
0.948746
0.912528
0.890754
0.856064
0.791288
0.767782
0.673356
0.565863
0.477067
0.34846
0.195626
0.0958458
0.0418993
0.0127554
0.0032608
0.000723769
7.32387e-005
3.85953e-005
8.08711e-005
0.000143362
0.000205149
7.17541e-005
0.000271838
0.000887329
0.00111892
0.000412052
8.83515e-005
0.000324027
0.000653199
0.00142249
0.00302843
0.00523312
0.00939277
0.0147399
0.0142786
0.0182512
0.034722
0.061351
0.0906901
0.119661
0.126561
0.0998892
0.0431629
0.0445654
0.0530984
0.0902414
0.149978
0.186078
0.187941
0.162875
0.118392
0.11886
0.124746
0.14787
0.187484
0.205428
0.21477
0.219223
0.224807
0.227459
0.229486
0.233099
0.237255
0.239481
0.240088
0.235544
0.235066
0.23163
0.225939
0.231917
0.236105
0.229493
0.238754
0.23214
0.229776
0.235104
0.237352
0.236758
0.231697
0.2246
0.214994
0.206278
0.196784
0.183197
0.174816
0.167004
0.160812
0.155084
0.148737
0.140247
0.139632
0.135208
0.12767
0.116764
0.11487
0.102252
0.0891838
0.0788709
0.0721049
0.0734138
0.0671779
0.0484559
0.0442787
0.0424076
0.0421832
0.0394752
0.0306217
0.0202247
0.0221682
0.0239865
0.0179603
0.0157005
0.0135356
0.00622057
0.00944284
0.00907117
0.00694198
L of Background Average
3.42644
5.27775
5.67003
5.75616
6.13026
6.16683
5.92742
5.73702
4.77454
6.03075
6.17341
6.8018
7.22111
7.41136
7.61274
7.58039
7.61224
7.66348
7.78589
7.78514
7.46202
7.2753
7.48229
7.42067
7.17816
7.50654
7.56654
7.08663
7.197
7.60998
7.88648
7.79571
8.03998
7.97836
8.05538
8.08165
7.97636
7.90783
7.74364
7.6453
7.61895
7.52311
7.48003
6.96406
7.09509
7.07969
7.03766
6.98989
6.72738
6.67239
6.72034
6.54972
6.51462
6.55514
6.4984
6.37847
6.21222
6.02187
6.08249
6.19619
6.1539
6.08983
6.05823
6.07421
5.32765
5.98505
7.10046
7.50564
8.1812
8.75298
8.85406
8.14878
8.89517
9.40577
10.754
11.3277
11.8132
12.1623
12.274
11.0195
5.24323
10.1931
12.2297
12.3825
12.3368
12.1869
11.8304
11.806
11.7433
11.7364
11.4221
9.87308
9.93389
10.2523
10.2726
10.775
11.0878
11.0646
10.7377
10.0361
10.8247
10.6302
10.1805
10.567
10.5003
10.3252
10.1944
9.93029
8.31802
7.81142
8.02506
7.51715
7.5008
8.24219
7.86279
5.02233
3.09492
4.20093
4.30802
4.68004
5.51255
6.5785
6.6878
7.1548
7.68889
7.8726
7.97156
7.94701
8.03385
7.93369
7.89937
7.8225
7.72301
7.63243
7.52894
7.35931
7.19168
7.06068
7.0041
6.77326
6.51308
6.11729
5.67416
5.22307
3.84124
2.31485
1.88054
2.04775
2.65513
2.42541
2.70594
3.49211
4.20379
4.5629
4.61381
4.53339
4.65964
4.78037
4.55697
4.61216
4.71457
4.82775
4.87722
4.93408
4.91443
4.83534
4.70569
4.40928
3.87083
3.80219
4.22136
4.31377
4.38861
4.24576
3.96597
3.59678
3.2756
2.95917
2.47465
2.04335
1.76277
0.818456
0.13987
0.00818515
0.000826747
0.00875648
0.0174999
0.00699748
0.012592
0.0190013
0.0304938
0.0731505
0.146501
0.22321
0.312347
0.299273
0.376877
0.476498
0.642592
0.715511
0.602143
0.589833
0.694332
0.859166
1.15764
1.3794
1.4462
1.5949
1.66775
1.7428
1.77487
1.80024
1.82851
1.85164
1.85326
1.86094
1.80384
1.71184
1.77034
1.82937
1.8468
1.8032
1.75648
1.80637
1.87747
1.91025
1.90647
1.85745
1.8256
1.83701
1.86032
1.84275
1.7985
1.78378
1.7334
1.71534
1.67541
1.61304
1.53029
1.4629
1.3781
1.29215
1.24094
1.19065
1.18443
1.18941
1.15598
1.06722
1.03875
0.925335
0.796714
0.686918
0.511203
0.293423
0.152616
0.0725722
0.0249756
0.00785879
0.00199587
0.000190641
9.61899e-005
0.000239635
0.000459065
0.000639902
0.000255626
0.0014003
0.00457757
0.00539263
0.00182716
0.000338819
0.00143469
0.00301104
0.00764974
0.0166853
0.029985
0.0550652
0.0827952
0.0746909
0.0844855
0.144346
0.231774
0.316501
0.389063
0.384947
0.285364
0.117324
0.117376
0.137742
0.230045
0.374704
0.455539
0.451343
0.384584
0.27487
0.273236
0.284803
0.33583
0.423741
0.46068
0.476449
0.479718
0.487313
0.490086
0.489613
0.491664
0.495422
0.498323
0.496751
0.48228
0.475279
0.463274
0.447572
0.454898
0.456202
0.439162
0.450903
0.434015
0.426727
0.434894
0.437838
0.435161
0.42384
0.411227
0.39554
0.381563
0.366329
0.344258
0.329437
0.309593
0.293137
0.277285
0.258074
0.228845
0.210474
0.196758
0.188658
0.198555
0.211109
0.193129
0.169969
0.147506
0.131594
0.142235
0.137849
0.106226
0.102157
0.0965317
0.0981625
0.0964019
0.0860263
0.0662299
0.075032
0.0824579
0.0660055
0.0700184
0.0659189
0.0392442
0.0722524
0.0738416
0.0654799
L of Target
15.2519
23.4617
25.1442
25.3882
26.8633
26.8339
25.5929
24.6157
20.4204
25.7912
26.421
29.0962
30.855
31.6223
32.4019
32.206
32.3518
32.6149
33.145
33.0843
31.643
30.812
31.633
31.2505
30.0594
31.2086
31.0999
28.687
28.6347
29.7032
30.199
29.4044
30.0247
29.5801
29.6699
29.6198
29.1853
29.0302
28.6592
28.6465
28.9171
28.8161
28.7905
26.8955
27.5215
27.5705
27.4794
27.3681
26.4438
26.3463
26.6353
26.0177
25.9153
26.1403
26.0173
25.6741
25.1326
24.4699
24.8388
25.4219
25.3323
25.0963
24.9393
24.6307
20.5582
21.3172
23.172
22.9588
23.1806
23.1552
21.9997
18.9284
19.5813
19.6235
21.3529
21.4864
21.5767
21.6633
21.5198
19.0922
8.91696
17.1734
20.4156
20.4921
20.2989
19.9591
19.2944
19.1811
19.004
18.9268
18.3508
15.783
15.8238
16.2772
16.2504
16.9876
17.4326
17.3632
16.8114
15.6667
16.8583
16.5609
15.8452
16.3891
16.2176
15.924
15.7326
15.3444
12.8553
12.0812
12.4262
11.6467
11.6322
12.8015
12.2149
7.79393
4.81487
6.58451
6.79026
7.41815
8.77792
10.5291
10.7517
11.5578
12.4559
12.6502
12.5312
12.2114
12.2009
12.0054
11.9056
11.7422
11.5559
11.391
11.2225
10.9613
10.6952
10.4978
10.4568
10.2067
9.93086
9.41879
8.77709
8.08202
5.94248
3.59285
2.94784
3.24893
4.26627
3.94179
4.45972
5.81195
7.00994
7.53037
7.45222
7.16113
7.24584
7.36031
6.93161
6.91513
7.0042
7.18168
7.32786
7.50476
7.55017
7.47029
7.29043
6.84695
6.03073
5.94254
6.6027
6.75193
6.90956
6.76198
6.40632
5.91174
5.52371
5.16245
4.47101
3.80602
3.34524
1.57019
0.270424
0.0152766
0.00091763
0.0158743
0.0390596
0.0163939
0.0289335
0.0517416
0.0831879
0.20188
0.412624
0.645532
0.921893
0.897699
1.15067
1.47097
1.99136
2.21402
1.85963
1.81804
2.10661
2.52738
3.30486
3.86841
4.00043
4.35174
4.4885
4.62204
4.6301
4.61472
4.60973
4.60393
4.55487
4.5174
4.29791
3.99195
4.07025
4.18211
4.18969
4.02876
3.84692
3.89828
4.02212
4.06932
4.02189
3.86492
3.74994
3.74433
3.7743
3.71876
3.60903
3.56531
3.46495
3.44371
3.37826
3.24085
3.02548
2.81782
2.56331
2.30978
2.1791
2.16024
2.27457
2.38704
2.35862
2.17363
2.12508
1.93529
1.72184
1.52773
1.16301
0.684969
0.379774
0.195286
0.0738617
0.0262524
0.00708458
0.000660258
0.000326568
0.000874682
0.00172194
0.00237901
0.000991166
0.00591469
0.0193404
0.0224896
0.00748824
0.00134076
0.00587768
0.0124431
0.0325612
0.0713196
0.129011
0.237816
0.355154
0.31646
0.349575
0.583304
0.914491
1.22156
1.46935
1.421
1.02862
0.414224
0.408812
0.476581
0.790044
1.27555
1.53621
1.50769
1.27351
0.901909
0.89185
0.926217
1.08922
1.37102
1.48428
1.52585
1.52436
1.54009
1.54335
1.53278
1.52853
1.53072
1.53638
1.52604
1.47164
1.43846
1.39209
1.3362
1.3489
1.33857
1.27965
1.30133
1.2432
1.21616
1.23572
1.24148
1.23045
1.19403
1.15923
1.11917
1.08409
1.0458
0.98967
0.948979
0.880914
0.823267
0.766778
0.695972
0.583599
0.494052
0.44311
0.432773
0.526021
0.596517
0.557038
0.493419
0.422281
0.36973
0.417754
0.420771
0.337459
0.333835
0.313163
0.322229
0.324263
0.307779
0.250328
0.286616
0.316514
0.258291
0.287432
0.275587
0.17138
0.323686
0.333121
0.299778
