1.43471
2.18438
2.33934
2.3693
2.49245
2.45943
2.32759
2.24841
1.86167
2.35674
2.42806
2.67555
2.85205
2.9339
3.00472
2.97916
2.98931
3.02503
3.08473
3.08157
2.95562
2.88556
2.97417
2.94073
2.80749
2.92143
2.9568
2.73681
2.7454
2.85418
2.90853
2.83939
2.90122
2.84531
2.86625
2.88242
2.84271
2.81862
2.77348
2.7448
2.79003
2.80539
2.79457
2.41477
2.48339
2.6047
2.68856
2.68883
2.60487
2.60481
2.63518
2.54422
2.53204
2.57922
2.5792
2.48821
2.35767
2.34532
2.45228
2.56372
2.57031
2.56318
2.56261
2.52912
1.96328
1.93514
2.09939
2.07564
2.18783
2.26395
2.00141
1.32193
1.42964
1.44821
1.93559
2.12078
2.27
2.31651
2.30665
2.00829
0.698016
1.66756
2.21039
2.23409
2.20786
2.1033
1.95194
1.94958
1.90584
1.95257
1.76369
1.1565
1.3057
1.38216
1.40927
1.61023
1.83074
1.90229
1.85927
1.74306
1.90103
1.88392
1.8145
1.88415
1.84024
1.77048
1.70761
1.5406
0.924487
0.857927
0.919148
0.784666
0.748771
1.03212
0.86522
0.290574
0.0942641
0.213483
0.224078
0.293226
0.443802
0.745972
0.790513
0.962288
1.25123
1.39227
1.4142
1.38186
1.3926
1.38953
1.39102
1.39164
1.37489
1.35335
1.32975
1.29205
1.25082
1.21206
1.1838
1.11197
1.04139
0.917529
0.715094
0.547144
0.285172
0.0787972
0.0430407
0.0640517
0.125992
0.101343
0.144546
0.288589
0.457459
0.583852
0.636029
0.601056
0.635957
0.686901
0.643654
0.695231
0.723773
0.803768
0.843122
0.897978
0.927137
0.915715
0.883616
0.811321
0.686576
0.670576
0.766682
0.79217
0.774684
0.694523
0.605988
0.506202
0.437665
0.365479
0.261062
0.16828
0.117531
0.0218358
0.000702507
3.12321e-006
8.41757e-009
3.56694e-007
6.53305e-007
1.3003e-007
2.71425e-007
6.72613e-007
2.31472e-006
4.05124e-005
0.000353434
0.00152791
0.00482633
0.00530488
0.009237
0.0190175
0.0412184
0.0590323
0.03715
0.036463
0.0501835
0.0850451
0.169506
0.265135
0.311263
0.378948
0.421258
0.486679
0.517297
0.546436
0.55932
0.567714
0.566574
0.561331
0.527577
0.483043
0.496877
0.517787
0.520762
0.494627
0.47
0.481664
0.505923
0.517495
0.51047
0.486537
0.469251
0.466221
0.472683
0.465731
0.450411
0.44612
0.434129
0.427171
0.41218
0.400472
0.380454
0.368673
0.349319
0.327456
0.320343
0.289821
0.271537
0.266968
0.25697
0.218692
0.186038
0.143934
0.1017
0.0680096
0.0327574
0.0116503
0.00184299
0.000298658
1.9614e-005
9.90564e-007
4.05626e-006
1.02238e-005
1.00362e-005
5.35097e-006
5.74632e-006
1.1529e-006
3.07457e-006
1.39691e-006
9.26413e-008
9.96707e-008
2.89277e-008
1.9248e-009
1.29935e-008
5.82489e-008
6.45532e-007
4.32761e-006
5.46556e-005
0.000493752
0.00202457
0.00277771
0.00613921
0.0215364
0.0476234
0.0769403
0.110748
0.111074
0.0759725
0.0293507
0.0314648
0.0349851
0.0633417
0.119537
0.164136
0.168612
0.139605
0.0900518
0.087979
0.0909883
0.108917
0.146099
0.165523
0.174854
0.169481
0.174202
0.179781
0.178638
0.181215
0.185832
0.191602
0.194046
0.176654
0.168984
0.163837
0.153735
0.156507
0.157721
0.137561
0.150298
0.142134
0.137131
0.143864
0.15209
0.153752
0.155021
0.151931
0.148921
0.147697
0.145877
0.139344
0.136067
0.130758
0.126596
0.123146
0.119419
0.109841
0.108911
0.106707
0.101894
0.0915712
0.0958158
0.0844593
0.0733253
0.0687769
0.0622191
0.0692317
0.0660519
0.0452168
0.0404879
0.0417676
0.0457611
0.0445859
0.0335329
0.0184677
0.0260038
0.0326496
0.0231691
0.0285654
0.0261714
0.00569269
0.017092
0.0156225
0.00771227
1.43471
2.18438
2.33934
2.3693
2.49245
2.45943
2.32759
2.24841
1.86167
2.35674
2.42806
2.67555
2.85205
2.9339
3.00472
2.97916
2.98931
3.02503
3.08473
3.08157
2.95562
2.88556
2.97417
2.94073
2.80749
2.92143
2.9568
2.73681
2.7454
2.85418
2.90853
2.83939
2.90122
2.84531
2.86625
2.88242
2.84271
2.81862
2.77348
2.7448
2.79003
2.80539
2.79457
2.41477
2.48339
2.6047
2.68856
2.68883
2.60487
2.60481
2.63518
2.54422
2.53204
2.57922
2.5792
2.48821
2.35767
2.34532
2.45228
2.56372
2.57031
2.56318
2.56261
2.52912
1.96328
1.93514
2.09939
2.07564
2.18783
2.26395
2.00141
1.32193
1.42964
1.44821
1.93559
2.12078
2.27
2.31651
2.30665
2.00829
0.698016
1.66756
2.21039
2.23409
2.20786
2.1033
1.95194
1.94958
1.90584
1.95257
1.76369
1.1565
1.3057
1.38216
1.40927
1.61023
1.83074
1.90229
1.85927
1.74306
1.90103
1.88392
1.8145
1.88415
1.84024
1.77048
1.70761
1.5406
0.924487
0.857927
0.919148
0.784666
0.748771
1.03212
0.86522
0.290574
0.0942641
0.213483
0.224078
0.293226
0.443802
0.745972
0.790513
0.962288
1.25123
1.39227
1.4142
1.38186
1.3926
1.38953
1.39102
1.39164
1.37489
1.35335
1.32975
1.29205
1.25082
1.21206
1.1838
1.11197
1.04139
0.917529
0.715094
0.547144
0.285172
0.0787972
0.0430407
0.0640517
0.125992
0.101343
0.144546
0.288589
0.457459
0.583852
0.636029
0.601056
0.635957
0.686901
0.643654
0.695231
0.723773
0.803768
0.843122
0.897978
0.927137
0.915715
0.883616
0.811321
0.686576
0.670576
0.766682
0.79217
0.774684
0.694523
0.605988
0.506202
0.437665
0.365479
0.261062
0.16828
0.117531
0.0218358
0.000702507
3.12321e-006
8.41757e-009
3.56694e-007
6.53305e-007
1.3003e-007
2.71425e-007
6.72613e-007
2.31472e-006
4.05124e-005
0.000353434
0.00152791
0.00482633
0.00530488
0.009237
0.0190175
0.0412184
0.0590323
0.03715
0.036463
0.0501835
0.0850451
0.169506
0.265135
0.311263
0.378948
0.421258
0.486679
0.517297
0.546436
0.55932
0.567714
0.566574
0.561331
0.527577
0.483043
0.496877
0.517787
0.520762
0.494627
0.47
0.481664
0.505923
0.517495
0.51047
0.486537
0.469251
0.466221
0.472683
0.465731
0.450411
0.44612
0.434129
0.427171
0.41218
0.400472
0.380454
0.368673
0.349319
0.327456
0.320343
0.289821
0.271537
0.266968
0.25697
0.218692
0.186038
0.143934
0.1017
0.0680096
0.0327574
0.0116503
0.00184299
0.000298658
1.9614e-005
9.90564e-007
4.05626e-006
1.02238e-005
1.00362e-005
5.35097e-006
5.74632e-006
1.1529e-006
3.07457e-006
1.39691e-006
9.26413e-008
9.96707e-008
2.89277e-008
1.9248e-009
1.29935e-008
5.82489e-008
6.45532e-007
4.32761e-006
5.46556e-005
0.000493752
0.00202457
0.00277771
0.00613921
0.0215364
0.0476234
0.0769403
0.110748
0.111074
0.0759725
0.0293507
0.0314648
0.0349851
0.0633417
0.119537
0.164136
0.168612
0.139605
0.0900518
0.087979
0.0909883
0.108917
0.146099
0.165523
0.174854
0.169481
0.174202
0.179781
0.178638
0.181215
0.185832
0.191602
0.194046
0.176654
0.168984
0.163837
0.153735
0.156507
0.157721
0.137561
0.150298
0.142134
0.137131
0.143864
0.15209
0.153752
0.155021
0.151931
0.148921
0.147697
0.145877
0.139344
0.136067
0.130758
0.126596
0.123146
0.119419
0.109841
0.108911
0.106707
0.101894
0.0915712
0.0958158
0.0844593
0.0733253
0.0687769
0.0622191
0.0692317
0.0660519
0.0452168
0.0404879
0.0417676
0.0457611
0.0445859
0.0335329
0.0184677
0.0260038
0.0326496
0.0231691
0.0285654
0.0261714
0.00569269
0.017092
0.0156225
0.00771227
1.48073
2.2625
2.42373
2.44595
2.56952
2.5382
2.40067
2.30878
1.90638
2.40303
2.46468
2.70952
2.8846
2.96986
3.05459
3.05268
3.09797
3.17478
3.29165
3.35271
3.28917
3.31298
3.55291
3.69806
3.75861
4.1609
4.49078
4.4669
4.8719
5.55948
6.19882
6.52503
7.05896
7.20224
7.43797
7.6027
7.59489
7.62171
7.55832
7.51895
7.68304
7.76829
7.7776
6.72045
6.9357
7.31532
7.59829
7.6409
7.42804
7.44404
7.55873
7.3238
7.31301
7.4801
7.51753
7.27783
6.91214
6.88997
7.21605
7.56694
7.60443
7.5809
7.57451
7.49538
5.83256
5.77893
6.31781
6.25847
6.60914
6.85349
6.05348
3.95884
4.26755
4.30174
5.7715
6.33316
6.80489
6.9635
6.95173
6.06505
2.09741
5.03083
6.66471
6.75615
6.70842
6.41424
5.97168
5.99278
5.8899
6.07327
5.48739
3.57319
4.03999
4.27114
4.34659
4.9665
5.66932
5.91181
5.78485
5.42538
5.91772
5.85606
5.62846
5.84338
5.77377
5.6325
5.49198
4.96511
2.96493
2.75445
2.95004
2.51076
2.38918
3.31287
2.76661
0.905315
0.275845
0.64284
0.676601
0.899815
1.3867
2.36526
2.5159
3.08375
4.03268
4.48709
4.54904
4.44307
4.47673
4.45245
4.43437
4.42925
4.39103
4.34101
4.27931
4.1696
4.04907
3.93692
3.8564
3.62843
3.40283
3.00147
2.33599
1.78007
0.917781
0.244883
0.129403
0.195228
0.390543
0.312993
0.450008
0.908055
1.44521
1.84857
2.01502
1.89606
1.99672
2.14977
2.00677
2.16512
2.25568
2.51174
2.6374
2.81239
2.90998
2.88433
2.79307
2.57078
2.17784
2.12923
2.43801
2.52579
2.48279
2.23281
1.94147
1.60972
1.38058
1.14117
0.801771
0.497956
0.333131
0.0577624
0.0016567
6.0394e-006
9.41067e-009
3.7965e-007
6.91011e-007
1.34206e-007
2.78897e-007
7.08515e-007
2.9214e-006
8.72734e-005
0.000856398
0.00383365
0.0122267
0.0134994
0.0239572
0.0501015
0.110118
0.159243
0.100082
0.0989208
0.137636
0.236796
0.477301
0.750428
0.882975
1.07351
1.18864
1.36918
1.45151
1.52952
1.56243
1.58534
1.58361
1.5708
1.47849
1.35562
1.39638
1.45699
1.46721
1.39524
1.3273
1.36155
1.4304
1.46314
1.4448
1.37779
1.32612
1.30948
1.31262
1.27569
1.21831
1.19267
1.14686
1.11681
1.06802
1.02985
0.973233
0.940475
0.890618
0.835854
0.819547
0.744203
0.700943
0.69308
0.671424
0.575405
0.491667
0.381182
0.268739
0.177523
0.0831146
0.0285251
0.00424258
0.00065011
4.02405e-005
1.55728e-006
4.06348e-006
1.0224e-005
1.00363e-005
5.35136e-006
5.74695e-006
1.15375e-006
3.07496e-006
1.39932e-006
1.0248e-007
1.1373e-007
3.38473e-008
2.75115e-009
1.56388e-008
7.17961e-008
1.21379e-006
1.26193e-005
0.000122478
0.00112452
0.00477992
0.0066065
0.0144776
0.0511099
0.114359
0.187147
0.271728
0.27375
0.187155
0.0721234
0.076977
0.0852928
0.153953
0.289931
0.397506
0.406943
0.335094
0.213934
0.2069
0.211964
0.251625
0.336159
0.380132
0.401077
0.388103
0.397281
0.405189
0.39727
0.39672
0.401443
0.411312
0.418122
0.383099
0.36908
0.360443
0.341208
0.349433
0.351714
0.306437
0.334394
0.315582
0.302703
0.313322
0.322924
0.313813
0.298579
0.273349
0.249567
0.232179
0.2179
0.20326
0.198895
0.190342
0.183478
0.177809
0.172151
0.160554
0.161722
0.161634
0.157999
0.145723
0.152311
0.133964
0.11581
0.107758
0.0976232
0.108226
0.102751
0.0697265
0.0632207
0.0652829
0.0717974
0.0701618
0.0530412
0.0296501
0.0413004
0.0515066
0.0360142
0.0429465
0.0390775
0.0087694
0.0262728
0.0240938
0.0121373
