10.4153
19.323
24.3859
32.1437
41.207
47.1157
51.2926
54.4764
55.8576
58.6316
61.6689
64.1603
68.6362
71.5046
73.4582
74.4471
74.3207
74.3147
73.8861
74.3792
70.3172
69.0333
68.0474
67.0961
64.6785
62.8692
61.7818
61.7045
65.7161
75.5908
80.8727
82.7786
86.6058
88.8133
88.8483
82.8796
87.4548
88.1221
87.8574
87.7688
86.232
85.3268
86.03
86.2277
85.3026
84.7399
84.2962
83.4818
80.2254
76.2793
62.1
60.0574
39.6029
32.0283
34.1326
48.9958
62.4653
71.4267
77.2427
79.8639
82.1038
83.9115
85.2943
86.3179
87.0319
87.5319
88.3511
88.7965
88.4811
86.8571
76.9886
55.3795
59.0544
64.4017
71.9358
81.8911
84.2081
83.8385
84.5074
84.324
85.4266
86.1654
86.6194
86.4492
85.1541
81.5984
83.7082
85.3763
84.9952
82.6067
78.8857
69.7233
49.1675
16.034
1.42109
0.819499
0.779821
0.760751
0.763679
0.803593
0.904127
0.992775
2.2577
6.66683
13.6146
13.7397
17.0062
26.2149
39.4455
46.9096
52.6775
56.3546
58.5762
60.6432
62.0515
61.0801
60.737
63.9873
63.8663
63.5292
66.6537
67.7183
66.5373
66.3449
66.95
65.9425
65.4223
65.1562
64.4694
63.1023
61.6142
59.7014
56.7856
55.1875
51.9898
47.4957
37.7911
26.6683
10.7087
1.76063
0.230055
0.201168
0.198298
0.177771
0.170374
0.155621
0.128764
0.144945
0.159405
0.147891
0.156446
0.167736
0.195011
0.183615
0.683248
3.09891
7.17983
7.25124
2.19353
1.267
5.13403
11.733
12.3761
8.0966
7.51812
9.98598
14.0163
15.7062
16.4945
16.9971
17.499
18.282
18.7034
18.1979
17.5669
17.8195
17.5769
17.5891
16.7031
17.2067
16.7349
15.784
14.7479
13.6572
12.3047
11.2984
10.5298
9.57345
8.85211
8.19601
7.15546
6.06158
4.0681
2.81599
2.37569
0.92627
0.379415
0.17203
0.16257
0.140467
10.4153
19.323
24.3859
32.1437
41.207
47.1157
51.2926
54.4764
55.8576
58.6316
61.6689
64.1603
68.6362
71.5046
73.4582
74.4471
74.3207
74.3147
73.8861
74.3792
70.3172
69.0333
68.0474
67.0961
64.6785
62.8692
61.7818
61.7045
65.7161
75.5908
80.8727
82.7786
86.6058
88.8133
88.8483
82.8796
87.4548
88.1221
87.8574
87.7688
86.232
85.3268
86.03
86.2277
85.3026
84.7399
84.2962
83.4818
80.2254
76.2793
62.1
60.0574
39.6029
32.0283
34.1326
48.9958
62.4653
71.4267
77.2427
79.8639
82.1038
83.9115
85.2943
86.3179
87.0319
87.5319
88.3511
88.7965
88.4811
86.8571
76.9886
55.3795
59.0544
64.4017
71.9358
81.8911
84.2081
83.8385
84.5074
84.324
85.4266
86.1654
86.6194
86.4492
85.1541
81.5984
83.7082
85.3763
84.9952
82.6067
78.8857
69.7233
49.1675
16.034
1.42109
0.819499
0.779821
0.760751
0.763679
0.803593
0.904127
0.992775
2.2577
6.66683
13.6146
13.7397
17.0062
26.2149
39.4455
46.9096
52.6775
56.3546
58.5762
60.6432
62.0515
61.0801
60.737
63.9873
63.8663
63.5292
66.6537
67.7183
66.5373
66.3449
66.95
65.9425
65.4223
65.1562
64.4694
63.1023
61.6142
59.7014
56.7856
55.1875
51.9898
47.4957
37.7911
26.6683
10.7087
1.76063
0.230055
0.201168
0.198298
0.177771
0.170374
0.155621
0.128764
0.144945
0.159405
0.147891
0.156446
0.167736
0.195011
0.183615
0.683248
3.09891
7.17983
7.25124
2.19353
1.267
5.13403
11.733
12.3761
8.0966
7.51812
9.98598
14.0163
15.7062
16.4945
16.9971
17.499
18.282
18.7034
18.1979
17.5669
17.8195
17.5769
17.5891
16.7031
17.2067
16.7349
15.784
14.7479
13.6572
12.3047
11.2984
10.5298
9.57345
8.85211
8.19601
7.15546
6.06158
4.0681
2.81599
2.37569
0.92627
0.379415
0.17203
0.16257
0.140467
12.4115
23.4093
30.1045
40.1537
51.1364
58.4586
63.7043
67.7842
69.8909
72.6084
74.8757
76.076
78.4915
79.8215
80.4832
80.454
80.0373
79.9186
79.2986
79.391
75.6575
74.5903
73.9194
73.6274
72.4608
72.2804
72.4747
71.9941
72.1104
77.4716
80.2635
80.7121
84.2336
86.6265
86.7511
80.1802
85.6185
86.4689
86.2635
86.2818
84.7339
83.9258
84.8125
85.1
84.1991
83.7174
83.3212
82.5208
79.2241
75.3575
61.0565
59.5081
39.5688
32.6311
35.1978
50.2865
63.4935
72.1764
77.944
80.5584
82.7038
84.4186
85.7744
86.8217
87.569
88.0581
88.8427
89.2781
89.0226
87.588
78.4716
58.4852
62.9423
68.4723
75.7714
84.5972
86.5487
86.2645
86.8758
86.7188
87.6207
88.2093
88.5607
88.3863
87.2655
84.1779
86.0384
87.5311
87.2995
85.4401
82.8317
77.246
66.1909
35.5737
3.14369
0.857155
0.948286
0.870046
1.02896
2.27052
7.04993
13.8198
17.37
28.6302
42.1306
38.7911
43.4196
56.3096
69.5611
74.5548
77.8375
79.5234
80.2305
80.8656
81.1048
79.8382
79.013
80.7528
80.2188
79.5102
81.291
81.7903
80.8315
80.5679
80.911
80.2231
79.8086
79.5189
78.9228
77.9102
76.928
75.7171
73.8912
73.2981
71.4797
68.5847
60.4606
49.3405
26.2011
8.04304
1.55432
0.327845
0.202727
0.18381
0.196303
0.169065
0.221165
0.297628
0.186933
0.219506
0.452932
1.63761
5.01208
6.86419
10.7509
25.7195
40.0531
39.0743
16.1405
12.3081
27.258
46.2018
46.7714
33.3897
31.5624
39.0615
48.946
51.9687
53.0587
53.3953
53.5036
54.0073
53.8737
52.1891
50.4277
50.5516
49.6592
49.5461
47.9539
49.2876
48.6505
46.8163
44.1861
41.2176
38.3094
36.4497
35.0024
33.4422
33.2403
33.679
32.1465
30.4932
26.3675
24.5284
25.9622
20.3381
20.7488
21.892
20.0103
16.1302
