1 background file 
   0.4538 0.0268827
   0.4674 0.0276619
   0.4819 0.0282218
   0.4969 0.0310545
   0.5117 0.0384111
   0.5265 0.0532624
   0.5416 0.0628531
   0.5565 0.068759
   0.5712 0.0613222
   0.5859 0.0562261
   0.6007 0.0545044
   0.6155 0.0519324
   0.63 0.0509644
   0.6443 0.0483543
   0.6589 0.0448665
   0.6736 0.0414184
   0.688 0.0531417
   0.7024 0.10112
   0.7169 0.175191
   0.7313 0.269597
   0.7454 0.336478
   0.7596 0.366176
   0.7739 0.385272
   0.7881 0.393228
   0.8022 0.399834
   0.8163 0.402419
   0.8307 0.41267
   0.8449 0.420014
   0.8589 0.424891
   0.8725 0.42839
   0.8748 0.42898
   0.8919 0.427612
   0.9073 0.42591
   0.9228 0.406356
   0.9386 0.384921
   0.9541 0.389066
   0.9692 0.399485
   0.9844 0.411408
   0.9999 0.419654
   1.0149 0.430624
   1.0299 0.440488
   1.0451 0.442812
   1.0601 0.443465
   1.0746 0.446672
   1.0892 0.443622
   1.1041 0.42778
   1.1186 0.400352
   1.133 0.378633
   1.1474 0.375737
   1.1618 0.371596
   1.176 0.365435
   1.1902 0.36102
   1.2043 0.362835
   1.2183 0.371165
   1.2321 0.378553
   1.2461 0.382176
   1.2602 0.383077
   1.2741 0.385584
   1.2876 0.38167
   1.3012 0.370254
   1.3152 0.350346
   1.3289 0.270155
   1.3893 0.00470526
   1.4042 0.00764852
   1.4193 0.0122419
   1.4335 0.0194676
   1.448 0.0591666
   1.4624 0.0826761
   1.477 0.0907845
   1.4909 0.104733
   1.5048 0.115725
   1.5186 0.126038
   1.5325 0.136082
   1.5461 0.146238
   1.5598 0.156186
   1.5732 0.165208
   1.5864 0.173271
   1.5995 0.180907
   1.6128 0.189435
   1.626 0.195757
   1.6388 0.197962
   1.6517 0.199463
   1.6645 0.198518
   1.6772 0.197082
   1.6897 0.1958
   1.7023 0.193926
   1.7149 0.190748
   1.7273 0.187978
   1.7395 0.183762
   1.7518 0.176371
   1.764 0.168881
   1.776 0.160932
   1.788 0.149925
   1.7999 0.114789
   1.9524 0.0133907
   1.9717 0.0369337
   1.991 0.0478261
   2.0101 0.0307268
   2.029 0.0593055
   2.048 0.0628024
   2.0672 0.0657735
   2.0862 0.0700686
   2.1048 0.0728042
   2.123 0.0767294
   2.141 0.0807919
   2.1591 0.0839856
   2.177 0.085427
   2.1946 0.0875664
   2.2134 0.0867752
   2.231 0.0845053
   2.2482 0.0823918
   2.2657 0.0767724
   2.2831 0.0715051
   2.3006 0.0654334
   2.3176 0.0593523
   2.3345 0.056076
   2.3511 0.0457248
   2.3676 0.0409254
   2.3844 0.0362629
   2.4011 0.0325511
   2.4177 0.0287892
   2.4337 0.0339368
   2.4496 0.0306859
   2.4653 0.0189859
   2.4809 0.00357374
   2.4963 0.163113
!
