L of Background 1
0.452615
0.705112
0.772443
0.820107
0.920208
0.975852
0.987321
0.992283
0.840981
1.06258
1.08322
1.19438
1.27559
1.3176
1.3694
1.37305
1.36976
1.36092
1.37577
1.38569
1.33956
1.30936
1.35415
1.36734
1.3536
1.46386
1.57018
1.58352
1.7362
1.98375
2.20851
2.30191
2.45223
2.47949
2.55584
2.60991
2.5915
2.54532
2.42685
2.2853
2.18428
2.09449
2.03717
1.78061
1.78976
1.81023
1.81835
1.78583
1.68704
1.63991
1.62495
1.55856
1.53701
1.53183
1.48988
1.40249
1.30442
1.25077
1.24944
1.25425
1.22384
1.20303
1.20222
1.30161
1.41007
1.97645
2.83488
3.36718
4.23098
5.04396
5.22619
4.53789
5.27898
5.74931
7.55943
8.60137
9.52854
10.0427
10.2295
9.23889
4.53458
8.59873
10.4329
10.6387
10.6254
10.3233
9.81434
9.84061
9.74229
9.92984
9.27708
7.12842
7.56037
7.87199
8.04664
8.6392
9.3988
9.63243
9.41319
8.83061
9.58839
9.4396
9.04956
9.40961
9.35922
9.17853
8.98611
8.35903
5.99919
5.60256
5.83384
5.18628
4.91225
6.06312
5.26981
2.269
0.924126
1.73992
1.7867
2.1639
2.98349
4.38781
4.5733
5.15416
6.07519
6.55153
6.74504
6.75953
6.87928
6.83389
6.8163
6.79725
6.74502
6.68403
6.60195
6.45801
6.30804
6.14467
5.99855
5.64484
5.28702
4.74589
3.95813
3.27379
1.91811
0.699698
0.452378
0.583283
0.986766
0.823788
1.03857
1.73594
2.46624
2.9979
3.2857
3.21732
3.35878
3.5473
3.38488
3.5532
3.63135
3.8931
4.00489
4.1558
4.21295
4.15482
4.03834
3.78034
3.32643
3.24988
3.56881
3.61533
3.55772
3.25325
2.88944
2.46689
2.10633
1.73715
1.23668
0.822117
0.583692
0.133098
0.0061978
4.22349e-005
1.30614e-007
5.43129e-006
9.68734e-006
1.55313e-006
2.96271e-006
7.6749e-006
2.92136e-005
0.000497122
0.00284321
0.00841989
0.0198781
0.0209813
0.0315521
0.0529395
0.0961893
0.12581
0.0897007
0.0878004
0.118332
0.189189
0.348165
0.51383
0.59484
0.708159
0.781172
0.88549
0.951468
1.01878
1.06713
1.10621
1.12695
1.14615
1.13278
1.10213
1.15327
1.19503
1.21419
1.20344
1.19674
1.24302
1.2985
1.3296
1.33559
1.3119
1.30154
1.31318
1.33137
1.32043
1.29302
1.2825
1.24546
1.21816
1.16925
1.12371
1.06816
1.03144
0.977276
0.921231
0.896039
0.821224
0.771158
0.742994
0.70191
0.604642
0.532992
0.428299
0.313617
0.218862
0.116736
0.0452366
0.00931919
0.00193512
0.000179497
8.55583e-006
2.82843e-007
8.56965e-009
1.53777e-009
4.52071e-009
1.48795e-008
3.62406e-008
1.39273e-007
1.29122e-007
3.97266e-007
5.59661e-007
1.61754e-007
1.25067e-008
6.90188e-008
3.04413e-007
4.07066e-006
2.55434e-005
0.000122272
0.00060856
0.00194172
0.00254706
0.00488429
0.0146492
0.0306351
0.0497295
0.0726913
0.0770467
0.0595754
0.0289283
0.0327328
0.0373986
0.0631181
0.109612
0.144179
0.151286
0.133631
0.098276
0.0992433
0.104266
0.122285
0.156438
0.174567
0.185492
0.185798
0.193045
0.19926
0.200531
0.204915
0.210572
0.215421
0.218455
0.207278
0.204613
0.20236
0.195759
0.20207
0.20591
0.189762
0.205199
0.199874
0.195933
0.202205
0.210128
0.212177
0.21186
0.204256
0.195339
0.187644
0.178912
0.166212
0.158662
0.151383
0.145301
0.13928
0.132003
0.122069
0.120106
0.114529
0.105855
0.0938097
0.0916872
0.077994
0.0645837
0.0558156
0.0495329
0.0503801
0.0451157
0.0293134
0.0234603
0.0224791
0.0227007
0.020719
0.0136874
0.00701244
0.00862362
0.0101336
0.00659223
0.00569377
0.00470634
0.00113115
0.00257418
0.0023994
0.00142033
L of Background Average
0.452615
0.705112
0.772443
0.820107
0.920208
0.975852
0.987321
0.992283
0.840981
1.06258
1.08322
1.19438
1.27559
1.3176
1.3694
1.37305
1.36976
1.36092
1.37577
1.38569
1.33956
1.30936
1.35415
1.36734
1.3536
1.46386
1.57018
1.58352
1.7362
1.98375
2.20851
2.30191
2.45223
2.47949
2.55584
2.60991
2.5915
2.54532
2.42685
2.2853
2.18428
2.09449
2.03717
1.78061
1.78976
1.81023
1.81835
1.78583
1.68704
1.63991
1.62495
1.55856
1.53701
1.53183
1.48988
1.40249
1.30442
1.25077
1.24944
1.25425
1.22384
1.20303
1.20222
1.30161
1.41007
1.97645
2.83488
3.36718
4.23098
5.04396
5.22619
4.53789
5.27898
5.74931
7.55943
8.60137
9.52854
10.0427
10.2295
9.23889
4.53458
8.59873
10.4329
10.6387
10.6254
10.3233
9.81434
9.84061
9.74229
9.92984
9.27708
7.12842
7.56037
7.87199
8.04664
8.6392
9.3988
9.63243
9.41319
8.83061
9.58839
9.4396
9.04956
9.40961
9.35922
9.17853
8.98611
8.35903
5.99919
5.60256
5.83384
5.18628
4.91225
6.06312
5.26981
2.269
0.924126
1.73992
1.7867
2.1639
2.98349
4.38781
4.5733
5.15416
6.07519
6.55153
6.74504
6.75953
6.87928
6.83389
6.8163
6.79725
6.74502
6.68403
6.60195
6.45801
6.30804
6.14467
5.99855
5.64484
5.28702
4.74589
3.95813
3.27379
1.91811
0.699698
0.452378
0.583283
0.986766
0.823788
1.03857
1.73594
2.46624
2.9979
3.2857
3.21732
3.35878
3.5473
3.38488
3.5532
3.63135
3.8931
4.00489
4.1558
4.21295
4.15482
4.03834
3.78034
3.32643
3.24988
3.56881
3.61533
3.55772
3.25325
2.88944
2.46689
2.10633
1.73715
1.23668
0.822117
0.583692
0.133098
0.0061978
4.22349e-005
1.30614e-007
5.43129e-006
9.68734e-006
1.55313e-006
2.96271e-006
7.6749e-006
2.92136e-005
0.000497122
0.00284321
0.00841989
0.0198781
0.0209813
0.0315521
0.0529395
0.0961893
0.12581
0.0897007
0.0878004
0.118332
0.189189
0.348165
0.51383
0.59484
0.708159
0.781172
0.88549
0.951468
1.01878
1.06713
1.10621
1.12695
1.14615
1.13278
1.10213
1.15327
1.19503
1.21419
1.20344
1.19674
1.24302
1.2985
1.3296
1.33559
1.3119
1.30154
1.31318
1.33137
1.32043
1.29302
1.2825
1.24546
1.21816
1.16925
1.12371
1.06816
1.03144
0.977276
0.921231
0.896039
0.821224
0.771158
0.742994
0.70191
0.604642
0.532992
0.428299
0.313617
0.218862
0.116736
0.0452366
0.00931919
0.00193512
0.000179497
8.55583e-006
2.82843e-007
8.56965e-009
1.53777e-009
4.52071e-009
1.48795e-008
3.62406e-008
1.39273e-007
1.29122e-007
3.97266e-007
5.59661e-007
1.61754e-007
1.25067e-008
6.90188e-008
3.04413e-007
4.07066e-006
2.55434e-005
0.000122272
0.00060856
0.00194172
0.00254706
0.00488429
0.0146492
0.0306351
0.0497295
0.0726913
0.0770467
0.0595754
0.0289283
0.0327328
0.0373986
0.0631181
0.109612
0.144179
0.151286
0.133631
0.098276
0.0992433
0.104266
0.122285
0.156438
0.174567
0.185492
0.185798
0.193045
0.19926
0.200531
0.204915
0.210572
0.215421
0.218455
0.207278
0.204613
0.20236
0.195759
0.20207
0.20591
0.189762
0.205199
0.199874
0.195933
0.202205
0.210128
0.212177
0.21186
0.204256
0.195339
0.187644
0.178912
0.166212
0.158662
0.151383
0.145301
0.13928
0.132003
0.122069
0.120106
0.114529
0.105855
0.0938097
0.0916872
0.077994
0.0645837
0.0558156
0.0495329
0.0503801
0.0451157
0.0293134
0.0234603
0.0224791
0.0227007
0.020719
0.0136874
0.00701244
0.00862362
0.0101336
0.00659223
0.00569377
0.00470634
0.00113115
0.00257418
0.0023994
0.00142033
L of Target
0.512164
0.794408
0.86515
0.907821
1.00596
1.05421
1.05493
1.05213
0.888287
1.12182
1.14436
1.26196
1.34865
1.39608
1.45623
1.47131
1.48837
1.50697
1.55567
1.59774
1.57814
1.58986
1.70389
1.78503
1.83534
2.04454
2.2217
2.23447
2.42324
2.7149
2.94631
2.99574
3.12243
3.09125
3.11602
3.1124
3.03042
2.93083
2.76495
2.58414
2.45185
2.32488
2.22607
1.91394
1.8946
1.89115
1.8777
1.82917
1.72036
1.66961
1.6534
1.5846
1.56137
1.55635
1.5163
1.43179
1.33644
1.28637
1.29293
1.30782
1.28631
1.2727
1.27808
1.37
1.43544
1.93966
2.71221
3.18168
3.95157
4.67109
4.8092
4.1516
4.81093
5.22343
6.85214
7.78538
8.61871
9.08487
9.25917
8.36649
4.10872
7.7879
9.44513
9.6289
9.61635
9.34524
8.88978
8.92168
8.84436
9.02831
8.44985
6.50762
6.91604
7.21492
7.38878
7.94699
8.66056
8.89062
8.70002
8.17173
8.8828
8.75419
8.39929
8.73738
8.69299
8.52822
8.3539
7.77472
5.58289
5.21605
5.43285
4.83118
4.57726
5.65059
4.91203
2.11482
0.861423
1.62275
1.6671
2.02003
2.78592
4.09893
4.27422
4.82181
5.68826
6.1319
6.30289
6.30532
6.41085
6.36635
6.34754
6.3273
6.27644
6.21785
6.14037
6.00539
5.86433
5.71162
5.57711
5.25175
4.92316
4.42231
3.68938
3.05147
1.78776
0.652138
0.421774
0.544271
0.921877
0.770416
0.972723
1.62743
2.31272
2.80887
3.07284
3.00369
3.13257
3.30728
3.15519
3.31124
3.38342
3.62651
3.73
3.87035
3.92389
3.87014
3.76221
3.52232
3.09982
3.02864
3.32562
3.36922
3.3175
3.0369
2.70088
2.30959
1.97669
1.63573
1.16883
0.779717
0.554634
0.126594
0.00589901
4.02361e-005
1.25875e-007
5.23086e-006
9.33941e-006
1.51287e-006
2.90647e-006
7.58254e-006
2.91596e-005
0.000502063
0.00289365
0.00864488
0.0205847
0.0218553
0.0330968
0.0557912
0.101608
0.132914
0.0947122
0.0926166
0.124095
0.196169
0.3574
0.524455
0.604587
0.716873
0.787944
0.889951
0.952447
1.01559
1.05971
1.09499
1.11248
1.1283
1.11083
1.07628
1.12323
1.16282
1.18013
1.167
1.1571
1.19947
1.25205
1.28143
1.28568
1.26039
1.24803
1.25764
1.27402
1.2624
1.23509
1.2244
1.18935
1.16436
1.11893
1.07644
1.02422
0.990083
0.939096
0.88618
0.862712
0.791551
0.744567
0.719175
0.681136
0.58773
0.518611
0.417248
0.30645
0.214724
0.115127
0.0448496
0.00937767
0.00198455
0.000190259
9.38172e-006
3.23681e-007
9.61924e-009
1.61529e-009
4.77433e-009
1.63506e-008
3.8276e-008
1.39821e-007
1.43763e-007
5.01782e-007
7.18674e-007
2.06543e-007
1.46642e-008
8.37912e-008
3.99921e-007
6.05386e-006
3.93654e-005
0.000196491
0.00100122
0.00317035
0.00404855
0.00732046
0.0210273
0.0423212
0.0663688
0.0942835
0.0976052
0.0740111
0.0353099
0.0393748
0.0444574
0.0741432
0.127431
0.166084
0.172709
0.151361
0.110388
0.110573
0.115273
0.134317
0.171039
0.190061
0.200954
0.200217
0.207224
0.21331
0.213872
0.217634
0.222961
0.227922
0.231147
0.219032
0.215686
0.21289
0.205623
0.211927
0.215563
0.198312
0.213976
0.208017
0.203582
0.209835
0.217709
0.219013
0.217655
0.208919
0.199
0.190607
0.181527
0.168942
0.161705
0.154714
0.148905
0.143205
0.136361
0.126743
0.125229
0.120183
0.112084
0.100599
0.0991841
0.0854375
0.0720012
0.0635811
0.056976
0.0588075
0.0535631
0.0361122
0.0300062
0.0294526
0.0305696
0.0286689
0.0203049
0.0113398
0.0144855
0.017321
0.0121016
0.0122701
0.0107863
0.00306344
0.00727667
0.0068144
0.00408344
