SNR of Background 1
31.9785
32.0697
32.0687
32.1507
32.3554
32.5939
32.7444
32.7805
32.7041
32.5962
32.5546
32.5049
32.4147
32.3332
32.2761
32.3018
32.475
32.9697
33.1083
33.2008
33.256
33.2425
33.2675
33.2698
33.2658
33.2472
33.2558
33.2709
33.2716
33.2741
33.2805
33.2661
33.2128
33.1958
32.7478
32.8746
33.1775
33.2467
33.264
33.2638
33.2671
33.2677
33.2599
33.2599
33.2485
33.1796
32.3457
30.5546
32.2419
33.0339
33.1555
33.1689
33.1652
33.1968
33.2138
33.2192
33.2035
33.1869
33.2004
33.1637
33.0545
32.5961
6.90628e-005
0.00525888
0.0821253
0.622006
5.35449
12.0358
14.8172
27.9785
31.6102
32.3131
32.6003
32.7269
32.7883
32.7396
32.7969
32.8131
32.8491
32.8798
32.8563
32.8441
32.8354
32.7946
32.7633
32.7193
32.6376
32.4844
32.2906
32.1225
31.5273
29.6935
23.104
6.8758
0.15098
10.8425
17.4365
10.4185
24.2848
26.0317
25.3539
28.9329
29.6197
29.9256
30.1524
29.9336
29.8154
29.6105
29.9208
29.6471
29.4117
28.5947
27.8938
26.3208
24.5729
22.2489
18.3294
16.0955
12.2487
10.9572
6.70255
7.50376
3.86328
1.6502
0.0817445
0.0258634
SNR of Background 2
32.092
32.2026
32.2399
32.3511
32.5354
32.7269
32.8473
32.8778
32.8368
32.7814
32.7741
32.7694
32.7301
32.6908
32.6485
32.6548
32.724
33.0192
33.1012
33.169
33.231
33.2094
33.2402
33.2439
33.2393
33.2127
33.2225
33.244
33.2449
33.2491
33.2587
33.2406
33.1677
33.1482
32.5174
32.6647
33.1151
33.2157
33.2398
33.2392
33.2434
33.244
33.2335
33.2344
33.2213
33.1353
32.0366
29.6031
31.8347
32.9428
33.1144
33.1354
33.1313
33.1688
33.1889
33.1962
33.1777
33.1579
33.1764
33.1372
33.0192
32.5165
6.90628e-005
0.00525888
0.0821253
0.536211
5.17871
12.3363
15.3724
28.5774
31.9013
32.4901
32.7206
32.8194
32.8661
32.8207
32.8664
32.8781
32.905
32.93
32.9128
32.9076
32.9034
32.8698
32.8445
32.812
32.7512
32.6318
32.4754
32.3393
31.8535
30.2846
24.1758
7.50167
0.15098
9.76037
17.0429
7.84648
24.6339
26.8305
25.9576
29.3898
30.0609
30.3578
30.6098
30.4228
30.286
30.0065
30.1711
29.7946
29.3951
28.3889
27.5495
25.5499
22.9795
19.0874
11.3671
6.34551
1.71807
0.615531
0.417562
0.438513
0.270822
0.229427
0.0818037
0.0258638
SNR of Background 3
32.8553
32.9006
32.9207
32.9438
32.9649
32.9816
33.0082
33.0148
33.0115
33.0043
33.017
33.0264
33.0171
33.0183
33.0348
33.0544
33.0038
33.0257
32.9886
33.0016
33.1025
33.0292
33.1064
33.1102
33.0905
33.012
33.043
33.1026
33.1045
33.1148
33.1404
33.0776
32.8423
32.7956
30.7388
31.3242
32.7252
33.0115
33.0786
33.073
33.0849
33.0845
33.0491
33.0477
33.0025
32.7109
28.7067
22.9643
28.6963
32.2052
32.7277
32.7926
32.7832
32.8916
32.9471
32.9645
32.906
32.8429
32.8999
32.7888
32.4924
31.4491
7.37329e-005
0.0210244
0.698375
3.10354
12.0727
19.9243
20.6591
30.0652
32.1848
32.5757
32.7324
32.7872
32.7962
32.698
32.718
32.7009
32.7101
32.7275
32.6842
32.6663
32.6601
32.6043
32.5616
32.5088
32.4159
32.2375
32.0313
31.8986
31.3128
29.5441
23.8249
8.92637
5.84376
27.0854
30.1755
25.4971
31.2427
31.5203
31.0121
31.9968
32.1198
32.1623
32.1826
32.0202
31.8889
31.7231
31.8277
31.7457
31.7386
31.5372
31.3763
30.9138
30.4611
29.7562
28.5037
27.7268
24.8915
24.5041
19.2195
19.5602
12.9464
9.83242
1.82208
0.959262
SNR of Background Average
32.2081
32.3
32.3228
32.4013
32.5479
32.7136
32.8271
32.8554
32.8084
32.7448
32.7322
32.7184
32.6709
32.631
32.6049
32.6252
32.6804
32.9969
33.0971
33.1794
33.2406
33.2227
33.252
33.255
33.2503
33.227
33.2369
33.2557
33.2566
33.2598
33.268
33.2508
33.1851
33.1657
32.6026
32.7527
33.1406
33.2276
33.249
33.2485
33.2525
33.2532
33.2436
33.2439
33.2307
33.1486
32.1207
29.8986
31.9752
32.9722
33.1246
33.1423
33.1381
33.1748
33.1944
33.201
33.1828
33.1634
33.1801
33.1395
33.0184
32.5105
6.97453e-005
0.00692195
0.156142
0.838917
6.02111
13.1348
15.7422
28.5046
31.807
32.4203
32.6668
32.7732
32.8229
32.7713
32.8206
32.8325
32.8629
32.8904
32.8686
32.8593
32.8529
32.8142
32.7848
32.7454
32.6723
32.5324
32.3539
32.2018
31.6547
29.9381
23.6239
7.33657
1.31056
13.5619
20.5206
12.0687
26.1451
27.638
26.8068
29.778
30.3146
30.5485
30.7301
30.5169
30.3741
30.135
30.3519
30.0805
29.8466
29.1062
28.4863
27.0138
25.3019
22.8292
18.2397
15.3404
10.7603
9.62992
5.99386
6.47807
3.494
1.97409
0.309919
0.119894
SNR of Target
32.9255
32.9698
32.991
33.0113
33.0268
33.0359
33.0508
33.0465
33.0336
33.0194
33.025
33.0303
33.0202
33.0222
33.0401
33.0611
33.0129
33.0349
32.9999
33.0151
33.1154
33.0533
33.128
33.134
33.1197
33.0551
33.0838
33.1356
33.1385
33.1484
33.1701
33.1218
32.9385
32.9049
31.3292
31.7975
32.8616
33.0816
33.1343
33.1308
33.1399
33.1406
33.1153
33.1154
33.0833
32.8748
30.0225
25.4592
30.0603
32.5368
32.8989
32.9445
32.9375
33.0128
33.0517
33.0644
33.0242
32.9812
33.0218
32.9461
32.7435
32.0445
7.67859e-005
0.0278823
0.91912
3.99498
14.8967
23.0253
23.8452
31.1913
32.5733
32.8247
32.9262
32.9622
32.9689
32.9064
32.9203
32.9099
32.9158
32.9271
32.9002
32.8888
32.8841
32.848
32.8193
32.7836
32.7234
32.6104
32.4809
32.3993
32.0328
30.8932
26.6929
11.3827
7.50192
28.9506
31.1855
27.8361
31.9462
32.1434
31.8484
32.4798
32.5621
32.5837
32.5925
32.493
32.4173
32.3182
32.3836
32.3191
32.2692
32.0935
31.9777
31.6776
31.3926
30.9147
29.997
29.421
27.2766
26.9563
22.4128
22.781
16.0531
12.6693
2.73473
1.01026
