L of Background 1
0.452615
0.705112
0.772443
0.820107
0.920208
0.975852
0.987321
0.992283
0.840981
1.06258
1.08322
1.19438
1.27559
1.3176
1.3694
1.37305
1.36976
1.36092
1.37577
1.38569
1.33956
1.30936
1.35415
1.36734
1.3536
1.46386
1.57018
1.58352
1.7362
1.98375
2.20851
2.30191
2.45223
2.47949
2.55584
2.60991
2.5915
2.54532
2.42685
2.2853
2.18428
2.09449
2.03717
1.78061
1.78976
1.81023
1.81835
1.78583
1.68704
1.63991
1.62495
1.55856
1.53701
1.53183
1.48988
1.40249
1.30442
1.25077
1.24944
1.25425
1.22384
1.20303
1.20222
1.30161
1.41007
1.97645
2.83488
3.36718
4.23098
5.04396
5.22619
4.53789
5.27898
5.74931
7.55943
8.60137
9.52854
10.0427
10.2295
9.23889
4.53458
8.59873
10.4329
10.6387
10.6254
10.3233
9.81434
9.84061
9.74229
9.92984
9.27708
7.12842
7.56037
7.87199
8.04664
8.6392
9.3988
9.63243
9.41319
8.83061
9.58839
9.4396
9.04956
9.40961
9.35922
9.17853
8.98611
8.35903
5.99919
5.60256
5.83384
5.18628
4.91225
6.06312
5.26981
2.269
0.924126
1.73992
1.7867
2.1639
2.98349
4.38781
4.5733
5.15416
6.07519
6.55153
6.74504
6.75953
6.87928
6.83389
6.8163
6.79725
6.74502
6.68403
6.60195
6.45801
6.30804
6.14467
5.99855
5.64484
5.28702
4.74589
3.95813
3.27379
1.91811
0.699698
0.452378
0.583283
0.986766
0.823788
1.03857
1.73594
2.46624
2.9979
3.2857
3.21732
3.35878
3.5473
3.38488
3.5532
3.63135
3.8931
4.00489
4.1558
4.21295
4.15482
4.03834
3.78034
3.32643
3.24988
3.56881
3.61533
3.55772
3.25325
2.88944
2.46689
2.10633
1.73715
1.23668
0.822117
0.583692
0.133098
0.0061978
4.22349e-005
1.30614e-007
5.43129e-006
9.68734e-006
1.55313e-006
2.96271e-006
7.6749e-006
2.92136e-005
0.000497122
0.00284321
0.00841989
0.0198781
0.0209813
0.0315521
0.0529395
0.0961893
0.12581
0.0897007
0.0878004
0.118332
0.189189
0.348165
0.51383
0.59484
0.708159
0.781172
0.88549
0.951468
1.01878
1.06713
1.10621
1.12695
1.14615
1.13278
1.10213
1.15327
1.19503
1.21419
1.20344
1.19674
1.24302
1.2985
1.3296
1.33559
1.3119
1.30154
1.31318
1.33137
1.32043
1.29302
1.2825
1.24546
1.21816
1.16925
1.12371
1.06816
1.03144
0.977276
0.921231
0.896039
0.821224
0.771158
0.742994
0.70191
0.604642
0.532992
0.428299
0.313617
0.218862
0.116736
0.0452366
0.00931919
0.00193512
0.000179497
8.55583e-006
2.82843e-007
8.56965e-009
1.53777e-009
4.52071e-009
1.48795e-008
3.62406e-008
1.39273e-007
1.29122e-007
3.97266e-007
5.59661e-007
1.61754e-007
1.25067e-008
6.90188e-008
3.04413e-007
4.07066e-006
2.55434e-005
0.000122272
0.00060856
0.00194172
0.00254706
0.00488429
0.0146492
0.0306351
0.0497295
0.0726913
0.0770467
0.0595754
0.0289283
0.0327328
0.0373986
0.0631181
0.109612
0.144179
0.151286
0.133631
0.098276
0.0992433
0.104266
0.122285
0.156438
0.174567
0.185492
0.185798
0.193045
0.19926
0.200531
0.204915
0.210572
0.215421
0.218455
0.207278
0.204613
0.20236
0.195759
0.20207
0.20591
0.189762
0.205199
0.199874
0.195933
0.202205
0.210128
0.212177
0.21186
0.204256
0.195339
0.187644
0.178912
0.166212
0.158662
0.151383
0.145301
0.13928
0.132003
0.122069
0.120106
0.114529
0.105855
0.0938097
0.0916872
0.077994
0.0645837
0.0558156
0.0495329
0.0503801
0.0451157
0.0293134
0.0234603
0.0224791
0.0227007
0.020719
0.0136874
0.00701244
0.00862362
0.0101336
0.00659223
0.00569377
0.00470634
0.00113115
0.00257418
0.0023994
0.00142033
L of Background Average
0.452615
0.705112
0.772443
0.820107
0.920208
0.975852
0.987321
0.992283
0.840981
1.06258
1.08322
1.19438
1.27559
1.3176
1.3694
1.37305
1.36976
1.36092
1.37577
1.38569
1.33956
1.30936
1.35415
1.36734
1.3536
1.46386
1.57018
1.58352
1.7362
1.98375
2.20851
2.30191
2.45223
2.47949
2.55584
2.60991
2.5915
2.54532
2.42685
2.2853
2.18428
2.09449
2.03717
1.78061
1.78976
1.81023
1.81835
1.78583
1.68704
1.63991
1.62495
1.55856
1.53701
1.53183
1.48988
1.40249
1.30442
1.25077
1.24944
1.25425
1.22384
1.20303
1.20222
1.30161
1.41007
1.97645
2.83488
3.36718
4.23098
5.04396
5.22619
4.53789
5.27898
5.74931
7.55943
8.60137
9.52854
10.0427
10.2295
9.23889
4.53458
8.59873
10.4329
10.6387
10.6254
10.3233
9.81434
9.84061
9.74229
9.92984
9.27708
7.12842
7.56037
7.87199
8.04664
8.6392
9.3988
9.63243
9.41319
8.83061
9.58839
9.4396
9.04956
9.40961
9.35922
9.17853
8.98611
8.35903
5.99919
5.60256
5.83384
5.18628
4.91225
6.06312
5.26981
2.269
0.924126
1.73992
1.7867
2.1639
2.98349
4.38781
4.5733
5.15416
6.07519
6.55153
6.74504
6.75953
6.87928
6.83389
6.8163
6.79725
6.74502
6.68403
6.60195
6.45801
6.30804
6.14467
5.99855
5.64484
5.28702
4.74589
3.95813
3.27379
1.91811
0.699698
0.452378
0.583283
0.986766
0.823788
1.03857
1.73594
2.46624
2.9979
3.2857
3.21732
3.35878
3.5473
3.38488
3.5532
3.63135
3.8931
4.00489
4.1558
4.21295
4.15482
4.03834
3.78034
3.32643
3.24988
3.56881
3.61533
3.55772
3.25325
2.88944
2.46689
2.10633
1.73715
1.23668
0.822117
0.583692
0.133098
0.0061978
4.22349e-005
1.30614e-007
5.43129e-006
9.68734e-006
1.55313e-006
2.96271e-006
7.6749e-006
2.92136e-005
0.000497122
0.00284321
0.00841989
0.0198781
0.0209813
0.0315521
0.0529395
0.0961893
0.12581
0.0897007
0.0878004
0.118332
0.189189
0.348165
0.51383
0.59484
0.708159
0.781172
0.88549
0.951468
1.01878
1.06713
1.10621
1.12695
1.14615
1.13278
1.10213
1.15327
1.19503
1.21419
1.20344
1.19674
1.24302
1.2985
1.3296
1.33559
1.3119
1.30154
1.31318
1.33137
1.32043
1.29302
1.2825
1.24546
1.21816
1.16925
1.12371
1.06816
1.03144
0.977276
0.921231
0.896039
0.821224
0.771158
0.742994
0.70191
0.604642
0.532992
0.428299
0.313617
0.218862
0.116736
0.0452366
0.00931919
0.00193512
0.000179497
8.55583e-006
2.82843e-007
8.56965e-009
1.53777e-009
4.52071e-009
1.48795e-008
3.62406e-008
1.39273e-007
1.29122e-007
3.97266e-007
5.59661e-007
1.61754e-007
1.25067e-008
6.90188e-008
3.04413e-007
4.07066e-006
2.55434e-005
0.000122272
0.00060856
0.00194172
0.00254706
0.00488429
0.0146492
0.0306351
0.0497295
0.0726913
0.0770467
0.0595754
0.0289283
0.0327328
0.0373986
0.0631181
0.109612
0.144179
0.151286
0.133631
0.098276
0.0992433
0.104266
0.122285
0.156438
0.174567
0.185492
0.185798
0.193045
0.19926
0.200531
0.204915
0.210572
0.215421
0.218455
0.207278
0.204613
0.20236
0.195759
0.20207
0.20591
0.189762
0.205199
0.199874
0.195933
0.202205
0.210128
0.212177
0.21186
0.204256
0.195339
0.187644
0.178912
0.166212
0.158662
0.151383
0.145301
0.13928
0.132003
0.122069
0.120106
0.114529
0.105855
0.0938097
0.0916872
0.077994
0.0645837
0.0558156
0.0495329
0.0503801
0.0451157
0.0293134
0.0234603
0.0224791
0.0227007
0.020719
0.0136874
0.00701244
0.00862362
0.0101336
0.00659223
0.00569377
0.00470634
0.00113115
0.00257418
0.0023994
0.00142033
L of Target
0.452615
0.705112
0.772443
0.820107
0.920208
0.975852
0.987321
0.992283
0.840981
1.06258
1.08322
1.19438
1.27559
1.3176
1.3694
1.37305
1.36976
1.36092
1.37577
1.38569
1.33956
1.30936
1.35415
1.36734
1.3536
1.46386
1.57018
1.58352
1.7362
1.98375
2.20851
2.30191
2.45223
2.47949
2.55584
2.60991
2.5915
2.54532
2.42685
2.2853
2.18428
2.09449
2.03717
1.78061
1.78976
1.81023
1.81835
1.78583
1.68704
1.63991
1.62495
1.55856
1.53701
1.53183
1.48988
1.40249
1.30442
1.25077
1.24944
1.25425
1.22384
1.20303
1.20222
1.30161
1.41007
1.97645
2.83488
3.36718
4.23098
5.04396
5.22619
4.53789
5.27898
5.74931
7.55943
8.60137
9.52854
10.0427
10.2295
9.23889
4.53458
8.59873
10.4329
10.6387
10.6254
10.3233
9.81434
9.84061
9.74229
9.92984
9.27708
7.12842
7.56037
7.87199
8.04664
8.6392
9.3988
9.63243
9.41319
8.83061
9.58839
9.4396
9.04956
9.40961
9.35922
9.17853
8.98611
8.35903
5.99919
5.60256
5.83384
5.18628
4.91225
6.06312
5.26981
2.269
0.924126
1.73992
1.7867
2.1639
2.98349
4.38781
4.5733
5.15416
6.07519
6.55153
6.74504
6.75953
6.87928
6.83389
6.8163
6.79725
6.74502
6.68403
6.60195
6.45801
6.30804
6.14467
5.99855
5.64484
5.28702
4.74589
3.95813
3.27379
1.91811
0.699698
0.452378
0.583283
0.986766
0.823788
1.03857
1.73594
2.46624
2.9979
3.2857
3.21732
3.35878
3.5473
3.38488
3.5532
3.63135
3.8931
4.00489
4.1558
4.21295
4.15482
4.03834
3.78034
3.32643
3.24988
3.56881
3.61533
3.55772
3.25325
2.88944
2.46689
2.10633
1.73715
1.23668
0.822117
0.583692
0.133098
0.0061978
4.22349e-005
1.30614e-007
5.43129e-006
9.68734e-006
1.55313e-006
2.96271e-006
7.6749e-006
2.92136e-005
0.000497122
0.00284321
0.00841989
0.0198781
0.0209813
0.0315521
0.0529395
0.0961893
0.12581
0.0897007
0.0878004
0.118332
0.189189
0.348165
0.51383
0.59484
0.708159
0.781172
0.88549
0.951468
1.01878
1.06713
1.10621
1.12695
1.14615
1.13278
1.10213
1.15327
1.19503
1.21419
1.20344
1.19674
1.24302
1.2985
1.3296
1.33559
1.3119
1.30154
1.31318
1.33137
1.32043
1.29302
1.2825
1.24546
1.21816
1.16925
1.12371
1.06816
1.03144
0.977276
0.921231
0.896039
0.821224
0.771158
0.742994
0.70191
0.604642
0.532992
0.428299
0.313617
0.218862
0.116736
0.0452366
0.00931919
0.00193512
0.000179497
8.55583e-006
2.82843e-007
8.56965e-009
1.53777e-009
4.52071e-009
1.48795e-008
3.62406e-008
1.39273e-007
1.29122e-007
3.97266e-007
5.59661e-007
1.61754e-007
1.25067e-008
6.90188e-008
3.04413e-007
4.07066e-006
2.55434e-005
0.000122272
0.00060856
0.00194172
0.00254706
0.00488429
0.0146492
0.0306351
0.0497295
0.0726913
0.0770467
0.0595754
0.0289283
0.0327328
0.0373986
0.0631181
0.109612
0.144179
0.151286
0.133631
0.098276
0.0992433
0.104266
0.122285
0.156438
0.174567
0.185492
0.185798
0.193045
0.19926
0.200531
0.204915
0.210572
0.215421
0.218455
0.207278
0.204613
0.20236
0.195759
0.20207
0.20591
0.189762
0.205199
0.199874
0.195933
0.202205
0.210128
0.212177
0.21186
0.204256
0.195339
0.187644
0.178912
0.166212
0.158662
0.151383
0.145301
0.13928
0.132003
0.122069
0.120106
0.114529
0.105855
0.0938097
0.0916872
0.077994
0.0645837
0.0558156
0.0495329
0.0503801
0.0451157
0.0293134
0.0234603
0.0224791
0.0227007
0.020719
0.0136874
0.00701244
0.00862362
0.0101336
0.00659223
0.00569377
0.00470634
0.00113115
0.00257418
0.0023994
0.00142033
