SNR of Background 1
4.9538
8.84364
10.5308
12.117
14.3308
16.5283
18.5162
20.3717
19.3506
25.0122
27.0972
30.753
34.1911
36.5971
38.8523
40.4341
41.6509
42.9785
44.3792
45.9522
46.4572
47.188
49.2119
50.6686
50.5301
52.8503
54.2625
54.7565
57.0429
60.694
63.3724
64.5381
66.2861
66.7294
67.5317
68.3507
68.6715
68.6421
68.0766
67.2921
66.5922
66.126
65.863
63.2661
63.7465
64.4772
64.0468
62.7771
60.7355
58.8427
58.5181
57.3851
56.8412
56.5946
55.425
53.7052
51.5881
50.7799
50.7283
50.984
50.5896
50.3074
50.4942
52.6087
54.5049
62.8336
70.899
74.3749
78.3096
80.8039
81.2248
78.6707
80.6527
81.7453
85.105
86.3081
87.2817
87.5047
87.3428
85.761
73.745
83.6895
85.7269
85.4799
84.7005
83.7399
82.3954
81.7415
80.8435
80.5491
79.0731
74.1325
74.3932
74.7592
74.2307
75.1346
76.2408
76.2314
74.7166
72.9374
73.9672
73.0637
71.5755
72.4721
71.6855
70.5594
69.3342
66.9176
58.2203
55.479
55.3423
51.2042
48.5519
52.4242
47.4425
26.7313
12.1852
32.2316
31.0704
19.9559
37.3678
48.8702
48.2375
47.487
45.7529
37.1191
23.7039
24.0295
24.7297
27.6036
27.8573
30.8073
33.522
33.6253
36.0047
35.5734
37.4417
39.1026
38.5821
39.0864
39.269
36.2427
32.9715
29.6391
19.3897
7.79144
5.36114
7.57044
13.2288
11.6304
15.0617
25.0761
34.9249
41.8372
44.7414
45.1545
47.607
50.4501
50.0845
52.9153
55.8202
59.2769
61.2884
63.5334
64.9634
66.2414
66.2459
64.9851
61.6998
61.8187
65.6863
66.9183
67.1728
65.762
62.6109
58.0396
53.4299
47.6225
37.4707
27.0628
20.2259
4.94471
0.237734
0.00165536
5.22734e-006
0.000222182
0.000404398
6.61497e-005
0.0001287
0.000339959
0.00132106
0.0226439
0.132162
0.399156
0.961631
1.02075
1.56604
2.66569
4.84011
6.41114
4.66736
4.58961
6.26029
9.94885
18.0889
26.3535
30.2205
35.649
39.2711
43.5533
46.6558
49.7016
51.6251
53.9175
55.6104
56.8713
57.51
57.6043
59.7501
61.9243
63.4119
63.9924
64.3062
65.9754
67.8184
69.3116
69.8924
69.7587
69.9555
70.3366
70.8895
70.7615
70.2852
70.1553
69.4208
68.8635
67.7502
66.6581
65.1606
64.1777
62.5619
60.7537
59.5676
56.7755
54.7916
53.4014
52.154
47.3979
43.5185
37.3428
28.9893
21.4086
11.9252
4.70466
0.973895
0.204235
0.0189007
0.000897562
2.95915e-005
9.03753e-007
1.61534e-007
4.68944e-007
1.54e-006
3.70193e-006
1.40202e-005
1.29572e-005
3.97225e-005
5.51583e-005
1.58727e-005
1.22696e-006
6.84665e-006
3.02197e-005
0.000404412
0.00256218
0.0122735
0.0611206
0.19706
0.257992
0.493602
1.45993
3.04051
4.90423
7.04317
7.45138
5.77535
2.8153
3.20512
3.68356
6.22109
10.7404
14.0713
14.8275
13.1288
9.77609
9.88686
10.3901
12.1404
15.368
17.0708
17.9226
17.9793
18.7728
19.4559
19.5243
20.0426
20.7036
21.063
21.489
20.4006
20.0987
19.8325
19.173
19.6823
19.7622
18.2376
19.5464
19.0118
18.3944
18.6395
18.8151
18.4683
17.8947
16.9817
15.7743
14.6661
13.7619
12.5728
11.7816
11.0437
10.5483
9.9127
9.22041
8.35826
8.33563
8.06163
7.56055
6.80233
6.73634
5.81831
4.89127
4.28724
3.76253
3.77892
3.29233
2.11739
1.67636
1.58523
1.57919
1.42187
0.911091
0.459971
0.547013
0.63213
0.397189
0.330767
0.26848
0.0621828
0.138952
0.124443
0.0722543
SNR of Background Average
4.9538
8.84364
10.5308
12.117
14.3308
16.5283
18.5162
20.3717
19.3506
25.0122
27.0972
30.753
34.1911
36.5971
38.8523
40.4341
41.6509
42.9785
44.3792
45.9522
46.4572
47.188
49.2119
50.6686
50.5301
52.8503
54.2625
54.7565
57.0429
60.694
63.3724
64.5381
66.2861
66.7294
67.5317
68.3507
68.6715
68.6421
68.0766
67.2921
66.5922
66.126
65.863
63.2661
63.7465
64.4772
64.0468
62.7771
60.7355
58.8427
58.5181
57.3851
56.8412
56.5946
55.425
53.7052
51.5881
50.7799
50.7283
50.984
50.5896
50.3074
50.4942
52.6087
54.5049
62.8336
70.899
74.3749
78.3096
80.8039
81.2248
78.6707
80.6527
81.7453
85.105
86.3081
87.2817
87.5047
87.3428
85.761
73.745
83.6895
85.7269
85.4799
84.7005
83.7399
82.3954
81.7415
80.8435
80.5491
79.0731
74.1325
74.3932
74.7592
74.2307
75.1346
76.2408
76.2314
74.7166
72.9374
73.9672
73.0637
71.5755
72.4721
71.6855
70.5594
69.3342
66.9176
58.2203
55.479
55.3423
51.2042
48.5519
52.4242
47.4425
26.7313
12.1852
32.2316
31.0704
19.9559
37.3678
48.8702
48.2375
47.487
45.7529
37.1191
23.7039
24.0295
24.7297
27.6036
27.8573
30.8073
33.522
33.6253
36.0047
35.5734
37.4417
39.1026
38.5821
39.0864
39.269
36.2427
32.9715
29.6391
19.3897
7.79144
5.36114
7.57044
13.2288
11.6304
15.0617
25.0761
34.9249
41.8372
44.7414
45.1545
47.607
50.4501
50.0845
52.9153
55.8202
59.2769
61.2884
63.5334
64.9634
66.2414
66.2459
64.9851
61.6998
61.8187
65.6863
66.9183
67.1728
65.762
62.6109
58.0396
53.4299
47.6225
37.4707
27.0628
20.2259
4.94471
0.237734
0.00165536
5.22734e-006
0.000222182
0.000404398
6.61497e-005
0.0001287
0.000339959
0.00132106
0.0226439
0.132162
0.399156
0.961631
1.02075
1.56604
2.66569
4.84011
6.41114
4.66736
4.58961
6.26029
9.94885
18.0889
26.3535
30.2205
35.649
39.2711
43.5533
46.6558
49.7016
51.6251
53.9175
55.6104
56.8713
57.51
57.6043
59.7501
61.9243
63.4119
63.9924
64.3062
65.9754
67.8184
69.3116
69.8924
69.7587
69.9555
70.3366
70.8895
70.7615
70.2852
70.1553
69.4208
68.8635
67.7502
66.6581
65.1606
64.1777
62.5619
60.7537
59.5676
56.7755
54.7916
53.4014
52.154
47.3979
43.5185
37.3428
28.9893
21.4086
11.9252
4.70466
0.973895
0.204235
0.0189007
0.000897562
2.95915e-005
9.03753e-007
1.61534e-007
4.68944e-007
1.54e-006
3.70193e-006
1.40202e-005
1.29572e-005
3.97225e-005
5.51583e-005
1.58727e-005
1.22696e-006
6.84665e-006
3.02197e-005
0.000404412
0.00256218
0.0122735
0.0611206
0.19706
0.257992
0.493602
1.45993
3.04051
4.90423
7.04317
7.45138
5.77535
2.8153
3.20512
3.68356
6.22109
10.7404
14.0713
14.8275
13.1288
9.77609
9.88686
10.3901
12.1404
15.368
17.0708
17.9226
17.9793
18.7728
19.4559
19.5243
20.0426
20.7036
21.063
21.489
20.4006
20.0987
19.8325
19.173
19.6823
19.7622
18.2376
19.5464
19.0118
18.3944
18.6395
18.8151
18.4683
17.8947
16.9817
15.7743
14.6661
13.7619
12.5728
11.7816
11.0437
10.5483
9.9127
9.22041
8.35826
8.33563
8.06163
7.56055
6.80233
6.73634
5.81831
4.89127
4.28724
3.76253
3.77892
3.29233
2.11739
1.67636
1.58523
1.57919
1.42187
0.911091
0.459971
0.547013
0.63213
0.397189
0.330767
0.26848
0.0621828
0.138952
0.124443
0.0722543
SNR of Target
4.9538
8.84364
10.5308
12.117
14.3308
16.5283
18.5162
20.3717
19.3506
25.0122
27.0972
30.753
34.1911
36.5971
38.8523
40.4341
41.6509
42.9785
44.3792
45.9522
46.4572
47.188
49.2119
50.6686
50.5301
52.8503
54.2625
54.7565
57.0429
60.694
63.3724
64.5381
66.2861
66.7294
67.5317
68.3507
68.6715
68.6421
68.0766
67.2921
66.5922
66.126
65.863
63.2661
63.7465
64.4772
64.0468
62.7771
60.7355
58.8427
58.5181
57.3851
56.8412
56.5946
55.425
53.7052
51.5881
50.7799
50.7283
50.984
50.5896
50.3074
50.4942
52.6087
54.5049
62.8336
70.899
74.3749
78.3096
80.8039
81.2248
78.6707
80.6527
81.7453
85.105
86.3081
87.2817
87.5047
87.3428
85.761
73.745
83.6895
85.7269
85.4799
84.7005
83.7399
82.3954
81.7415
80.8435
80.5491
79.0731
74.1325
74.3932
74.7592
74.2307
75.1346
76.2408
76.2314
74.7166
72.9374
73.9672
73.0637
71.5755
72.4721
71.6855
70.5594
69.3342
66.9176
58.2203
55.479
55.3423
51.2042
48.5519
52.4242
47.4425
26.7313
12.1852
32.2316
31.0704
19.9559
37.3678
48.8702
48.2375
47.487
45.7529
37.1191
23.7039
24.0295
24.7297
27.6036
27.8573
30.8073
33.522
33.6253
36.0047
35.5734
37.4417
39.1026
38.5821
39.0864
39.269
36.2427
32.9715
29.6391
19.3897
7.79144
5.36114
7.57044
13.2288
11.6304
15.0617
25.0761
34.9249
41.8372
44.7414
45.1545
47.607
50.4501
50.0845
52.9153
55.8202
59.2769
61.2884
63.5334
64.9634
66.2414
66.2459
64.9851
61.6998
61.8187
65.6863
66.9183
67.1728
65.762
62.6109
58.0396
53.4299
47.6225
37.4707
27.0628
20.2259
4.94471
0.237734
0.00165536
5.22734e-006
0.000222182
0.000404398
6.61497e-005
0.0001287
0.000339959
0.00132106
0.0226439
0.132162
0.399156
0.961631
1.02075
1.56604
2.66569
4.84011
6.41114
4.66736
4.58961
6.26029
9.94885
18.0889
26.3535
30.2205
35.649
39.2711
43.5533
46.6558
49.7016
51.6251
53.9175
55.6104
56.8713
57.51
57.6043
59.7501
61.9243
63.4119
63.9924
64.3062
65.9754
67.8184
69.3116
69.8924
69.7587
69.9555
70.3366
70.8895
70.7615
70.2852
70.1553
69.4208
68.8635
67.7502
66.6581
65.1606
64.1777
62.5619
60.7537
59.5676
56.7755
54.7916
53.4014
52.154
47.3979
43.5185
37.3428
28.9893
21.4086
11.9252
4.70466
0.973895
0.204235
0.0189007
0.000897562
2.95915e-005
9.03753e-007
1.61534e-007
4.68944e-007
1.54e-006
3.70193e-006
1.40202e-005
1.29572e-005
3.97225e-005
5.51583e-005
1.58727e-005
1.22696e-006
6.84665e-006
3.02197e-005
0.000404412
0.00256218
0.0122735
0.0611206
0.19706
0.257992
0.493602
1.45993
3.04051
4.90423
7.04317
7.45138
5.77535
2.8153
3.20512
3.68356
6.22109
10.7404
14.0713
14.8275
13.1288
9.77609
9.88686
10.3901
12.1404
15.368
17.0708
17.9226
17.9793
18.7728
19.4559
19.5243
20.0426
20.7036
21.063
21.489
20.4006
20.0987
19.8325
19.173
19.6823
19.7622
18.2376
19.5464
19.0118
18.3944
18.6395
18.8151
18.4683
17.8947
16.9817
15.7743
14.6661
13.7619
12.5728
11.7816
11.0437
10.5483
9.9127
9.22041
8.35826
8.33563
8.06163
7.56055
6.80233
6.73634
5.81831
4.89127
4.28724
3.76253
3.77892
3.29233
2.11739
1.67636
1.58523
1.57919
1.42187
0.911091
0.459971
0.547013
0.63213
0.397189
0.330767
0.26848
0.0621828
0.138952
0.124443
0.0722543
