L of Background 1
0.451795
0.704687
0.772718
0.818567
0.914534
0.966014
0.976675
0.982476
0.833162
1.05219
1.07162
1.18277
1.26327
1.30651
1.35995
1.36672
1.36839
1.36486
1.38286
1.39507
1.35211
1.32619
1.37591
1.39284
1.3863
1.50305
1.60232
1.60766
1.75393
1.99444
2.20914
2.29277
2.43789
2.47076
2.54224
2.5868
2.56519
2.51957
2.40982
2.29174
2.1928
2.1008
2.05404
1.88523
1.89099
1.8627
1.8354
1.80454
1.71134
1.66812
1.65551
1.59741
1.57952
1.57543
1.53629
1.47304
1.40146
1.33276
1.31689
1.31292
1.28337
1.26327
1.26353
1.35985
1.44201
2.06506
2.98734
3.54262
4.32467
5.04024
5.45368
5.34453
6.10852
6.73357
7.976
8.65663
9.23852
9.6517
9.8278
8.88145
4.26742
8.33893
10.0561
10.2283
10.2214
10.1218
9.847
9.84653
9.81417
9.82619
9.58143
8.30141
8.36835
8.65137
8.68399
9.12466
9.40301
9.39244
9.12554
8.54184
9.22384
9.05754
8.67882
9.0237
8.98472
8.84135
8.72743
8.49701
7.11667
6.68159
6.8613
6.42523
6.40918
7.03878
6.71452
4.29188
2.64315
3.5743
3.65609
3.96155
4.65608
5.54292
5.62337
6.00311
6.44338
6.62398
6.77783
6.82832
6.93973
6.86459
6.84748
6.79333
6.71673
6.64573
6.55964
6.41439
6.27282
6.15955
6.09974
5.87529
5.62064
5.25641
4.86558
4.47823
3.29434
1.98301
1.60394
1.73668
2.23786
2.03325
2.25274
2.8928
3.47899
3.79627
3.8797
3.8529
3.98934
4.11139
3.94071
4.01396
4.11953
4.21634
4.2415
4.26812
4.23245
4.15405
4.03767
3.77957
3.31313
3.24977
3.60701
3.68492
3.73883
3.5978
3.33815
3.00179
2.69863
2.39475
1.96412
1.59313
1.35887
0.626816
0.106673
0.00638501
0.000802393
0.00694708
0.0120353
0.00462314
0.00846286
0.0107167
0.0171672
0.040605
0.0792391
0.116447
0.158203
0.147962
0.181193
0.225033
0.301526
0.33663
0.284219
0.279371
0.337283
0.437442
0.614924
0.75047
0.800782
0.898507
0.955326
1.01567
1.05373
1.08926
1.12584
1.1562
1.17051
1.18953
1.1733
1.13516
1.18858
1.23428
1.25417
1.2401
1.22736
1.27681
1.33454
1.36361
1.3708
1.349
1.33812
1.35381
1.37541
1.36743
1.33973
1.33234
1.29467
1.27746
1.24403
1.20065
1.15134
1.11932
1.07733
1.03366
1.00256
0.944486
0.90802
0.886026
0.851415
0.787046
0.763691
0.669708
0.562674
0.4743
0.346456
0.194532
0.0953089
0.0416417
0.012665
0.00323085
0.00071587
7.25046e-005
3.83967e-005
8.06534e-005
0.000142622
0.000203797
7.06207e-005
0.000263979
0.000861485
0.00108875
0.000403021
8.70927e-005
0.000317659
0.000639702
0.00138864
0.00295801
0.00509571
0.00910925
0.0142726
0.0138669
0.0177942
0.0338912
0.0599553
0.0887556
0.117289
0.124279
0.0983021
0.0426168
0.0440416
0.0524722
0.0890926
0.14798
0.183648
0.18557
0.160916
0.117073
0.117562
0.123392
0.146245
0.185386
0.203145
0.21242
0.216876
0.222442
0.225095
0.22714
0.230764
0.234922
0.237139
0.237769
0.233324
0.232905
0.229545
0.223948
0.229913
0.234125
0.227603
0.236833
0.23032
0.228004
0.233302
0.23554
0.234969
0.229977
0.222941
0.213401
0.204743
0.195309
0.181802
0.173482
0.165776
0.159677
0.154043
0.147812
0.139486
0.139007
0.134658
0.12713
0.116072
0.114085
0.101524
0.0885479
0.078342
0.071645
0.0728896
0.066649
0.0480389
0.0438895
0.0420445
0.0418113
0.0391014
0.0302666
0.0199618
0.0218588
0.0236373
0.017683
0.0153876
0.0132375
0.00605126
0.00906168
0.00867919
0.00660176
L of Background 2
0.890343
1.35672
1.44369
1.44801
1.52519
1.51917
1.44587
1.38607
1.14699
1.44367
1.47304
1.61698
1.71012
1.74985
1.79108
1.77804
1.78213
1.79299
1.8217
1.81891
1.74024
1.69463
1.74015
1.72301
1.66229
1.73134
1.7334
1.60776
1.61535
1.68868
1.73028
1.69479
1.73903
1.72073
1.73288
1.73605
1.71375
1.70573
1.68331
1.68093
1.6947
1.68869
1.68911
1.58147
1.61952
1.62486
1.62402
1.62111
1.56897
1.56485
1.58387
1.5509
1.5485
1.56501
1.56116
1.54408
1.51419
1.4762
1.50092
1.53839
1.53612
1.52545
1.52086
1.5104
1.27988
1.35105
1.49735
1.50707
1.55179
1.5781
1.52578
1.34286
1.41142
1.43669
1.58337
1.61443
1.63963
1.65985
1.65767
1.47685
0.694391
1.3429
1.59881
1.60903
1.59666
1.57281
1.52372
1.5181
1.50756
1.5038
1.4616
1.26219
1.26631
1.30408
1.30536
1.36637
1.4031
1.39811
1.35589
1.26593
1.36484
1.34096
1.28426
1.33085
1.32134
1.30077
1.286
1.25357
1.05101
0.989468
1.02063
0.956103
0.956993
1.0556
1.01098
0.644586
0.393691
0.539591
0.555725
0.607939
0.721392
0.863503
0.887036
0.967332
1.05141
1.07442
1.07152
1.05007
1.05447
1.04099
1.03477
1.02353
1.00926
0.996992
0.985309
0.963866
0.941627
0.925279
0.921958
0.899968
0.87577
0.831703
0.777208
0.717562
0.528066
0.318968
0.26055
0.28593
0.37683
0.34872
0.394413
0.515494
0.625265
0.675618
0.673533
0.652571
0.666195
0.684362
0.655934
0.667522
0.683939
0.698716
0.702188
0.708159
0.705242
0.694536
0.676688
0.634944
0.558774
0.549371
0.610114
0.625192
0.641913
0.629856
0.598007
0.551806
0.514543
0.480354
0.415887
0.353581
0.311599
0.147263
0.0258294
0.00155218
0.000103339
0.000942728
0.00212944
0.0037359
0.00724359
0.00439181
0.00666306
0.0188279
0.0394183
0.0617822
0.0880558
0.0864543
0.111133
0.140945
0.189952
0.211948
0.178459
0.173791
0.200822
0.240788
0.315052
0.369448
0.383609
0.418894
0.433751
0.448038
0.45022
0.450053
0.45077
0.450651
0.446268
0.443647
0.423428
0.394447
0.403042
0.415247
0.417074
0.402071
0.385354
0.391725
0.405233
0.411518
0.408318
0.393404
0.382606
0.383165
0.387593
0.383389
0.37348
0.370555
0.361294
0.358713
0.352076
0.342767
0.332331
0.327299
0.318549
0.30817
0.301126
0.287407
0.2828
0.284891
0.281985
0.265302
0.260127
0.231452
0.200987
0.177308
0.13817
0.0835444
0.0465687
0.024498
0.0104605
0.00494159
0.00146563
4.78431e-006
3.86436e-006
0.000722309
0.00114969
0.00134617
0.000170753
3.95483e-005
4.49912e-005
0.001319
0.00083514
0.000423713
0.00116009
0.00173317
0.00588052
0.0137056
0.0207579
0.0308382
0.0420623
0.0367507
0.0399877
0.0677705
0.109006
0.147526
0.177633
0.173462
0.12764
0.0510475
0.0495866
0.0575054
0.0957043
0.155755
0.18949
0.18819
0.159912
0.112883
0.111334
0.114956
0.135587
0.171763
0.185791
0.189379
0.19038
0.194682
0.194662
0.19116
0.190666
0.191548
0.191159
0.191169
0.185131
0.180445
0.175271
0.169646
0.171676
0.173468
0.161931
0.1643
0.158407
0.156876
0.16018
0.159314
0.157457
0.157171
0.155525
0.150854
0.146673
0.141268
0.130144
0.123454
0.117611
0.115634
0.115747
0.116153
0.104481
0.100524
0.0957788
0.0909899
0.0898572
0.0982703
0.0935204
0.0868707
0.081431
0.0723913
0.0798484
0.0793253
0.0649409
0.0749709
0.0727248
0.0760755
0.0756533
0.0675397
0.0623426
0.0727737
0.08094
0.0677578
0.0789751
0.0752442
0.0390675
0.0626027
0.0613169
0.0493414
L of Background Average
0.539262
0.834753
0.906582
0.944171
1.03641
1.07644
1.07036
1.06309
0.895846
1.1304
1.15179
1.26951
1.35254
1.39508
1.44609
1.4489
1.45107
1.45041
1.47055
1.47977
1.42967
1.39982
1.4487
1.45884
1.44147
1.54869
1.62853
1.60768
1.7262
1.93325
2.11329
2.17305
2.29794
2.32057
2.38015
2.41641
2.39467
2.35659
2.26436
2.16947
2.0931
2.01833
1.98101
1.82445
1.83667
1.81511
1.79312
1.76785
1.68286
1.64747
1.64118
1.58811
1.57332
1.57335
1.54127
1.48725
1.42401
1.36144
1.35369
1.358
1.3339
1.31569
1.31498
1.38996
1.40957
1.92211
2.68882
3.13453
3.76828
4.34497
4.66444
4.5404
5.16405
5.66769
6.68805
7.23672
7.70548
8.03885
8.17877
7.38729
3.54957
6.92822
8.3487
8.48795
8.48008
8.39589
8.16701
8.1655
8.13763
8.14642
7.94294
6.8829
6.93676
7.1701
7.19645
7.55978
7.7889
7.77948
7.55803
7.074
7.63843
7.50095
7.18734
7.47215
7.43915
7.32068
7.22695
7.03683
5.89563
5.536
5.68578
5.325
5.31236
5.83415
5.56653
3.55953
2.19243
2.96556
3.03421
3.28856
3.86584
4.60226
4.67126
4.99039
5.35853
5.50725
5.62936
5.6652
5.75499
5.6923
5.67744
5.63195
5.56793
5.50883
5.43779
5.31758
5.20011
5.10641
5.05805
4.87454
4.6665
4.36692
4.04407
3.72291
2.73931
1.64964
1.33493
1.44605
1.86486
1.69579
1.88038
2.4161
2.90638
3.16991
3.23614
3.2105
3.32218
3.42328
3.28126
3.34208
3.4297
3.50996
3.53074
3.55319
3.5241
3.45935
3.36282
3.1483
2.76045
2.70795
3.00549
3.07072
3.11719
3.00215
2.78839
2.51043
2.26072
2.01102
1.6539
1.34487
1.14915
0.530842
0.0905004
0.00541832
0.000662584
0.00574621
0.010054
0.00444563
0.00821885
0.00945162
0.0150663
0.036249
0.0712739
0.105513
0.144173
0.135661
0.167181
0.208215
0.279207
0.311692
0.263065
0.258252
0.309985
0.398103
0.554933
0.674239
0.71731
0.802531
0.85095
0.90207
0.932928
0.961305
0.990703
1.01496
1.02553
1.04022
1.02319
0.986874
1.03131
1.0703
1.08657
1.07231
1.05878
1.09959
1.14845
1.17297
1.17807
1.15766
1.14679
1.15945
1.1776
1.17039
1.14625
1.13974
1.10777
1.0935
1.06544
1.02888
0.987374
0.960761
0.925433
0.888442
0.862151
0.812954
0.782875
0.765704
0.73744
0.68262
0.662912
0.582008
0.490304
0.414882
0.304787
0.172329
0.0855588
0.0382123
0.0122241
0.00357303
0.00086584
8.3577e-005
6.97401e-005
0.000208975
0.000344025
0.000432262
9.06465e-005
0.000219091
0.000779538
0.0011348
0.000489435
0.000154416
0.000486139
0.000858393
0.002287
0.00510742
0.00822804
0.0134549
0.0198304
0.0184437
0.0222329
0.0406667
0.069765
0.10051
0.129357
0.134116
0.10417
0.0443036
0.0451507
0.0534788
0.0904152
0.149535
0.184816
0.186094
0.160715
0.116236
0.116317
0.121706
0.144114
0.18266
0.199673
0.207811
0.211575
0.216889
0.21901
0.219949
0.222749
0.226241
0.227941
0.228453
0.223689
0.222419
0.218696
0.213086
0.218255
0.22199
0.214458
0.222331
0.215944
0.213781
0.218681
0.2203
0.219461
0.215412
0.209462
0.20089
0.193124
0.1845
0.171469
0.163475
0.156142
0.150867
0.146383
0.141481
0.132486
0.13131
0.126882
0.119901
0.110829
0.110923
0.0999233
0.0882119
0.0789588
0.0717938
0.0742812
0.0691843
0.0514193
0.0501054
0.048179
0.0486629
0.0464109
0.0377209
0.0284379
0.0320407
0.035096
0.0276982
0.0281039
0.0256375
0.0126542
0.0197683
0.0192052
0.0151489
L of Target
0.890343
1.35672
1.44369
1.44801
1.52519
1.51917
1.44587
1.38607
1.14699
1.44367
1.47304
1.61698
1.71012
1.74985
1.79108
1.77804
1.78213
1.79299
1.8217
1.81891
1.74024
1.69463
1.74015
1.72301
1.66229
1.73134
1.7334
1.60776
1.61535
1.68868
1.73028
1.69479
1.73903
1.72073
1.73288
1.73605
1.71375
1.70573
1.68331
1.68093
1.6947
1.68869
1.68911
1.58147
1.61952
1.62486
1.62402
1.62111
1.56897
1.56485
1.58387
1.5509
1.5485
1.56501
1.56116
1.54408
1.51419
1.4762
1.50092
1.53839
1.53612
1.52545
1.52086
1.5104
1.27988
1.35105
1.49735
1.50707
1.55179
1.5781
1.52578
1.34286
1.41142
1.43669
1.58337
1.61443
1.63963
1.65985
1.65767
1.47685
0.694391
1.3429
1.59881
1.60903
1.59666
1.57281
1.52372
1.5181
1.50756
1.5038
1.4616
1.26219
1.26631
1.30408
1.30536
1.36637
1.4031
1.39811
1.35589
1.26593
1.36484
1.34096
1.28426
1.33085
1.32134
1.30077
1.286
1.25357
1.05101
0.989468
1.02063
0.956103
0.956993
1.0556
1.01098
0.644586
0.393691
0.539591
0.555725
0.607939
0.721392
0.863503
0.887036
0.967332
1.05141
1.07442
1.07152
1.05007
1.05447
1.04099
1.03477
1.02353
1.00926
0.996992
0.985309
0.963866
0.941627
0.925279
0.921958
0.899968
0.87577
0.831703
0.777208
0.717562
0.528066
0.318968
0.26055
0.28593
0.37683
0.34872
0.394413
0.515494
0.625265
0.675618
0.673533
0.652571
0.666195
0.684362
0.655934
0.667522
0.683939
0.698716
0.702188
0.708159
0.705242
0.694536
0.676688
0.634944
0.558774
0.549371
0.610114
0.625192
0.641913
0.629856
0.598007
0.551806
0.514543
0.480354
0.415887
0.353581
0.311599
0.147263
0.0258294
0.00155218
0.000103339
0.000942728
0.00212944
0.0037359
0.00724359
0.00439181
0.00666306
0.0188279
0.0394183
0.0617822
0.0880558
0.0864543
0.111133
0.140945
0.189952
0.211948
0.178459
0.173791
0.200822
0.240788
0.315052
0.369448
0.383609
0.418894
0.433751
0.448038
0.45022
0.450053
0.45077
0.450651
0.446268
0.443647
0.423428
0.394447
0.403042
0.415247
0.417074
0.402071
0.385354
0.391725
0.405233
0.411518
0.408318
0.393404
0.382606
0.383165
0.387593
0.383389
0.37348
0.370555
0.361294
0.358713
0.352076
0.342767
0.332331
0.327299
0.318549
0.30817
0.301126
0.287407
0.2828
0.284891
0.281985
0.265302
0.260127
0.231452
0.200987
0.177308
0.13817
0.0835444
0.0465687
0.024498
0.0104605
0.00494159
0.00146563
0.00012786
0.000195123
0.000722309
0.00114969
0.00134617
0.000170753
3.95483e-005
0.000451764
0.001319
0.00083514
0.000423713
0.00116009
0.00173317
0.00588052
0.0137056
0.0207579
0.0308382
0.0420623
0.0367507
0.0399877
0.0677705
0.109006
0.147526
0.177633
0.173462
0.12764
0.0510475
0.0495866
0.0575054
0.0957043
0.155755
0.18949
0.18819
0.159912
0.112883
0.111334
0.114956
0.135587
0.171763
0.185791
0.189379
0.19038
0.194682
0.194662
0.19116
0.190666
0.191548
0.191159
0.191169
0.185131
0.180445
0.175271
0.169646
0.171676
0.173468
0.161931
0.1643
0.158407
0.156876
0.16018
0.159314
0.157457
0.157171
0.155525
0.150854
0.146673
0.141268
0.130144
0.123454
0.117611
0.115634
0.115747
0.116153
0.104481
0.100524
0.0957788
0.0909899
0.0898572
0.0982703
0.0935204
0.0868707
0.081431
0.0723913
0.0798484
0.0793253
0.0649409
0.0749709
0.0727248
0.0760755
0.0756533
0.0675397
0.0623426
0.0727737
0.08094
0.0677578
0.0789751
0.0752442
0.0390675
0.0626027
0.0613169
0.0493414
