L of Background 1
2.80726
2.83587
2.75349
2.63449
2.59399
2.67845
2.78735
2.76461
2.57789
2.34683
2.21217
2.13253
2.01955
1.89269
1.77476
1.77705
1.64357
2.19177
2.48085
3.41862
5.34584
4.23553
5.51581
5.8009
5.4054
3.9547
4.23901
5.35857
5.45091
5.43731
5.40804
4.20205
2.44986
2.02399
0.549055
0.661063
1.78218
3.14424
4.06034
4.12265
4.14916
4.08124
3.87555
3.60309
2.98275
1.67401
0.35804
0.164604
0.291118
0.882223
1.44363
1.54243
1.61445
1.91023
2.22034
2.28417
1.94273
1.84767
1.91529
1.4481
0.894192
0.395286
6.96623e-007
5.54066e-005
0.000836724
0.00267819
0.0119129
0.0244243
0.0310456
0.101633
0.224956
0.34108
0.443584
0.505177
0.53343
0.509541
0.548808
0.552336
0.570584
0.616612
0.588541
0.573608
0.55872
0.537273
0.513316
0.476687
0.428699
0.376201
0.315861
0.278756
0.210171
0.130013
0.0573761
0.0111585
0.000746438
0.0131318
0.0229512
0.0118574
0.0416558
0.0480681
0.0432322
0.0714011
0.0820652
0.0879368
0.0927929
0.0855712
0.0824582
0.0800801
0.0836115
0.0853637
0.0784869
0.0692059
0.0608975
0.0520875
0.0437944
0.0352795
0.0246349
0.0200597
0.0139717
0.012258
0.00748016
0.00825195
0.00431077
0.00220971
0.000313872
8.96295e-005
L of Background 2
2.83282
2.86972
2.79794
2.69312
2.66729
2.76843
2.89136
2.87628
2.70342
2.48277
2.35968
2.29945
2.19323
2.06213
1.92675
1.92595
1.77991
2.30401
2.45015
3.06136
4.56973
3.55029
4.4875
4.71907
4.41217
3.22109
3.39276
4.2607
4.32051
4.3191
4.30403
3.39679
1.99827
1.67522
0.459
0.535186
1.43451
2.54926
3.29185
3.33035
3.33332
3.267
3.10535
2.90256
2.43783
1.40379
0.306379
0.14
0.243277
0.741891
1.24882
1.35293
1.41748
1.66846
1.93159
1.99245
1.69914
1.61813
1.6937
1.30238
0.822963
0.37091
6.96623e-007
5.54066e-005
0.000836724
0.00257822
0.0116897
0.0248934
0.0321007
0.108722
0.249513
0.381595
0.49532
0.561093
0.589408
0.56041
0.601445
0.603696
0.61986
0.66794
0.641305
0.630628
0.617645
0.594886
0.56945
0.532045
0.48262
0.426095
0.358007
0.315883
0.237669
0.14505
0.0625592
0.0120409
0.000746439
0.0120715
0.0223861
0.00944411
0.0429072
0.0518563
0.0456289
0.0763183
0.0885624
0.0954401
0.101942
0.0940938
0.0900784
0.0858633
0.0876369
0.0875556
0.0782798
0.0673561
0.0585142
0.0484596
0.038584
0.0282458
0.0150458
0.00901807
0.00386248
0.00278115
0.00190412
0.00196793
0.00120324
0.000983401
0.000313929
8.96299e-005
L of Background 3
3.26953
3.33644
3.28415
3.16905
3.09623
3.11248
3.17622
3.14124
3.01441
2.83165
2.73991
2.71116
2.62172
2.51817
2.4387
2.49619
2.15505
2.31973
2.10838
2.30016
3.21779
2.41782
3.01226
3.10918
2.8497
2.05759
2.1579
2.68702
2.70173
2.67307
2.65395
2.03384
1.17905
0.996591
0.28193
0.331609
0.85886
1.48376
1.88981
1.88601
1.87397
1.81892
1.70961
1.5753
1.30651
0.747529
0.166518
0.081565
0.140498
0.420056
0.694454
0.749733
0.783887
0.916059
1.0517
1.07394
0.908327
0.859131
0.89598
0.692227
0.456631
0.232933
7.02233e-007
7.22173e-005
0.00151539
0.00559887
0.021372
0.0399152
0.0445693
0.134554
0.283417
0.407081
0.501368
0.539567
0.538374
0.488165
0.502776
0.487416
0.4848
0.510698
0.482014
0.469247
0.459482
0.442096
0.422569
0.394826
0.359745
0.320736
0.275324
0.251172
0.196387
0.126809
0.0607401
0.0140941
0.00531346
0.046085
0.075685
0.0383413
0.108326
0.117146
0.0967549
0.150661
0.165543
0.1723
0.176339
0.156022
0.144731
0.136145
0.140426
0.145728
0.139186
0.128803
0.117619
0.104894
0.0934199
0.0794743
0.0615676
0.0537358
0.0380274
0.0360592
0.0231017
0.0236378
0.0134462
0.00989264
0.00176521
0.000928871
L of Background Average
2.86364
2.89938
2.82423
2.71129
2.67344
2.75776
2.86778
2.84688
2.67167
2.44957
2.32381
2.25699
2.14905
2.0228
1.90171
1.90825
1.74908
2.24941
2.43118
3.16282
4.8195
3.77674
4.84928
5.09365
4.74754
3.46827
3.68844
4.64629
4.7174
4.70712
4.6846
3.65868
2.14032
1.78034
0.486119
0.577552
1.5496
2.73718
3.5313
3.57715
3.59014
3.5241
3.34595
3.11565
2.5939
1.472
0.318091
0.146431
0.256863
0.779517
1.29006
1.38655
1.45172
1.71288
1.98637
2.04474
1.74046
1.65568
1.7234
1.31346
0.821662
0.369245
6.97433e-007
5.71806e-005
0.000918144
0.00293017
0.0127692
0.0261603
0.0328194
0.107758
0.240618
0.363876
0.470045
0.530979
0.55631
0.527731
0.565234
0.566362
0.581688
0.626516
0.598961
0.585941
0.572328
0.550761
0.526656
0.490615
0.443342
0.390583
0.32865
0.290839
0.219788
0.135706
0.0597852
0.0118049
0.00165432
0.0159993
0.0279916
0.0135376
0.0488107
0.056478
0.0495343
0.0812775
0.0929954
0.0993579
0.104791
0.096013
0.0917236
0.0879916
0.0908945
0.0922661
0.0844626
0.0744144
0.0656052
0.0559075
0.0466648
0.0368776
0.024486
0.0190044
0.0123304
0.0108872
0.00681731
0.00728202
0.00398434
0.00249003
0.000503017
0.000173886
L of Target
3.49764
3.60606
3.58473
3.48059
3.40331
3.40225
3.42959
3.33235
3.1422
2.91215
2.78396
2.734
2.63918
2.53987
2.471
2.54213
2.2002
2.37168
2.15722
2.36471
3.34822
2.55492
3.23229
3.3707
3.12486
2.27937
2.4124
3.02448
3.06303
3.05412
3.03791
2.36324
1.38977
1.18549
0.336207
0.401143
1.05261
1.83254
2.35228
2.36038
2.35145
2.29794
2.1762
2.0197
1.68824
0.975781
0.218132
0.107221
0.18804
0.570909
0.950539
1.03035
1.07958
1.26225
1.45066
1.48623
1.26316
1.20072
1.25902
0.979744
0.650562
0.335623
7.09541e-007
8.68207e-005
0.00200301
0.00775071
0.0310331
0.0591996
0.0674218
0.210735
0.449511
0.646881
0.796958
0.858557
0.858292
0.780309
0.805457
0.781794
0.777508
0.819487
0.775533
0.755946
0.739662
0.711556
0.678532
0.632166
0.576043
0.51501
0.443805
0.406855
0.319584
0.206457
0.0975539
0.0217294
0.0081702
0.072058
0.119577
0.0614388
0.176331
0.193389
0.163425
0.258542
0.286647
0.296455
0.301717
0.267242
0.249437
0.23531
0.243139
0.248583
0.226508
0.201426
0.182956
0.16498
0.149017
0.127057
0.0971592
0.0845933
0.060182
0.0569579
0.0367472
0.03786
0.0214947
0.0161945
0.00331111
0.00102148
