L of Background 1
3.67638
3.80675
3.84477
3.80345
3.77198
3.78948
3.88323
3.89158
3.85923
3.75222
3.71357
3.69173
3.62264
3.53996
3.49115
3.59892
3.19564
3.1453
2.77329
2.74399
3.2606
2.58617
3.04
3.08735
2.88598
2.37436
2.45601
2.77336
2.76924
2.76341
2.74583
2.26881
1.64693
1.41748
0.589473
0.711986
1.33733
1.83708
2.1226
2.10896
2.10255
2.04186
1.93779
1.81692
1.59975
1.10381
0.358482
0.228333
0.352018
0.761749
1.08618
1.12651
1.16127
1.26999
1.37952
1.38884
1.22538
1.17119
1.20636
1.03588
0.806187
0.505096
1.92072e-006
0.000331574
0.00726168
0.0276006
0.0820755
0.136593
0.141973
0.324875
0.56766
0.721204
0.821836
0.854961
0.841728
0.771902
0.777335
0.754833
0.744294
0.768274
0.727521
0.710409
0.695878
0.666704
0.642517
0.610088
0.570593
0.524123
0.472074
0.445009
0.371099
0.266797
0.153472
0.0479307
0.01784
0.106009
0.162714
0.0906838
0.204373
0.216559
0.185617
0.254488
0.269489
0.275452
0.27792
0.251702
0.235863
0.224445
0.225922
0.229619
0.221692
0.207995
0.19156
0.173868
0.159411
0.142056
0.119257
0.107101
0.0815269
0.0779392
0.0542813
0.0564793
0.0353791
0.0284168
0.00707086
0.00754667
L of Background Average
3.67638
3.80675
3.84477
3.80345
3.77198
3.78948
3.88323
3.89158
3.85923
3.75222
3.71357
3.69173
3.62264
3.53996
3.49115
3.59892
3.19564
3.1453
2.77329
2.74399
3.2606
2.58617
3.04
3.08735
2.88598
2.37436
2.45601
2.77336
2.76924
2.76341
2.74583
2.26881
1.64693
1.41748
0.589473
0.711986
1.33733
1.83708
2.1226
2.10896
2.10255
2.04186
1.93779
1.81692
1.59975
1.10381
0.358482
0.228333
0.352018
0.761749
1.08618
1.12651
1.16127
1.26999
1.37952
1.38884
1.22538
1.17119
1.20636
1.03588
0.806187
0.505096
1.92072e-006
0.000331574
0.00726168
0.0276006
0.0820755
0.136593
0.141973
0.324875
0.56766
0.721204
0.821836
0.854961
0.841728
0.771902
0.777335
0.754833
0.744294
0.768274
0.727521
0.710409
0.695878
0.666704
0.642517
0.610088
0.570593
0.524123
0.472074
0.445009
0.371099
0.266797
0.153472
0.0479307
0.01784
0.106009
0.162714
0.0906838
0.204373
0.216559
0.185617
0.254488
0.269489
0.275452
0.27792
0.251702
0.235863
0.224445
0.225922
0.229619
0.221692
0.207995
0.19156
0.173868
0.159411
0.142056
0.119257
0.107101
0.0815269
0.0779392
0.0542813
0.0564793
0.0353791
0.0284168
0.00707086
0.00754667
L of Target
5.62386
6.03971
6.26162
6.23845
6.1113
5.93784
5.72044
5.24253
4.74341
4.29961
4.00721
3.83715
3.73096
3.67199
3.68186
3.86185
3.46342
3.4446
3.07014
3.12577
3.94633
3.35972
4.18011
4.40899
4.28227
3.624
3.82343
4.38991
4.44844
4.50978
4.50459
3.88608
2.89666
2.51827
1.04351
1.27883
2.46762
3.46601
4.06992
4.07404
4.05418
3.97861
3.82152
3.61994
3.21238
2.23342
0.725449
0.462343
0.721419
1.58252
2.27766
2.36544
2.43074
2.6539
2.88018
2.90649
2.57709
2.47363
2.55932
2.20144
1.69859
1.06263
5.30862e-006
0.000819775
0.015955
0.0563637
0.167246
0.282597
0.302484
0.711853
1.25954
1.60334
1.82726
1.90474
1.88333
1.73725
1.75714
1.71089
1.68763
1.74295
1.65617
1.61789
1.57974
1.5109
1.44892
1.36762
1.27597
1.17361
1.05917
1.00177
0.838573
0.601222
0.337269
0.0994886
0.0362442
0.215015
0.333969
0.189494
0.436457
0.47265
0.418067
0.585879
0.628432
0.636499
0.637282
0.57854
0.547119
0.522824
0.527321
0.524521
0.473841
0.420087
0.383923
0.353811
0.330417
0.294835
0.242478
0.216702
0.166262
0.15852
0.111838
0.117516
0.0736758
0.0621834
0.018974
0.00870071
