SNR of Background 1
99.8523
99.8635
99.869
99.8751
99.8802
99.8833
99.89
99.8918
99.8922
99.8919
99.8957
99.8969
99.8944
99.8951
99.8995
99.904
99.8927
99.8946
99.8837
99.8824
99.9029
99.8815
99.9037
99.9044
99.8988
99.8815
99.8896
99.9027
99.9022
99.906
99.9157
99.8981
99.8471
99.8401
99.6124
99.6685
99.8282
99.8824
99.8966
99.8941
99.898
99.8978
99.8867
99.8876
99.8779
99.8207
99.4114
99.0857
99.4636
99.7461
99.8233
99.835
99.831
99.8524
99.862
99.8654
99.854
99.8383
99.851
99.8315
99.7841
99.66
0.0363466
7.09923
74.0073
93.4547
97.9827
98.8625
98.8734
99.5141
99.7334
99.791
99.816
99.8247
99.8259
99.8052
99.8068
99.804
99.8056
99.8066
99.7973
99.7941
99.7928
99.7792
99.7709
99.7621
99.7456
99.7145
99.6826
99.6655
99.5947
99.4196
98.9778
96.7899
94.8285
99.2148
99.4851
99.0655
99.5891
99.6236
99.5642
99.6783
99.6898
99.6929
99.6935
99.6694
99.648
99.623
99.6346
99.6148
99.6171
99.5879
99.5654
99.5022
99.4443
99.3723
99.2552
99.1797
98.9227
98.8865
98.3524
98.4298
97.3882
96.6603
85.2028
84.7781
SNR of Background Average
99.8523
99.8635
99.869
99.8751
99.8802
99.8833
99.89
99.8918
99.8922
99.8919
99.8957
99.8969
99.8944
99.8951
99.8995
99.904
99.8927
99.8946
99.8837
99.8824
99.9029
99.8815
99.9037
99.9044
99.8988
99.8815
99.8896
99.9027
99.9022
99.906
99.9157
99.8981
99.8471
99.8401
99.6124
99.6685
99.8282
99.8824
99.8966
99.8941
99.898
99.8978
99.8867
99.8876
99.8779
99.8207
99.4114
99.0857
99.4636
99.7461
99.8233
99.835
99.831
99.8524
99.862
99.8654
99.854
99.8383
99.851
99.8315
99.7841
99.66
0.0363466
7.09923
74.0073
93.4547
97.9827
98.8625
98.8734
99.5141
99.7334
99.791
99.816
99.8247
99.8259
99.8052
99.8068
99.804
99.8056
99.8066
99.7973
99.7941
99.7928
99.7792
99.7709
99.7621
99.7456
99.7145
99.6826
99.6655
99.5947
99.4196
98.9778
96.7899
94.8285
99.2148
99.4851
99.0655
99.5891
99.6236
99.5642
99.6783
99.6898
99.6929
99.6935
99.6694
99.648
99.623
99.6346
99.6148
99.6171
99.5879
99.5654
99.5022
99.4443
99.3723
99.2552
99.1797
98.9227
98.8865
98.3524
98.4298
97.3882
96.6603
85.2028
84.7781
SNR of Target
99.9036
99.9141
99.9197
99.9239
99.9261
99.9256
99.9254
99.9197
99.9124
99.9057
99.9033
99.9008
99.8975
99.8989
99.9047
99.9106
99.901
99.9038
99.8949
99.8968
99.9198
99.9088
99.93
99.9331
99.9319
99.9224
99.9292
99.9386
99.9392
99.9425
99.9487
99.9406
99.9132
99.9102
99.7821
99.8162
99.9071
99.9378
99.9462
99.9453
99.9472
99.9476
99.9426
99.9437
99.9393
99.9116
99.7116
99.5542
99.7403
99.8783
99.916
99.9216
99.9195
99.9295
99.934
99.9358
99.9307
99.9236
99.9299
99.9209
99.8979
99.8392
0.100436
16.786
88.5387
96.9689
99.035
99.4589
99.4797
99.7799
99.8804
99.9063
99.9175
99.9215
99.9224
99.9137
99.9148
99.9138
99.9145
99.915
99.9113
99.9099
99.9091
99.9029
99.8988
99.8943
99.8867
99.8731
99.8593
99.8522
99.8218
99.7448
99.5419
98.5097
97.5768
99.6172
99.751
99.5588
99.8088
99.8286
99.8079
99.861
99.8677
99.8678
99.867
99.8569
99.8491
99.8392
99.8444
99.8324
99.8219
99.7972
99.7845
99.7572
99.7341
99.7004
99.6376
99.5992
99.4796
99.4609
99.2176
99.2611
98.7852
98.5338
94.9466
86.9355
