SNR of Background 1
63.6878
76.3195
79.275
80.9928
82.9795
84.4623
85.4668
86.3693
85.33
88.9909
90.0517
91.5274
92.6196
93.2587
93.7554
94.0832
94.3938
94.7479
95.0491
95.2995
95.3425
95.4547
95.7642
95.9096
95.7729
95.9792
95.9139
95.6336
95.6292
95.8506
95.9413
95.8727
96.0087
95.9854
96.0203
96.0772
96.1041
96.1462
96.178
96.2644
96.3461
96.4075
96.4595
96.295
96.4303
96.5059
96.4154
96.2718
96.0353
95.8239
95.8505
95.7366
95.6863
95.6944
95.5925
95.4978
95.3501
95.2737
95.3363
95.4661
95.4887
95.4735
95.4816
95.4507
94.5787
94.7961
95.2152
95.1871
95.1855
95.0778
94.7928
93.8936
93.9229
93.8567
94.164
94.0275
93.9533
93.7908
93.5548
92.5621
84.6612
91.107
92.1579
91.8948
91.3607
90.8722
90.1958
89.7169
89.1665
88.7537
88.1969
86.3802
85.8715
85.9587
85.3267
85.5905
85.6121
85.2506
84.0679
82.7
83.3177
82.6316
81.5088
82.0927
81.4326
80.6088
79.8281
78.7765
74.9001
72.8648
72.5115
70.1914
69.0675
69.9268
67.6457
55.5845
41.9151
64.247
63.1039
49.451
72.2645
76.5452
75.5142
73.6153
69.4828
58.6642
40.0034
39.607
40.0279
43.6599
43.811
47.2789
50.3677
50.315
53.0554
52.4992
54.6242
56.751
56.8543
58.65
60.1309
58.5838
58.4371
57.8118
49.4561
35.3555
31.4153
36.8704
47.0404
45.9606
51.3812
61.6244
68.7573
71.9021
71.5613
71.3808
72.6244
73.9138
73.2442
74.1553
76.2067
77.6764
78.9453
80.2275
81.0435
81.9768
82.0659
81.2891
79.0184
79.3063
82.2103
83.1978
84.1184
84.5561
83.94
82.7701
81.8171
80.7885
77.8786
74.2172
71.095
46.8777
10.0944
0.595087
0.0364839
0.645209
1.61642
0.692885
1.24627
2.26888
3.71436
8.96717
18.1468
27.7426
38.0488
37.426
45.9168
54.7512
65.0159
68.8733
63.8698
63.2761
68.4846
73.9483
81.0322
84.7032
85.5066
87.2933
88.1148
88.6884
89.0308
89.2932
89.4187
89.8092
90.0657
90.2125
89.9758
89.4177
89.9019
90.5899
90.9472
90.8054
90.4445
90.7631
91.2793
91.668
91.6992
91.4225
91.2523
91.2774
91.4157
91.2984
91.0239
90.9303
90.6594
90.6325
90.4644
90.02
89.1807
88.2526
86.8763
85.1848
83.9619
83.8806
84.9299
85.7212
85.8622
84.5398
84.2611
82.8151
80.4711
78.1138
70.9139
53.5926
34.6327
19.4082
7.61358
2.72496
0.735756
0.0691257
0.0339987
0.0899478
0.176838
0.24115
0.098974
0.588812
1.91489
2.19386
0.729307
0.130539
0.57852
1.22516
3.19821
7.01374
12.4999
22.2234
31.9291
28.8913
31.4177
46.5141
61.6551
70.7467
75.6004
74.682
64.9545
35.2218
35.0446
39.8238
56.7687
72.2969
77.4957
77.1976
72.5504
61.8662
61.5539
62.862
68.1039
74.8182
76.9526
77.4315
77.4508
77.9083
78.1292
77.8962
77.9941
78.2259
78.2183
78.2461
77.2399
76.5748
75.6298
74.4357
74.6006
73.9938
72.5934
72.9689
71.5512
70.4437
70.4044
69.6943
68.5181
66.5725
65.0115
62.7722
60.501
58.651
56.0814
53.9383
50.7338
48.2426
45.1715
41.3904
35.3932
31.1612
28.712
28.4533
33.9477
37.9828
36.3298
33.2381
29.4449
25.9331
28.5491
28.0218
22.761
22.2991
20.7787
21.0651
20.918
19.3619
15.7211
17.3087
18.6996
14.9415
15.9714
15.0835
9.20439
16.6606
16.4843
14.6438
SNR of Background 2
8.08888
13.9413
16.2368
18.1031
20.655
23.0413
25.0872
27.0195
25.5651
32.2105
34.5404
38.5762
42.2031
44.6581
46.8713
48.4083
49.6889
51.1325
52.5427
54.0082
54.4086
55.0938
57.0265
58.2881
58.0084
60.0038
60.7899
60.6655
62.2825
65.2293
67.3008
68.0633
69.5219
69.8766
70.4975
71.1181
71.3465
71.32
70.9
70.465
69.946
69.57
69.4633
68.0915
68.5229
68.658
67.8362
66.6594
64.8239
63.1111
62.8656
61.9201
61.4465
61.2313
60.1978
59.0391
57.5935
56.653
56.4006
56.5506
56.2442
55.987
56.1278
57.693
58.1728
65.9663
73.3637
76.4018
79.4747
81.4193
82.3869
81.7462
83.2141
84.3144
86.0455
86.6261
87.1532
87.2703
87.0947
85.4874
72.8491
83.487
85.4683
85.1809
84.3923
83.674
82.6539
81.9639
81.174
80.6032
79.8235
77.1769
76.5134
76.7286
75.8946
76.3703
76.4751
75.9984
74.3604
72.518
73.4477
72.4799
70.9591
71.8632
71.0839
70.0127
68.9489
67.5209
62.5546
60.0257
59.5577
56.7722
55.4312
56.3782
53.7413
41.0429
28.5606
49.6242
48.1858
32.7734
52.0422
57.1196
55.5631
52.9575
48.0335
37.7401
24.01
24.4455
25.1194
27.9216
28.1762
31.0118
33.6343
33.6916
36.0511
35.6064
37.5078
39.4137
39.3278
40.5603
41.4121
39.5426
39.2014
38.6191
31.5787
21.1848
18.3283
21.5745
28.3012
27.1011
30.6273
38.8135
45.7975
49.8279
50.507
51.3998
53.6355
55.681
55.4571
57.2676
60.2846
62.1409
63.385
64.6031
65.3139
66.4346
66.4382
65.176
61.7656
62.0151
66.2181
67.7052
68.8991
69.0958
67.4478
64.7511
61.9999
58.6964
52.6573
46.3368
41.818
22.078
4.07001
0.250054
0.031944
0.283868
0.502701
0.196867
0.367423
0.476623
0.779211
1.8545
3.68298
5.50706
7.61369
7.17452
8.94061
11.2245
14.9382
16.8426
14.5654
14.3877
17.4505
22.2683
30.5128
36.7108
38.9791
43.3195
46.0635
48.4403
50.4373
52.3184
53.7866
55.7537
57.2218
58.4417
58.9953
58.8841
61.0302
63.254
64.7222
65.208
65.3544
67.0467
68.8784
70.2805
70.8689
70.7869
70.9696
71.4208
72.0203
71.9626
71.5092
71.4581
70.7588
70.4762
69.8289
68.898
67.7122
66.9635
65.8856
64.6913
63.443
61.632
60.4852
59.5527
58.8941
56.4942
55.7327
51.9478
46.3687
41.4856
32.4457
19.3842
9.78428
4.37462
1.33673
0.341008
0.0755298
0.00771095
0.00405376
0.00838287
0.0148251
0.0209358
0.00722143
0.0272661
0.0886702
0.11022
0.040433
0.00868044
0.0321745
0.0648948
0.141438
0.304006
0.525647
0.943486
1.49479
1.44518
1.84176
3.44977
6.05258
8.86071
11.4594
12.0854
9.5907
4.18929
4.35349
5.21244
8.83548
14.524
17.9191
18.2028
15.8603
11.7129
11.7777
12.3596
14.5678
18.2302
19.8775
20.5435
20.9674
21.615
21.9841
22.111
22.5645
23.0952
23.2063
23.4256
22.9383
22.8288
22.4567
21.8858
22.3417
22.4128
21.7439
22.4681
21.8278
21.3181
21.4286
21.0629
20.4477
19.4544
18.565
17.2702
16.0475
15.0726
13.8052
12.9369
12.145
11.6385
11.0045
10.3577
9.57249
9.65697
9.4817
9.08255
8.43166
8.40421
7.59478
6.725
6.03391
5.45619
5.48579
4.88573
3.49053
3.15487
2.98259
2.92726
2.70299
2.03462
1.32498
1.40471
1.49489
1.08166
0.912212
0.7725
0.342308
0.510333
0.471071
0.35363
SNR of Background Average
28.3826
42.1664
46.4475
49.2724
52.7934
55.6655
57.7828
59.7394
57.7416
65.5015
67.9934
71.7201
74.6778
76.4999
77.9799
78.9783
79.9058
80.968
81.9035
82.7215
82.8883
83.2645
84.2896
84.8154
84.4418
85.205
85.1366
84.4384
84.6492
85.5783
86.0899
86.0601
86.5894
86.6022
86.7822
87.0087
87.1078
87.197
87.2026
87.3296
87.4409
87.5329
87.6444
87.087
87.467
87.6653
87.3462
86.8572
86.0626
85.3439
85.3804
84.9951
84.8196
84.8133
84.4432
84.0772
83.5491
83.2516
83.3768
83.7192
83.7447
83.6818
83.7215
83.8288
81.9141
83.6672
85.9282
86.6202
87.4776
87.9654
87.9999
86.8859
87.5413
87.9925
89.0488
89.253
89.4866
89.4565
89.2277
87.7843
76.4552
85.8828
87.5666
87.2679
86.5409
85.8786
84.9469
84.3073
83.5746
83.0385
82.3106
79.8759
79.2419
79.4138
78.6218
79.0318
79.1067
78.6544
77.1253
75.3916
76.2373
75.34
73.9127
74.7287
73.9646
72.9475
71.9523
70.6158
65.8905
63.4638
63.0229
60.3255
59.0249
59.9638
57.3833
44.6543
31.6967
53.4238
52.0526
36.7506
57.4506
62.527
61.0758
58.5776
53.6667
42.7976
27.5003
27.74
28.3595
31.3914
31.6235
34.6509
37.43
37.4596
39.957
39.4755
41.4696
43.4724
43.4382
44.8583
45.9158
44.0948
43.8036
43.1959
35.6539
24.2317
21.1081
24.8899
32.555
31.3688
35.4727
44.5163
51.8742
55.8093
56.1421
56.6876
58.6754
60.5475
60.1511
61.7223
64.5305
66.3351
67.656
68.9732
69.775
70.8978
70.9387
69.7903
66.6145
66.8975
70.8613
72.2486
73.4226
73.7511
72.4324
70.1932
68.0193
65.4603
60.2509
54.484
50.1336
27.8557
5.29175
0.319092
0.0328516
0.35617
0.725828
0.296139
0.543428
0.836104
1.36926
3.2985
6.69183
10.3026
14.5316
14.0291
17.7992
22.4485
29.3858
32.6566
28.5851
28.1845
32.848
39.17
49.3312
56.09
58.0681
62.1346
64.3624
66.1203
67.4228
68.571
69.3703
70.6943
71.6373
72.342
72.3247
71.6847
73.171
74.895
75.9286
76.0016
75.7112
76.8046
78.1475
79.1664
79.4665
79.1697
79.1025
79.3402
79.7487
79.6193
79.1645
79.0606
78.4909
78.3298
77.8708
77.0409
75.7716
74.6878
73.1609
71.4421
70.0167
68.899
68.8752
68.8906
68.6342
66.3828
65.7682
62.6603
57.9107
53.5419
43.925
27.9348
15.2954
7.51285
2.60811
0.81973
0.207706
0.0199944
0.0100429
0.0246973
0.047234
0.0649913
0.0255736
0.139667
0.454996
0.528383
0.178351
0.0330555
0.141532
0.297375
0.755991
1.66334
2.98462
5.45554
8.23333
7.43119
8.37019
13.8938
21.6364
28.5243
33.6423
33.3266
25.7037
11.1603
11.2407
13.1995
21.5044
33.2059
39.105
39.0327
34.2231
25.6911
25.5961
26.5951
30.7294
37.2554
39.8448
40.619
40.8871
41.6361
42.0318
41.9194
42.2646
42.7634
42.8228
42.9736
41.8982
41.3344
40.4285
39.2587
39.6518
39.2966
37.9936
38.6829
37.4236
36.4609
36.51
35.8796
34.8475
33.1994
31.8494
29.9448
28.1232
26.6862
24.7941
23.3862
21.7058
20.5248
19.1092
17.5289
15.3249
14.3356
13.6156
13.2451
14.0826
15.1132
14.0563
12.5914
11.1187
9.83548
10.478
9.88606
7.57
7.202
6.72388
6.74479
6.53584
5.66332
4.30615
4.7145
5.09178
3.9455
4.03436
3.73183
2.14671
3.86762
3.79816
3.30639
SNR of Target
63.6878
76.3195
79.275
80.9928
82.9795
84.4623
85.4668
86.3693
85.33
88.9909
90.0517
91.5274
92.6196
93.2587
93.7554
94.0832
94.3938
94.7479
95.0491
95.2995
95.3425
95.4547
95.7642
95.9096
95.7729
95.9792
95.9139
95.6336
95.6292
95.8506
95.9413
95.8727
96.0087
95.9854
96.0203
96.0772
96.1041
96.1462
96.178
96.2644
96.3461
96.4075
96.4595
96.295
96.4303
96.5059
96.4154
96.2718
96.0353
95.8239
95.8505
95.7366
95.6863
95.6944
95.5925
95.4978
95.3501
95.2737
95.3363
95.4661
95.4887
95.4735
95.4816
95.4507
94.5787
94.7961
95.2152
95.1871
95.1855
95.0778
94.7928
93.8936
93.9229
93.8567
94.164
94.0275
93.9533
93.7908
93.5548
92.5621
84.6612
91.107
92.1579
91.8948
91.3607
90.8722
90.1958
89.7169
89.1665
88.7537
88.1969
86.3802
85.8715
85.9587
85.3267
85.5905
85.6121
85.2506
84.0679
82.7
83.3177
82.6316
81.5088
82.0927
81.4326
80.6088
79.8281
78.7765
74.9001
72.8648
72.5115
70.1914
69.0675
69.9268
67.6457
55.5845
41.9151
64.247
63.1039
49.451
72.2645
76.5452
75.5142
73.6153
69.4828
58.6642
40.0034
39.607
40.0279
43.6599
43.811
47.2789
50.3677
50.315
53.0554
52.4992
54.6242
56.751
56.8543
58.65
60.1309
58.5838
58.4371
57.8118
49.4561
35.3555
31.4153
36.8704
47.0404
45.9606
51.3812
61.6244
68.7573
71.9021
71.5613
71.3808
72.6244
73.9138
73.2442
74.1553
76.2067
77.6764
78.9453
80.2275
81.0435
81.9768
82.0659
81.2891
79.0184
79.3063
82.2103
83.1978
84.1184
84.5561
83.94
82.7701
81.8171
80.7885
77.8786
74.2172
71.095
46.8777
10.0944
0.595087
0.0364839
0.645209
1.61642
0.692885
1.24627
2.26888
3.71436
8.96717
18.1468
27.7426
38.0488
37.426
45.9168
54.7512
65.0159
68.8733
63.8698
63.2761
68.4846
73.9483
81.0322
84.7032
85.5066
87.2933
88.1148
88.6884
89.0308
89.2932
89.4187
89.8092
90.0657
90.2125
89.9758
89.4177
89.9019
90.5899
90.9472
90.8054
90.4445
90.7631
91.2793
91.668
91.6992
91.4225
91.2523
91.2774
91.4157
91.2984
91.0239
90.9303
90.6594
90.6325
90.4644
90.02
89.1807
88.2526
86.8763
85.1848
83.9619
83.8806
84.9299
85.7212
85.8622
84.5398
84.2611
82.8151
80.4711
78.1138
70.9139
53.5926
34.6327
19.4082
7.61358
2.72496
0.735756
0.0691257
0.0339987
0.0899478
0.176838
0.24115
0.098974
0.588812
1.91489
2.19386
0.729307
0.130539
0.57852
1.22516
3.19821
7.01374
12.4999
22.2234
31.9291
28.8913
31.4177
46.5141
61.6551
70.7467
75.6004
74.682
64.9545
35.2218
35.0446
39.8238
56.7687
72.2969
77.4957
77.1976
72.5504
61.8662
61.5539
62.862
68.1039
74.8182
76.9526
77.4315
77.4508
77.9083
78.1292
77.8962
77.9941
78.2259
78.2183
78.2461
77.2399
76.5748
75.6298
74.4357
74.6006
73.9938
72.5934
72.9689
71.5512
70.4437
70.4044
69.6943
68.5181
66.5725
65.0115
62.7722
60.501
58.651
56.0814
53.9383
50.7338
48.2426
45.1715
41.3904
35.3932
31.1612
28.712
28.4533
33.9477
37.9828
36.3298
33.2381
29.4449
25.9331
28.5491
28.0218
22.761
22.2991
20.7787
21.0651
20.918
19.3619
15.7211
17.3087
18.6996
14.9415
15.9714
15.0835
9.20439
16.6606
16.4843
14.6438
