L of Background 1
1.27481
1.2837
1.24451
1.22045
1.29817
1.50804
1.69599
1.74146
1.56979
1.37158
1.26503
1.19405
1.1148
1.02269
0.93457
0.936468
1.01679
1.80531
2.52206
3.94647
6.3419
5.24893
6.7869
7.09546
6.62664
5.03056
5.35661
6.59551
6.69553
6.67042
6.63248
5.2495
3.27525
2.63663
0.783525
0.97885
2.38433
3.88117
4.88481
4.95603
4.98524
4.89664
4.64085
4.31385
3.59808
2.10481
0.489769
0.228236
0.407472
1.15496
1.79584
1.87306
1.94357
2.24698
2.58044
2.64603
2.2524
2.14091
2.21554
1.72033
1.11052
0.504392
2.13493e-007
1.43926e-005
0.000227565
0.00137201
0.0106004
0.0243689
0.0322936
0.112644
0.244208
0.358438
0.462134
0.529175
0.561809
0.538879
0.581934
0.58692
0.607403
0.656719
0.626193
0.609215
0.592264
0.568636
0.543733
0.505641
0.457957
0.404798
0.346611
0.308816
0.23531
0.146424
0.0643589
0.0121712
0.000221374
0.0118537
0.0220029
0.0113862
0.039997
0.0465452
0.0427058
0.0691795
0.0798822
0.0859529
0.0909488
0.0845253
0.0821015
0.080202
0.0834071
0.0846597
0.0777149
0.0682923
0.0598136
0.0509254
0.0430933
0.0348005
0.0247124
0.0201909
0.0141279
0.0122519
0.00723503
0.00809039
0.00411919
0.00181214
0.000114269
3.69171e-005
L of Background 2
1.33594
1.36319
1.34698
1.35313
1.46131
1.70513
1.92033
1.97819
1.83094
1.64977
1.56141
1.52359
1.45253
1.3476
1.2217
1.21365
1.2704
2.01101
2.46215
3.29817
4.96755
4.01309
4.99355
5.24043
4.93849
3.7512
3.91308
4.78822
4.85544
4.86639
4.85364
3.93779
2.49397
2.04844
0.614317
0.737561
1.79655
2.96008
3.73276
3.77805
3.78137
3.70386
3.5204
3.29995
2.80674
1.69676
0.403681
0.185978
0.32589
0.934643
1.50706
1.59948
1.66297
1.91194
2.18668
2.25091
1.92331
1.83207
1.91837
1.5202
1.00798
0.467765
2.13493e-007
1.43926e-005
0.000227565
0.00121734
0.0102635
0.0250657
0.0338431
0.122771
0.277655
0.411177
0.52799
0.59987
0.632203
0.60255
0.647501
0.650653
0.668254
0.71985
0.690834
0.678812
0.663946
0.6385
0.611772
0.572753
0.52374
0.466045
0.399354
0.355775
0.270578
0.165872
0.0711028
0.0133375
0.000221374
0.0105665
0.021312
0.00840655
0.0413746
0.050972
0.0455247
0.0748072
0.0873046
0.0945037
0.101346
0.0942353
0.0908089
0.0868243
0.0879891
0.087139
0.0774817
0.0662046
0.0571251
0.0468271
0.0371395
0.0267049
0.0134217
0.00711394
0.00204689
0.000904185
0.000617637
0.000645082
0.000402683
0.000339457
0.00011433
3.69176e-005
L of Background 3
2.38556
2.46454
2.47322
2.43549
2.4206
2.46186
2.53665
2.54114
2.47929
2.36535
2.32731
2.33846
2.28756
2.22371
2.19021
2.27747
1.96963
2.04228
1.82383
1.91283
2.58079
1.97573
2.42499
2.48643
2.28655
1.7206
1.80359
2.1979
2.22014
2.20971
2.19367
1.71165
1.07158
0.900081
0.280859
0.346063
0.820824
1.3054
1.62281
1.62136
1.61792
1.57208
1.47932
1.36823
1.15329
0.697662
0.169333
0.0852693
0.150342
0.429634
0.682688
0.724984
0.755934
0.863689
0.980339
0.99999
0.848845
0.804951
0.842422
0.676472
0.478009
0.259986
2.22669e-007
4.11582e-005
0.00129531
0.0059053
0.0248815
0.0475622
0.0522032
0.160045
0.3243
0.444573
0.535764
0.572694
0.568065
0.51213
0.524562
0.506331
0.501377
0.526352
0.495532
0.48166
0.471376
0.453041
0.433623
0.406279
0.373774
0.33663
0.295896
0.273919
0.217626
0.142306
0.0687692
0.0160717
0.00590687
0.0521867
0.0877377
0.0440469
0.118379
0.127254
0.105715
0.159877
0.175157
0.18199
0.185794
0.164713
0.153216
0.144333
0.147975
0.152832
0.146181
0.135481
0.123737
0.110474
0.0996799
0.0855148
0.0680938
0.0600175
0.0428591
0.0407043
0.0257684
0.02632
0.0150439
0.0110575
0.00188328
0.00106917
L of Background Average
1.40975
1.43295
1.40769
1.39436
1.4751
1.68185
1.86947
1.91584
1.76483
1.58179
1.48931
1.43972
1.36656
1.27212
1.17431
1.18069
1.21308
1.91117
2.42798
3.48159
5.40946
4.42133
5.6238
5.88239
5.50829
4.1823
4.41747
5.42293
5.50154
5.4925
5.46697
4.3644
2.73992
2.22592
0.665336
0.81882
1.9915
3.25148
4.0921
4.14538
4.16077
4.08094
3.87086
3.60877
3.03362
1.79962
0.423165
0.197014
0.349078
0.993982
1.56833
1.64809
1.71179
1.97353
2.26145
2.32178
1.97917
1.88265
1.95823
1.53527
1.00601
0.465255
2.14832e-007
1.72161e-005
0.000355575
0.00176342
0.0118935
0.0269665
0.034904
0.121432
0.265591
0.388138
0.495833
0.561791
0.590582
0.561658
0.602402
0.604347
0.621127
0.668911
0.638968
0.624276
0.608819
0.584986
0.559913
0.522524
0.475834
0.422463
0.362623
0.324103
0.247646
0.153791
0.067498
0.0130277
0.00134566
0.0153704
0.0282966
0.013459
0.04838
0.0563798
0.05013
0.080492
0.0923706
0.0989687
0.104584
0.0964214
0.0926911
0.0892594
0.0916923
0.0924634
0.084463
0.0741705
0.0651249
0.0552358
0.0463663
0.0366297
0.0245314
0.0189399
0.012167
0.0106081
0.00644885
0.00694232
0.00372915
0.00215097
0.000344749
0.000140571
L of Target
2.93704
3.10454
3.17368
3.1481
3.11073
3.10168
3.08677
2.94881
2.74686
2.53106
2.41647
2.38383
2.32166
2.26545
2.25138
2.36328
2.0538
2.13735
1.91429
2.03024
2.81052
2.22254
2.80715
2.93322
2.75323
2.10801
2.23833
2.75326
2.8083
2.82484
2.81278
2.25047
1.43811
1.22027
0.383631
0.479937
1.14998
1.84813
2.32001
2.33105
2.32721
2.2788
2.16327
2.01668
1.71279
1.04635
0.256135
0.129488
0.231604
0.666736
1.06419
1.13255
1.18008
1.34708
1.52856
1.5628
1.33212
1.26834
1.33326
1.0751
0.759495
0.415555
2.34661e-007
6.44409e-005
0.00206274
0.00923908
0.0394508
0.0763927
0.0857859
0.269379
0.550762
0.755987
0.911043
0.974968
0.969606
0.877317
0.901178
0.871203
0.862631
0.905898
0.85501
0.831533
0.812151
0.779755
0.743751
0.693957
0.637543
0.575096
0.506726
0.470722
0.375469
0.245336
0.116686
0.0261649
0.00946136
0.0839432
0.142393
0.0724755
0.19802
0.21614
0.183957
0.282938
0.31296
0.322894
0.327704
0.29096
0.272476
0.257474
0.264405
0.268695
0.244431
0.217156
0.197202
0.178081
0.162943
0.139994
0.10982
0.0964631
0.0692905
0.0656712
0.0419471
0.043156
0.0246622
0.0186442
0.00376536
0.00118251
