L of Background 1
0.469451
0.730008
0.798292
0.845505
0.946561
1.0017
1.01158
1.01516
0.85945
1.08517
1.10556
1.21952
1.30034
1.34182
1.39346
1.39615
1.39226
1.38333
1.39706
1.40565
1.35828
1.32729
1.37148
1.38375
1.37432
1.48833
1.58765
1.59728
1.74983
1.99811
2.22158
2.31334
2.46558
2.50042
2.57322
2.61913
2.59796
2.54961
2.43319
2.30587
2.19771
2.09858
2.04659
1.87529
1.87988
1.85102
1.82087
1.78479
1.68714
1.64077
1.62634
1.56803
1.54885
1.54136
1.49744
1.43042
1.35785
1.28944
1.27048
1.26159
1.22901
1.20794
1.20742
1.3086
1.41568
2.07196
3.04059
3.63098
4.45944
5.2188
5.66349
5.56363
6.37026
7.03298
8.34192
9.06144
9.67183
10.1007
10.2807
9.2881
4.45782
8.71496
10.5096
10.6885
10.6782
10.5691
10.2785
10.277
10.243
10.2553
9.99926
8.66199
8.73181
9.02693
9.06076
9.52049
9.81119
9.80779
9.54196
8.93872
9.65378
9.48372
9.08975
9.45249
9.41669
9.27212
9.14778
8.89602
7.44085
6.97715
7.15667
6.69348
6.66877
7.31569
6.9699
4.448
2.73398
3.69223
3.77019
4.07737
4.785
5.68809
5.76149
6.14051
6.58013
6.74307
6.86234
6.87975
6.98061
6.90973
6.89528
6.84317
6.77283
6.70769
6.62332
6.47771
6.33548
6.22066
6.15943
5.93284
5.67613
5.30823
4.91309
4.52148
3.3253
2.00079
1.61791
1.75165
2.25702
2.04998
2.27088
2.91617
3.50713
3.82675
3.91039
3.88233
4.01859
4.14117
3.96991
4.04397
4.14864
4.24351
4.26673
4.29206
4.25442
4.17316
4.05327
3.79223
3.32393
3.26107
3.62033
3.69884
3.75251
3.60932
3.34679
3.00774
2.70244
2.39618
1.96321
1.59063
1.35551
0.624641
0.106187
0.0063491
0.000796627
0.00688547
0.0119231
0.00456573
0.00834693
0.0105609
0.0168878
0.0398574
0.0776552
0.113903
0.154443
0.144184
0.17617
0.218296
0.291808
0.325003
0.273674
0.268071
0.322564
0.417103
0.585902
0.716311
0.766455
0.862034
0.918229
0.978029
1.01656
1.05276
1.09004
1.12119
1.13663
1.15645
1.14195
1.10615
1.15941
1.20474
1.22461
1.21147
1.2
1.24931
1.30645
1.33527
1.34249
1.32127
1.311
1.32703
1.34871
1.34107
1.314
1.30678
1.26965
1.25248
1.21957
1.17717
1.12908
1.09776
1.05632
1.01292
0.981814
0.924261
0.887764
0.865239
0.830412
0.766901
0.743445
0.651083
0.546047
0.45959
0.335269
0.188035
0.0919866
0.0401446
0.0121932
0.0031036
0.000686558
6.95279e-005
3.65251e-005
7.61179e-005
0.000134317
0.000192203
6.68147e-005
0.000249107
0.000810186
0.00102079
0.000376794
8.08279e-005
0.000293572
0.000589453
0.00126993
0.00269128
0.00461006
0.00817929
0.0126942
0.0122277
0.0155348
0.0294614
0.0520203
0.076899
0.101468
0.107374
0.0848225
0.0367902
0.0381801
0.045838
0.0783786
0.130835
0.163069
0.165527
0.144162
0.105401
0.106288
0.111996
0.13326
0.169479
0.186231
0.195243
0.199926
0.205725
0.208716
0.210914
0.214509
0.218563
0.220821
0.221627
0.217641
0.217285
0.214147
0.208942
0.214524
0.21853
0.212568
0.221056
0.214669
0.212333
0.217372
0.219779
0.219347
0.214394
0.20766
0.198608
0.190149
0.180789
0.167815
0.159951
0.152428
0.146279
0.140326
0.13338
0.124782
0.124486
0.12065
0.113783
0.103318
0.100571
0.0885832
0.0763537
0.0666918
0.0604823
0.0611056
0.0555016
0.0394976
0.0354167
0.0332363
0.032562
0.0300588
0.0226616
0.0144706
0.0157511
0.0169906
0.0125066
0.0102286
0.00854598
0.00367827
0.00556736
0.00536672
0.0041586
L of Background Average
0.469451
0.730008
0.798292
0.845505
0.946561
1.0017
1.01158
1.01516
0.85945
1.08517
1.10556
1.21952
1.30034
1.34182
1.39346
1.39615
1.39226
1.38333
1.39706
1.40565
1.35828
1.32729
1.37148
1.38375
1.37432
1.48833
1.58765
1.59728
1.74983
1.99811
2.22158
2.31334
2.46558
2.50042
2.57322
2.61913
2.59796
2.54961
2.43319
2.30587
2.19771
2.09858
2.04659
1.87529
1.87988
1.85102
1.82087
1.78479
1.68714
1.64077
1.62634
1.56803
1.54885
1.54136
1.49744
1.43042
1.35785
1.28944
1.27048
1.26159
1.22901
1.20794
1.20742
1.3086
1.41568
2.07196
3.04059
3.63098
4.45944
5.2188
5.66349
5.56363
6.37026
7.03298
8.34192
9.06144
9.67183
10.1007
10.2807
9.2881
4.45782
8.71496
10.5096
10.6885
10.6782
10.5691
10.2785
10.277
10.243
10.2553
9.99926
8.66199
8.73181
9.02693
9.06076
9.52049
9.81119
9.80779
9.54196
8.93872
9.65378
9.48372
9.08975
9.45249
9.41669
9.27212
9.14778
8.89602
7.44085
6.97715
7.15667
6.69348
6.66877
7.31569
6.9699
4.448
2.73398
3.69223
3.77019
4.07737
4.785
5.68809
5.76149
6.14051
6.58013
6.74307
6.86234
6.87975
6.98061
6.90973
6.89528
6.84317
6.77283
6.70769
6.62332
6.47771
6.33548
6.22066
6.15943
5.93284
5.67613
5.30823
4.91309
4.52148
3.3253
2.00079
1.61791
1.75165
2.25702
2.04998
2.27088
2.91617
3.50713
3.82675
3.91039
3.88233
4.01859
4.14117
3.96991
4.04397
4.14864
4.24351
4.26673
4.29206
4.25442
4.17316
4.05327
3.79223
3.32393
3.26107
3.62033
3.69884
3.75251
3.60932
3.34679
3.00774
2.70244
2.39618
1.96321
1.59063
1.35551
0.624641
0.106187
0.0063491
0.000796627
0.00688547
0.0119231
0.00456573
0.00834693
0.0105609
0.0168878
0.0398574
0.0776552
0.113903
0.154443
0.144184
0.17617
0.218296
0.291808
0.325003
0.273674
0.268071
0.322564
0.417103
0.585902
0.716311
0.766455
0.862034
0.918229
0.978029
1.01656
1.05276
1.09004
1.12119
1.13663
1.15645
1.14195
1.10615
1.15941
1.20474
1.22461
1.21147
1.2
1.24931
1.30645
1.33527
1.34249
1.32127
1.311
1.32703
1.34871
1.34107
1.314
1.30678
1.26965
1.25248
1.21957
1.17717
1.12908
1.09776
1.05632
1.01292
0.981814
0.924261
0.887764
0.865239
0.830412
0.766901
0.743445
0.651083
0.546047
0.45959
0.335269
0.188035
0.0919866
0.0401446
0.0121932
0.0031036
0.000686558
6.95279e-005
3.65251e-005
7.61179e-005
0.000134317
0.000192203
6.68147e-005
0.000249107
0.000810186
0.00102079
0.000376794
8.08279e-005
0.000293572
0.000589453
0.00126993
0.00269128
0.00461006
0.00817929
0.0126942
0.0122277
0.0155348
0.0294614
0.0520203
0.076899
0.101468
0.107374
0.0848225
0.0367902
0.0381801
0.045838
0.0783786
0.130835
0.163069
0.165527
0.144162
0.105401
0.106288
0.111996
0.13326
0.169479
0.186231
0.195243
0.199926
0.205725
0.208716
0.210914
0.214509
0.218563
0.220821
0.221627
0.217641
0.217285
0.214147
0.208942
0.214524
0.21853
0.212568
0.221056
0.214669
0.212333
0.217372
0.219779
0.219347
0.214394
0.20766
0.198608
0.190149
0.180789
0.167815
0.159951
0.152428
0.146279
0.140326
0.13338
0.124782
0.124486
0.12065
0.113783
0.103318
0.100571
0.0885832
0.0763537
0.0666918
0.0604823
0.0611056
0.0555016
0.0394976
0.0354167
0.0332363
0.032562
0.0300588
0.0226616
0.0144706
0.0157511
0.0169906
0.0125066
0.0102286
0.00854598
0.00367827
0.00556736
0.00536672
0.0041586
L of Target
0.883251
1.34625
1.43303
1.43845
1.51661
1.51213
1.44042
1.3817
1.14372
1.43966
1.469
1.61267
1.70568
1.74537
1.78672
1.77373
1.77738
1.78765
1.81592
1.81315
1.73476
1.68912
1.73436
1.71744
1.65736
1.72696
1.73047
1.60702
1.61701
1.69318
1.73772
1.70434
1.75032
1.73272
1.74563
1.74929
1.72687
1.71803
1.69396
1.68942
1.70115
1.69358
1.69306
1.58449
1.62206
1.62695
1.62562
1.62208
1.56921
1.56448
1.58304
1.5498
1.54718
1.5633
1.55883
1.5411
1.51076
1.47249
1.49667
1.53352
1.53087
1.52011
1.51557
1.50643
1.28015
1.35814
1.51392
1.53026
1.58373
1.61805
1.57088
1.38812
1.46429
1.49597
1.6548
1.69256
1.72301
1.74641
1.74501
1.55486
0.728628
1.41423
1.68498
1.69594
1.68263
1.65694
1.60459
1.59821
1.58665
1.58235
1.53742
1.3266
1.33071
1.37015
1.37127
1.43529
1.47372
1.46836
1.42399
1.32939
1.43283
1.40728
1.34733
1.39596
1.3858
1.36383
1.34753
1.31255
1.09915
1.0338
1.06553
0.997581
0.997737
1.10008
1.05268
0.669326
0.407317
0.558922
0.575142
0.628833
0.746227
0.893416
0.916915
0.998695
1.0846
1.10774
1.10445
1.0822
1.08657
1.07258
1.06607
1.05437
1.03964
1.02693
1.01463
0.992274
0.969152
0.95204
0.948176
0.924906
0.899316
0.853409
0.796975
0.735456
0.540593
0.325812
0.265828
0.291717
0.384581
0.355489
0.401946
0.525542
0.637616
0.689089
0.687244
0.66607
0.680112
0.698616
0.669474
0.681229
0.697875
0.712842
0.716258
0.722186
0.718996
0.707858
0.689444
0.646688
0.568869
0.559193
0.621052
0.636344
0.653115
0.640467
0.607672
0.56032
0.522017
0.486756
0.420881
0.357413
0.314751
0.148564
0.026012
0.00156148
0.00010473
0.000954098
0.00214834
0.00373715
0.00724497
0.00440365
0.00668156
0.0188642
0.0394823
0.0618702
0.0881703
0.0865496
0.111237
0.141065
0.190111
0.212117
0.178589
0.173911
0.200978
0.24103
0.315466
0.370019
0.384278
0.4197
0.434658
0.449059
0.451338
0.451269
0.452084
0.45205
0.447724
0.445162
0.42496
0.395968
0.404671
0.416959
0.418824
0.403816
0.387108
0.393581
0.407192
0.413524
0.410338
0.395402
0.384596
0.385185
0.389648
0.385428
0.375471
0.372533
0.363202
0.360575
0.353871
0.344485
0.333965
0.32887
0.320044
0.309585
0.302487
0.288663
0.283978
0.286002
0.283018
0.266232
0.261004
0.232187
0.201568
0.177764
0.138466
0.0836878
0.0466207
0.0245129
0.0104604
0.00493828
0.00146437
0.000127763
0.000194896
0.00072139
0.00114828
0.00134465
0.000170597
3.97468e-005
0.00045194
0.00131821
0.000834392
0.000423245
0.00115877
0.00173144
0.00587414
0.0136909
0.0207352
0.0308025
0.0420094
0.0367051
0.0399386
0.0676807
0.108853
0.147315
0.177378
0.173219
0.127471
0.0509912
0.0495361
0.0574487
0.0956054
0.155589
0.189294
0.188006
0.159767
0.112793
0.111251
0.114876
0.135495
0.171648
0.185674
0.189269
0.190278
0.194584
0.194572
0.191081
0.190594
0.191481
0.191097
0.19111
0.185079
0.180402
0.175232
0.169611
0.171644
0.173439
0.161915
0.16429
0.158396
0.156864
0.160169
0.159309
0.157456
0.157163
0.155511
0.150836
0.146649
0.141238
0.130115
0.123426
0.117582
0.115598
0.115699
0.116089
0.10442
0.100471
0.0957297
0.0909418
0.0897979
0.0981892
0.0934319
0.0867785
0.0813364
0.0723043
0.0797468
0.0792199
0.0648502
0.074861
0.0726126
0.0759546
0.075531
0.0674291
0.0622455
0.0726564
0.0808065
0.0676478
0.0788416
0.0751173
0.0390103
0.0624998
0.0612173
0.0492671
