SNR of Background 1
5.1286
9.12733
10.8449
12.4454
14.6809
16.892
18.8851
20.7439
19.6917
25.4087
27.5021
31.1982
34.6247
37.0204
39.2666
40.8363
42.047
43.3789
44.7582
46.3073
46.8024
47.5268
49.5297
50.9666
50.9096
53.2629
54.5368
54.9706
57.2343
60.8658
63.5091
64.6513
66.4072
66.9156
67.68
68.4269
68.725
68.6783
68.1332
67.489
66.7284
66.1697
65.9665
64.4608
64.8733
64.9855
64.0787
62.7634
60.737
58.8554
58.5389
57.5331
57.0294
56.7467
55.5499
54.1948
52.5892
51.5402
51.1454
51.1298
50.6949
50.4091
50.6019
52.7423
54.6032
63.9282
72.3221
75.7851
79.1891
81.3267
82.4192
81.8896
83.4164
84.5618
86.3105
86.9121
87.4464
87.5676
87.3979
85.8258
73.4133
83.8719
85.8162
85.5378
84.7647
84.0577
83.0554
82.38
81.6075
81.0492
80.2861
77.6888
77.0385
77.2528
76.4342
76.9039
77.0095
76.5566
74.9723
73.1768
74.0978
73.1553
71.6655
72.5627
71.8095
70.7696
69.7118
68.2803
63.345
60.8096
60.3183
57.5206
56.1574
57.0702
54.4141
41.688
29.0944
50.2187
48.7363
33.2628
52.6522
57.6633
56.0532
53.3896
48.4013
37.9802
24.0743
24.4126
25.0547
27.871
28.1385
30.9842
33.6366
33.7238
36.0989
35.6615
37.5713
39.4793
39.3901
40.6234
41.4772
39.6062
39.2658
38.6859
31.647
21.2473
18.3856
21.6319
28.3549
27.1502
30.6673
38.8403
45.8139
49.8446
50.5295
51.425
53.6566
55.703
55.4922
57.31
60.3168
62.1522
63.3779
64.5821
65.2783
66.3811
66.3629
65.0861
61.6748
61.9326
66.1431
67.6333
68.8246
69.0073
67.3372
64.6162
61.8387
58.4994
52.4216
46.0729
41.5382
21.9035
4.03945
0.248726
0.0318801
0.281512
0.497235
0.194385
0.36233
0.467361
0.762515
1.80884
3.58293
5.33981
7.35803
6.91719
8.59255
10.7581
14.2784
16.066
13.8614
13.6477
16.5198
21.065
28.9445
34.983
37.2795
41.61
44.3819
46.8037
48.8604
50.8082
52.3455
54.375
55.9012
57.1745
57.7829
57.7276
59.9281
62.1919
63.6909
64.2084
64.3942
66.1357
68.008
69.4408
70.047
69.9728
70.1726
70.6488
71.2703
71.2187
70.7636
70.7138
70.001
69.7074
69.0483
68.1111
66.9249
66.1797
65.0949
63.8839
62.6101
60.7567
59.5584
58.5691
57.862
55.4272
54.6345
50.8085
45.2007
40.3239
31.4197
18.6981
9.41243
4.2
1.28063
0.325378
0.0718185
0.00733229
0.00383673
0.00789578
0.0139013
0.0196325
0.00672593
0.0249964
0.0809973
0.100586
0.0369715
0.00792943
0.0291206
0.0585095
0.126133
0.269811
0.462335
0.820232
1.28544
1.23608
1.56645
2.92671
5.13726
7.53195
9.75607
10.2994
8.17019
3.5742
3.73392
4.50596
7.69475
12.7383
15.8162
16.1459
14.1158
10.4632
10.5669
11.1347
13.1844
16.5752
18.1363
18.7992
19.2484
19.9128
20.3072
20.4556
20.9046
21.4227
21.5458
21.7739
21.335
21.2401
20.894
20.3634
20.7976
20.8753
20.2614
20.9345
20.3099
19.819
19.932
19.6152
19.048
18.0946
17.2472
16.0236
14.8521
13.8997
12.6892
11.8738
11.1174
10.617
9.98494
9.31402
8.53967
8.63232
8.48243
8.11431
7.47811
7.3763
6.59492
5.76993
5.11233
4.58522
4.5747
4.04313
2.8484
2.52602
2.34
2.26185
2.06001
1.50657
0.948232
0.998202
1.05894
0.752994
0.59389
0.487303
0.20215
0.300425
0.278255
0.211496
SNR of Background Average
5.1286
9.12733
10.8449
12.4454
14.6809
16.892
18.8851
20.7439
19.6917
25.4087
27.5021
31.1982
34.6247
37.0204
39.2666
40.8363
42.047
43.3789
44.7582
46.3073
46.8024
47.5268
49.5297
50.9666
50.9096
53.2629
54.5368
54.9706
57.2343
60.8658
63.5091
64.6513
66.4072
66.9156
67.68
68.4269
68.725
68.6783
68.1332
67.489
66.7284
66.1697
65.9665
64.4608
64.8733
64.9855
64.0787
62.7634
60.737
58.8554
58.5389
57.5331
57.0294
56.7467
55.5499
54.1948
52.5892
51.5402
51.1454
51.1298
50.6949
50.4091
50.6019
52.7423
54.6032
63.9282
72.3221
75.7851
79.1891
81.3267
82.4192
81.8896
83.4164
84.5618
86.3105
86.9121
87.4464
87.5676
87.3979
85.8258
73.4133
83.8719
85.8162
85.5378
84.7647
84.0577
83.0554
82.38
81.6075
81.0492
80.2861
77.6888
77.0385
77.2528
76.4342
76.9039
77.0095
76.5566
74.9723
73.1768
74.0978
73.1553
71.6655
72.5627
71.8095
70.7696
69.7118
68.2803
63.345
60.8096
60.3183
57.5206
56.1574
57.0702
54.4141
41.688
29.0944
50.2187
48.7363
33.2628
52.6522
57.6633
56.0532
53.3896
48.4013
37.9802
24.0743
24.4126
25.0547
27.871
28.1385
30.9842
33.6366
33.7238
36.0989
35.6615
37.5713
39.4793
39.3901
40.6234
41.4772
39.6062
39.2658
38.6859
31.647
21.2473
18.3856
21.6319
28.3549
27.1502
30.6673
38.8403
45.8139
49.8446
50.5295
51.425
53.6566
55.703
55.4922
57.31
60.3168
62.1522
63.3779
64.5821
65.2783
66.3811
66.3629
65.0861
61.6748
61.9326
66.1431
67.6333
68.8246
69.0073
67.3372
64.6162
61.8387
58.4994
52.4216
46.0729
41.5382
21.9035
4.03945
0.248726
0.0318801
0.281512
0.497235
0.194385
0.36233
0.467361
0.762515
1.80884
3.58293
5.33981
7.35803
6.91719
8.59255
10.7581
14.2784
16.066
13.8614
13.6477
16.5198
21.065
28.9445
34.983
37.2795
41.61
44.3819
46.8037
48.8604
50.8082
52.3455
54.375
55.9012
57.1745
57.7829
57.7276
59.9281
62.1919
63.6909
64.2084
64.3942
66.1357
68.008
69.4408
70.047
69.9728
70.1726
70.6488
71.2703
71.2187
70.7636
70.7138
70.001
69.7074
69.0483
68.1111
66.9249
66.1797
65.0949
63.8839
62.6101
60.7567
59.5584
58.5691
57.862
55.4272
54.6345
50.8085
45.2007
40.3239
31.4197
18.6981
9.41243
4.2
1.28063
0.325378
0.0718185
0.00733229
0.00383673
0.00789578
0.0139013
0.0196325
0.00672593
0.0249964
0.0809973
0.100586
0.0369715
0.00792943
0.0291206
0.0585095
0.126133
0.269811
0.462335
0.820232
1.28544
1.23608
1.56645
2.92671
5.13726
7.53195
9.75607
10.2994
8.17019
3.5742
3.73392
4.50596
7.69475
12.7383
15.8162
16.1459
14.1158
10.4632
10.5669
11.1347
13.1844
16.5752
18.1363
18.7992
19.2484
19.9128
20.3072
20.4556
20.9046
21.4227
21.5458
21.7739
21.335
21.2401
20.894
20.3634
20.7976
20.8753
20.2614
20.9345
20.3099
19.819
19.932
19.6152
19.048
18.0946
17.2472
16.0236
14.8521
13.8997
12.6892
11.8738
11.1174
10.617
9.98494
9.31402
8.53967
8.63232
8.48243
8.11431
7.47811
7.3763
6.59492
5.76993
5.11233
4.58522
4.5747
4.04313
2.8484
2.52602
2.34
2.26185
2.06001
1.50657
0.948232
0.998202
1.05894
0.752994
0.59389
0.487303
0.20215
0.300425
0.278255
0.211496
SNR of Target
9.23094
15.6258
17.9195
19.4706
21.6082
23.4754
24.8947
26.2634
24.6
31.1221
33.5095
37.4815
40.9891
43.3258
45.3215
46.7165
48.0811
49.7456
51.2897
52.6579
52.9068
53.5415
55.3735
56.3298
55.565
56.9377
56.6614
55.121
55.2932
56.8613
57.6553
57.4059
58.3969
58.3666
58.6936
59.1479
59.3664
59.643
59.8206
60.3366
60.8253
61.2203
61.5924
60.5165
61.4449
61.9978
61.43
60.505
58.9973
57.6985
57.8829
57.2474
57.0029
57.0932
56.5389
56.037
55.2381
54.8418
55.2199
55.9777
56.1505
56.1209
56.2479
56.2296
52.1009
53.7466
56.5517
56.8906
57.4862
57.4684
56.5451
53.0308
53.643
53.8336
55.5904
55.3862
55.3978
54.9327
54.091
50.3629
31.1226
45.7929
49.2644
48.4382
46.7411
45.2798
43.3757
42.1258
40.7605
39.7824
38.5329
34.8072
33.8589
34.0411
32.9514
33.448
33.4992
32.863
30.9194
28.8877
29.8296
28.8191
27.2917
28.1116
27.2902
26.2838
25.3429
24.1269
20.3555
18.7106
18.4721
16.8077
16.0968
16.6754
15.2883
9.72066
5.76447
13.2594
12.6769
6.39618
10.6194
12.3291
11.9283
11.2942
9.91648
7.18983
4.15384
4.12378
4.20009
4.71999
4.75257
5.29028
5.80478
5.80761
6.30693
6.21396
6.61451
7.03951
7.05969
7.43256
7.75532
7.41781
7.40227
7.28515
5.717
3.66646
3.16697
3.82253
5.27725
5.11239
5.99368
8.09452
10.1113
11.2628
11.2195
11.2454
11.8253
12.4918
12.4131
13.0543
14.1976
14.943
15.4707
16.057
16.4554
17.0581
17.0937
16.5024
15.0029
15.1419
17.1187
17.9431
18.8022
19.2495
18.7019
17.6869
16.899
16.13
14.3243
12.5011
11.2703
5.51148
0.996227
0.0611935
0.00419142
0.0390271
0.0896668
0.15912
0.314526
0.194984
0.301965
0.857823
1.82885
2.91732
4.23437
4.18108
5.47122
7.02726
9.44778
10.6786
9.18083
8.98505
10.5055
12.5709
16.4908
19.5736
20.4759
22.6772
23.9047
24.8506
25.4815
25.9999
26.2866
27.0259
27.5428
27.8941
27.5102
26.55
27.5005
28.963
29.8178
29.5677
28.8866
29.6584
30.9248
31.9988
32.1873
31.5528
31.2011
31.3431
31.7803
31.5938
31.0311
30.9251
30.3911
30.3029
29.9452
29.3842
28.6986
28.4306
27.8753
27.1842
26.4551
25.4828
25.2151
25.2918
25.5101
24.3231
24.0607
22.0373
19.4896
17.6589
14.0454
8.61393
4.82978
2.57423
1.09906
0.517525
0.153158
0.0134735
0.0204719
0.0748205
0.118818
0.137317
0.0171729
0.00398852
0.0451853
0.129885
0.0818644
0.0415187
0.114924
0.171825
0.582906
1.36948
2.07249
3.0739
4.22597
3.69032
4.00517
6.66206
10.5882
14.1364
16.6628
16.2831
12.1319
4.93765
4.83175
5.63155
9.34206
15.0295
18.1944
18.1954
15.5637
11.1724
11.044
11.4111
13.396
16.7747
18.0857
18.263
18.3835
18.9119
19.0311
18.6689
18.7416
18.9631
18.8572
18.9972
18.368
17.8804
17.3455
16.7693
16.9038
16.8397
15.7115
15.8748
15.2829
14.9204
14.9708
14.4985
13.9377
13.49
13.1093
12.3267
11.5812
10.9638
9.9246
9.2368
8.63972
8.44418
8.27377
8.13404
7.1733
6.99862
6.7623
6.51368
6.51636
7.20498
6.94934
6.54454
6.21742
5.46947
5.94978
5.74676
4.65691
5.30434
5.07957
5.23929
5.13931
4.45291
4.05086
4.56768
4.99145
4.04342
4.53768
4.2479
2.1353
3.35054
3.15453
2.49361
