L of Background 1
1.32295
1.36864
1.36388
1.37968
1.57261
2.01763
2.43038
2.53263
2.29465
1.98023
1.80177
1.67855
1.55249
1.40937
1.26265
1.31028
1.82623
3.6791
4.95601
6.65506
9.38846
7.98928
9.77683
10.181
9.69807
8.01415
8.25905
9.34248
9.31799
9.26981
9.23903
7.83146
5.63987
4.74051
1.87234
2.18823
4.11676
5.67581
6.69196
6.81479
6.79546
6.66666
6.3747
5.95685
5.10613
3.44887
1.0964
0.66508
0.994279
2.12534
3.14547
3.38278
3.49322
3.80461
4.11607
4.1171
3.61617
3.43735
3.50701
2.89146
2.06086
1.16612
4.14478e-006
0.000419762
0.0071648
0.0227506
0.0625275
0.104582
0.117714
0.314562
0.594706
0.80272
0.976684
1.08471
1.13499
1.12193
1.18754
1.20618
1.25183
1.3282
1.30982
1.3169
1.30815
1.26505
1.2021
1.11266
1.01647
0.915268
0.804402
0.726333
0.584964
0.406116
0.212391
0.0575389
0.00469024
0.0336658
0.0614317
0.0420199
0.108011
0.123737
0.116766
0.171341
0.193811
0.205669
0.213037
0.202687
0.200545
0.199372
0.205228
0.206752
0.186161
0.160948
0.141694
0.122455
0.102748
0.0798643
0.0546141
0.0404774
0.024099
0.0185199
0.00907634
0.00694509
0.0028919
0.00189097
0.000594179
0.000146387
L of Background Average
1.32295
1.36864
1.36388
1.37968
1.57261
2.01763
2.43038
2.53263
2.29465
1.98023
1.80177
1.67855
1.55249
1.40937
1.26265
1.31028
1.82623
3.6791
4.95601
6.65506
9.38846
7.98928
9.77683
10.181
9.69807
8.01415
8.25905
9.34248
9.31799
9.26981
9.23903
7.83146
5.63987
4.74051
1.87234
2.18823
4.11676
5.67581
6.69196
6.81479
6.79546
6.66666
6.3747
5.95685
5.10613
3.44887
1.0964
0.66508
0.994279
2.12534
3.14547
3.38278
3.49322
3.80461
4.11607
4.1171
3.61617
3.43735
3.50701
2.89146
2.06086
1.16612
4.14478e-006
0.000419762
0.0071648
0.0227506
0.0625275
0.104582
0.117714
0.314562
0.594706
0.80272
0.976684
1.08471
1.13499
1.12193
1.18754
1.20618
1.25183
1.3282
1.30982
1.3169
1.30815
1.26505
1.2021
1.11266
1.01647
0.915268
0.804402
0.726333
0.584964
0.406116
0.212391
0.0575389
0.00469024
0.0336658
0.0614317
0.0420199
0.108011
0.123737
0.116766
0.171341
0.193811
0.205669
0.213037
0.202687
0.200545
0.199372
0.205228
0.206752
0.186161
0.160948
0.141694
0.122455
0.102748
0.0798643
0.0546141
0.0404774
0.024099
0.0185199
0.00907634
0.00694509
0.0028919
0.00189097
0.000594179
0.000146387
L of Target
2.07097
2.19782
2.24433
2.25934
2.40446
2.75489
3.05519
3.02682
2.69743
2.32404
2.09939
1.95168
1.82358
1.69391
1.57373
1.64681
2.05559
3.69014
4.76888
6.28086
8.8226
7.53209
9.25022
9.65631
9.22555
7.64575
7.90005
8.9529
8.94604
8.91937
8.89323
7.5623
5.46808
4.61245
1.82945
2.14986
4.06131
5.61686
6.62397
6.73429
6.71283
6.58829
6.30562
5.90346
5.08197
3.44496
1.09768
0.669931
1.00775
2.16352
3.19145
3.41649
3.52527
3.84048
4.1564
4.1626
3.66127
3.48529
3.56334
2.95531
2.1299
1.22418
4.71836e-006
0.000530896
0.00935004
0.0305418
0.0862366
0.145036
0.160834
0.412532
0.764189
1.013
1.20872
1.31862
1.35907
1.32
1.38182
1.38944
1.42501
1.50276
1.47012
1.46893
1.45356
1.40225
1.33461
1.23998
1.13775
1.02933
0.9101
0.830736
0.675373
0.472468
0.251036
0.0692362
0.0109236
0.0698751
0.116773
0.0727505
0.17793
0.199211
0.183373
0.264424
0.292848
0.304504
0.310844
0.290411
0.282689
0.277037
0.283097
0.283269
0.253566
0.219773
0.195939
0.173791
0.152503
0.125752
0.0934218
0.0761293
0.0524046
0.046035
0.0290756
0.0283507
0.0164991
0.0136265
0.00437511
0.00135549
