SNR of Background 1
99.5864
99.6177
99.628
99.6534
99.7111
99.7801
99.824
99.8334
99.8183
99.7946
99.7842
99.7723
99.7526
99.7353
99.7207
99.735
99.8117
99.91
99.935
99.9516
99.9664
99.9617
99.9701
99.9711
99.9699
99.965
99.9673
99.9712
99.971
99.972
99.975
99.9705
99.9555
99.9524
99.8789
99.8928
99.9444
99.962
99.9673
99.9673
99.9685
99.9688
99.9656
99.9658
99.9618
99.9428
99.8097
99.6913
99.812
99.9094
99.9392
99.9452
99.944
99.9509
99.9539
99.9547
99.9507
99.9451
99.9489
99.9398
99.9159
99.8536
0.0784226
8.91965
73.6711
91.9154
97.3137
98.5009
98.633
99.4979
99.7456
99.8124
99.8453
99.862
99.871
99.8662
99.8738
99.8776
99.8847
99.8884
99.8877
99.8892
99.8901
99.884
99.8779
99.87
99.8577
99.8371
99.8144
99.7958
99.744
99.6209
99.267
97.3559
78.2363
97.4203
98.6044
97.9269
99.2144
99.3359
99.3021
99.52
99.5672
99.5875
99.599
99.5884
99.5853
99.575
99.5974
99.5716
99.5431
99.4656
99.4099
99.289
99.1304
98.8685
98.3354
97.7534
96.1321
94.9327
88.7604
85.0984
64.3894
50.7898
20.8904
5.06208
SNR of Background Average
99.5864
99.6177
99.628
99.6534
99.7111
99.7801
99.824
99.8334
99.8183
99.7946
99.7842
99.7723
99.7526
99.7353
99.7207
99.735
99.8117
99.91
99.935
99.9516
99.9664
99.9617
99.9701
99.9711
99.9699
99.965
99.9673
99.9712
99.971
99.972
99.975
99.9705
99.9555
99.9524
99.8789
99.8928
99.9444
99.962
99.9673
99.9673
99.9685
99.9688
99.9656
99.9658
99.9618
99.9428
99.8097
99.6913
99.812
99.9094
99.9392
99.9452
99.944
99.9509
99.9539
99.9547
99.9507
99.9451
99.9489
99.9398
99.9159
99.8536
0.0784226
8.91965
73.6711
91.9154
97.3137
98.5009
98.633
99.4979
99.7456
99.8124
99.8453
99.862
99.871
99.8662
99.8738
99.8776
99.8847
99.8884
99.8877
99.8892
99.8901
99.884
99.8779
99.87
99.8577
99.8371
99.8144
99.7958
99.744
99.6209
99.267
97.3559
78.2363
97.4203
98.6044
97.9269
99.2144
99.3359
99.3021
99.52
99.5672
99.5875
99.599
99.5884
99.5853
99.575
99.5974
99.5716
99.5431
99.4656
99.4099
99.289
99.1304
98.8685
98.3354
97.7534
96.1321
94.9327
88.7604
85.0984
64.3894
50.7898
20.8904
5.06208
SNR of Target
99.7369
99.7629
99.7749
99.7892
99.8116
99.8392
99.8601
99.8607
99.8456
99.8251
99.815
99.8044
99.7896
99.78
99.7762
99.7895
99.8328
99.9102
99.9324
99.9487
99.9642
99.9594
99.9684
99.9695
99.9684
99.9633
99.9658
99.9699
99.9698
99.9709
99.974
99.9695
99.9541
99.951
99.8761
99.8909
99.9436
99.9616
99.9669
99.9669
99.9681
99.9684
99.9653
99.9655
99.9617
99.9428
99.8099
99.6936
99.8145
99.911
99.9401
99.9458
99.9445
99.9513
99.9543
99.9552
99.9513
99.9458
99.9497
99.9411
99.9186
99.8605
0.089272
11.1705
79.7766
94.1385
98.0845
98.9306
99.009
99.6185
99.8024
99.8515
99.8751
99.8866
99.8924
99.8863
99.8916
99.8938
99.8987
99.9014
99.9
99.9007
99.9011
99.8954
99.8901
99.8834
99.8729
99.8552
99.8361
99.8216
99.7785
99.6746
99.3818
97.8245
91.1689
98.7957
99.2784
98.828
99.5272
99.5904
99.5588
99.6905
99.7148
99.7225
99.7262
99.7138
99.7068
99.6952
99.709
99.6884
99.6657
99.6102
99.5752
99.502
99.4187
99.2893
99.0439
98.8355
98.2981
98.0776
96.8218
96.758
94.0765
92.6029
75.726
38.4047
