0.46166
0.719586
0.788215
0.833111
L of Background 1
0.928579
0.978669
0.987257
0.991548
0.840276
1.06124
1.08108
1.19187
1.27387
1.3176
1.37092
1.37747
1.37924
1.37561
1.39466
1.40728
1.36331
1.33665
1.38694
1.40347
1.39031
1.5028
1.60725
1.6124
1.75635
1.994
2.20748
2.29028
2.43217
2.45635
2.53035
2.58218
2.56297
2.5198
2.40891
2.27806
2.18769
2.10594
2.05424
1.79901
1.80986
1.83171
1.84324
1.81613
1.72167
1.67795
1.66514
1.59862
1.57828
1.57674
1.53978
1.45555
1.35746
1.30395
1.30685
1.31771
1.29052
1.27055
1.27025
1.36338
1.44234
1.97109
2.779
3.2742
4.08495
4.84669
5.00516
4.33407
5.0316
5.46976
7.18073
8.16285
9.04104
9.53224
9.71387
8.77586
4.31254
8.17335
9.91786
10.1148
10.1057
9.82348
9.34304
9.3694
9.27647
9.45571
8.83494
6.79095
7.20228
7.49931
7.66615
8.2311
8.95529
9.17134
8.95105
8.39066
9.10985
8.96519
8.59276
8.9336
8.88133
8.70489
8.52736
7.94142
5.7075
5.33725
5.56411
4.95323
4.69739
5.80397
5.05058
2.17869
0.889213
1.6764
1.72466
2.09307
2.89023
4.25629
4.44328
5.016
5.92251
6.40776
6.6329
6.67985
6.80945
6.76017
6.74029
6.71939
6.66129
6.595
6.51177
6.36896
6.22049
6.05999
5.91686
5.56805
5.21481
4.68105
3.90424
3.22972
1.8927
0.690484
0.446364
0.575667
0.974246
0.813742
1.0264
1.71591
2.43791
2.96368
3.24877
3.18202
3.32294
3.50981
3.34875
3.51508
3.59397
3.85572
3.96865
4.11989
4.17849
4.12342
4.01084
3.75661
3.30584
3.2291
3.5454
3.59142
3.53453
3.23337
2.87349
2.45479
2.09727
1.73108
1.23359
0.820922
0.58318
0.132979
0.00618704
4.209e-005
1.30551e-007
5.41808e-006
9.66584e-006
1.56079e-006
2.98663e-006
7.71602e-006
2.94285e-005
0.000502887
0.00288504
0.00856934
0.0202869
0.0214523
0.0323501
0.0544356
0.0991858
0.130043
0.0929305
0.0913068
0.12348
0.198056
0.364805
0.537508
0.620584
0.737077
0.811588
0.918344
0.984948
1.05273
1.10073
1.13922
1.159
1.17737
1.16229
1.12945
1.18059
1.22259
1.24173
1.23009
1.22221
1.2685
1.32444
1.3558
1.36173
1.33745
1.32648
1.33766
1.35568
1.34436
1.31637
1.30562
1.2681
1.2406
1.19089
1.14438
1.08758
1.05011
0.995199
0.938654
0.913562
0.837877
0.787498
0.75967
0.718571
0.619544
0.546571
0.439769
0.322553
0.225368
0.120307
0.0466424
0.00960997
0.00199553
0.000185088
8.84246e-006
2.96685e-007
9.05919e-009
1.60708e-009
4.81009e-009
1.60578e-008
3.7884e-008
1.39628e-007
1.34046e-007
4.26447e-007
6.02166e-007
1.74498e-007
1.34163e-008
7.49636e-008
3.32337e-007
4.47272e-006
2.81413e-005
0.000135479
0.000680065
0.0021895
0.00289352
0.00560455
0.0168821
0.035367
0.05749
0.0841539
0.089284
0.0690993
0.0335207
0.0377716
0.0428243
0.0717677
0.124029
0.162464
0.169703
0.149235
0.109189
0.109795
0.114901
0.134229
0.171171
0.190478
0.201874
0.201595
0.208772
0.214943
0.215999
0.220477
0.226364
0.231367
0.234389
0.222222
0.219311
0.216893
0.209795
0.216532
0.220576
0.203125
0.219799
0.21439
0.210323
0.216944
0.225122
0.227208
0.227186
0.219234
0.20984
0.202002
0.193249
0.180034
0.172056
0.164611
0.158586
0.152879
0.146278
0.136432
0.134091
0.127797
0.11824
0.105368
0.104001
0.0893572
0.0748969
0.0655713
0.0586714
0.0601081
0.0541809
0.0356564
0.0290859
0.0284544
0.0291777
0.0269569
0.0182912
0.00966922
0.0119888
0.0141258
0.00933422
0.00860299
0.00729588
0.00184642
0.00419111
0.00388594
0.00224481
0.8967
1.36635
1.45376
L of Background 2
1.45742
1.53424
1.5273
1.4526
1.39183
1.15152
1.44948
1.4792
1.62197
1.71694
1.75737
1.79864
1.7856
1.78974
1.80022
1.83016
1.82814
1.74868
1.70242
1.74873
1.73154
1.66351
1.72827
1.73735
1.61249
1.61843
1.68966
1.73036
1.69407
1.73588
1.71146
1.72531
1.73325
1.71253
1.70631
1.68337
1.67212
1.69216
1.69417
1.69057
1.5105
1.5515
1.59912
1.63198
1.6324
1.57918
1.57464
1.59349
1.55235
1.54747
1.56637
1.56453
1.52497
1.4658
1.44309
1.48799
1.542
1.54234
1.53179
1.52659
1.51322
1.28064
1.29509
1.38875
1.3875
1.45375
1.50018
1.38432
1.0709
1.14164
1.14148
1.38744
1.47729
1.55308
1.58445
1.58249
1.40906
0.679706
1.27044
1.52018
1.5336
1.52137
1.47175
1.39452
1.3935
1.37496
1.39611
1.30138
0.99802
1.05342
1.09304
1.11434
1.19158
1.29055
1.31812
1.28429
1.201
1.30206
1.28243
1.22887
1.2735
1.26267
1.23853
1.21567
1.13464
0.817564
0.767049
0.803125
0.714728
0.680554
0.845589
0.739826
0.318163
0.129182
0.24626
0.25516
0.312678
0.436033
0.645968
0.683108
0.789447
0.943921
1.01425
1.0225
1.00084
1.00784
0.998688
0.992369
0.986428
0.975365
0.964266
0.95356
0.933248
0.910775
0.888191
0.873059
0.833344
0.794801
0.725211
0.611168
0.507011
0.297175
0.10897
0.0714783
0.0934907
0.161566
0.137163
0.176935
0.300916
0.431047
0.518826
0.554523
0.529838
0.545451
0.574517
0.547926
0.57487
0.586968
0.628432
0.646107
0.672154
0.684648
0.678042
0.661254
0.62099
0.548859
0.53749
0.590475
0.60002
0.597842
0.558144
0.507854
0.445239
0.394748
0.342813
0.257785
0.180378
0.132261
0.0308732
0.00148252
1.07859e-005
4.06683e-008
1.3708e-006
2.62565e-006
1.10589e-006
2.62703e-006
3.71804e-006
1.41096e-005
0.00025023
0.00148209
0.00461166
0.011395
0.0125835
0.0199304
0.0341767
0.0625343
0.0819148
0.0583903
0.0567734
0.0733482
0.108458
0.1862
0.263951
0.296757
0.343065
0.367771
0.404316
0.419854
0.433916
0.439641
0.442851
0.440681
0.437874
0.418159
0.391173
0.398972
0.409882
0.411474
0.397338
0.382251
0.38761
0.400509
0.407469
0.403916
0.388329
0.377574
0.376881
0.380296
0.375196
0.365292
0.361471
0.352301
0.346849
0.335665
0.325407
0.312692
0.305914
0.293176
0.278873
0.273458
0.254068
0.244427
0.243539
0.237268
0.208173
0.185662
0.151401
0.114652
0.0835137
0.0474145
0.0195154
0.00448474
0.00105573
0.00012151
7.64277e-006
4.43658e-007
5.03889e-009
1.29279e-009
1.04602e-008
4.28458e-008
7.33041e-008
1.41658e-007
1.07237e-007
2.19411e-007
6.50615e-007
2.36313e-007
2.05882e-008
1.13006e-007
7.10735e-007
1.80451e-005
0.000115948
0.000494062
0.00213895
0.00624587
0.00752583
0.0123292
0.0333618
0.0640351
0.0951882
0.127176
0.124616
0.0896674
0.0400008
0.0425238
0.0469408
0.0770808
0.130487
0.167589
0.172079
0.148294
0.105282
0.103977
0.107053
0.124452
0.158592
0.17418
0.179995
0.176979
0.182718
0.185887
0.181784
0.182155
0.18456
0.186494
0.188452
0.176375
0.169875
0.165599
0.158914
0.161678
0.16347
0.144554
0.152414
0.147431
0.144694
0.148914
0.15224
0.152241
0.155254
0.152906
0.148321
0.1447
0.139762
0.128864
0.122423
0.116772
0.114834
0.114862
0.114949
0.102196
0.0969768
0.0909032
0.0845934
0.0815666
0.0895938
0.0821684
0.0734618
0.0681558
0.0592936
0.065881
0.0643233
0.0480338
0.0495932
0.0491789
0.0530741
0.0518793
0.0406509
0.029835
0.0398646
0.0481099
0.0355614
0.044027
0.0408532
0.0116708
0.0285439
0.0268739
0.0163863
0.635323
0.977796
L of Background Average
1.05395
1.08242
1.17048
1.19783
1.17318
1.1515
0.964656
1.2164
1.24018
1.36376
1.45096
1.49337
1.54189
1.54061
1.54334
1.54534
1.56874
1.57552
1.51737
1.48288
1.53158
1.53464
1.49954
1.59295
1.65928
1.61243
1.70117
1.87221
2.01651
2.0516
2.1534
2.15811
2.20801
2.24225
2.22244
2.19408
2.11844
2.03551
1.98936
1.94115
1.90872
1.68357
1.70649
1.73866
1.75872
1.74263
1.66467
1.63662
1.63648
1.58011
1.56595
1.57259
1.54968
1.48332
1.40079
1.3596
1.3793
1.40741
1.39123
1.37502
1.37276
1.42331
1.37764
1.70049
2.22213
2.51818
3.02985
3.50386
3.55192
3.02499
3.47036
3.73182
4.85123
5.47222
6.0253
6.33033
6.43758
5.80822
2.85415
5.39445
6.53357
6.65623
6.64581
6.45819
6.14127
6.15656
6.09396
6.20895
5.80158
4.46281
4.72953
4.92261
5.03068
5.39805
5.8687
6.00817
5.863
5.49485
5.96505
5.87094
5.6271
5.84871
5.81329
5.69842
5.58364
5.2024
3.74373
3.50212
3.65204
3.25195
3.0854
3.81197
3.31974
1.43338
0.585073
1.10384
1.13637
1.38013
1.90679
2.80767
2.93439
3.31913
3.9222
4.23989
4.37741
4.39646
4.47665
4.44352
4.42916
4.41426
4.3751
4.33108
4.27714
4.18373
4.08609
3.98122
3.88988
3.66583
3.43956
3.09285
2.58301
2.13803
1.25353
0.457758
0.296365
0.3827
0.648935
0.542983
0.686409
1.14929
1.63376
1.98356
2.16832
2.11851
2.20911
2.33254
2.22545
2.3357
2.38781
2.56095
2.6355
2.73631
2.77635
2.74075
2.66671
2.49853
2.20007
2.14962
2.36004
2.39133
2.35656
2.16059
1.92509
1.64942
1.41516
1.17508
0.842921
0.564586
0.402748
0.0921306
0.00430526
2.9569e-005
9.45989e-008
3.79921e-006
6.84985e-006
1.37884e-006
2.8428e-006
6.1168e-006
2.33007e-005
0.000401815
0.00232385
0.00698632
0.0167302
0.0179047
0.027382
0.0463315
0.0845253
0.110792
0.0791127
0.0774924
0.103427
0.162215
0.293353
0.428052
0.491004
0.57941
0.633973
0.712614
0.758776
0.80505
0.836118
0.860494
0.871483
0.881357
0.864408
0.833895
0.867696
0.897238
0.909341
0.896702
0.885938
0.915822
0.954526
0.976104
0.978234
0.957427
0.946532
0.952955
0.965129
0.956308
0.935562
0.927579
0.901422
0.882763
0.848489
0.816515
0.777364
0.752183
0.714174
0.674559
0.657336
0.6042
0.570141
0.553105
0.525946
0.454915
0.402142
0.324379
0.239375
0.168619
0.0911485
0.0357911
0.00755984
0.00161961
0.000159657
8.36259e-006
3.55472e-007
1.08767e-008
2.05532e-009
7.07013e-009
2.67731e-008
5.20521e-008
1.4044e-007
1.23322e-007
3.95427e-007
6.21538e-007
1.99222e-007
1.6285e-008
9.018e-008
4.83694e-007
9.90161e-006
6.32641e-005
0.000278913
0.00126361
0.00381199
0.00474643
0.00829448
0.0234748
0.0468349
0.0725696
0.101362
0.103416
0.077326
0.0361133
0.0396734
0.0444708
0.0738935
0.126613
0.164515
0.170653
0.148858
0.107626
0.107466
0.111761
0.130318
0.166139
0.183958
0.19312
0.191747
0.198351
0.20332
0.202311
0.205148
0.20964
0.213419
0.216017
0.203883
0.199536
0.196376
0.189442
0.194589
0.197734
0.179695
0.192839
0.187602
0.184071
0.189735
0.195973
0.197223
0.198415
0.192701
0.185232
0.179081
0.171853
0.159565
0.152202
0.145474
0.141084
0.137671
0.133746
0.122737
0.119244
0.113039
0.104781
0.0958469
0.098238
0.0864813
0.0743225
0.0666057
0.0589198
0.0624176
0.0582384
0.0406067
0.0372881
0.0367445
0.0387355
0.0369246
0.0272344
0.017735
0.023139
0.0277196
0.019824
0.0227714
0.0207177
0.00577623
0.0139321
0.013081
0.0079013
0.8967
L of Target
1.36635
1.45376
1.45742
1.53424
1.5273
1.4526
1.39183
1.15152
1.44948
1.4792
1.62197
1.71694
1.75737
1.79864
1.7856
1.78974
1.80022
1.83016
1.82814
1.74868
1.70242
1.74873
1.73154
1.66351
1.72827
1.73735
1.61249
1.61843
1.68966
1.73036
1.69407
1.73588
1.71146
1.72531
1.73325
1.71253
1.70631
1.68337
1.67212
1.69216
1.69417
1.69057
1.5105
1.5515
1.59912
1.63198
1.6324
1.57918
1.57464
1.59349
1.55235
1.54747
1.56637
1.56453
1.52497
1.4658
1.44309
1.48799
1.542
1.54234
1.53179
1.52659
1.51322
1.28064
1.29509
1.38875
1.3875
1.45375
1.50018
1.38432
1.0709
1.14164
1.14148
1.38744
1.47729
1.55308
1.58445
1.58249
1.40906
0.679706
1.27044
1.52018
1.5336
1.52137
1.47175
1.39452
1.3935
1.37496
1.39611
1.30138
0.99802
1.05342
1.09304
1.11434
1.19158
1.29055
1.31812
1.28429
1.201
1.30206
1.28243
1.22887
1.2735
1.26267
1.23853
1.21567
1.13464
0.817564
0.767049
0.803125
0.714728
0.680554
0.845589
0.739826
0.318163
0.129182
0.24626
0.25516
0.312678
0.436033
0.645968
0.683108
0.789447
0.943921
1.01425
1.0225
1.00084
1.00784
0.998688
0.992369
0.986428
0.975365
0.964266
0.95356
0.933248
0.910775
0.888191
0.873059
0.833344
0.794801
0.725211
0.611168
0.507011
0.297175
0.10897
0.0714783
0.0934907
0.161566
0.137163
0.176935
0.300916
0.431047
0.518826
0.554523
0.529838
0.545451
0.574517
0.547926
0.57487
0.586968
0.628432
0.646107
0.672154
0.684648
0.678042
0.661254
0.62099
0.548859
0.53749
0.590475
0.60002
0.597842
0.558144
0.507854
0.445239
0.394748
0.342813
0.257785
0.180378
0.132261
0.0308732
0.00148252
1.07859e-005
4.06683e-008
1.3708e-006
2.62565e-006
1.10589e-006
2.62703e-006
3.71804e-006
1.41096e-005
0.00025023
0.00148209
0.00461166
0.011395
0.0125835
0.0199304
0.0341767
0.0625343
0.0819148
0.0583903
0.0567734
0.0733482
0.108458
0.1862
0.263951
0.296757
0.343065
0.367771
0.404316
0.419854
0.433916
0.439641
0.442851
0.440681
0.437874
0.418159
0.391173
0.398972
0.409882
0.411474
0.397338
0.382251
0.38761
0.400509
0.407469
0.403916
0.388329
0.377574
0.376881
0.380296
0.375196
0.365292
0.361471
0.352301
0.346849
0.335665
0.325407
0.312692
0.305914
0.293176
0.278873
0.273458
0.254068
0.244427
0.243539
0.237268
0.208173
0.185662
0.151401
0.114652
0.0835137
0.0474145
0.0195154
0.00448474
0.00105573
0.00012151
7.64277e-006
4.43658e-007
1.36031e-008
2.72765e-009
1.04602e-008
4.28458e-008
7.33041e-008
1.41658e-007
1.07237e-007
3.48905e-007
6.50615e-007
2.36313e-007
2.05882e-008
1.13006e-007
7.10735e-007
1.80451e-005
0.000115948
0.000494062
0.00213895
0.00624587
0.00752583
0.0123292
0.0333618
0.0640351
0.0951882
0.127176
0.124616
0.0896674
0.0400008
0.0425238
0.0469408
0.0770808
0.130487
0.167589
0.172079
0.148294
0.105282
0.103977
0.107053
0.124452
0.158592
0.17418
0.179995
0.176979
0.182718
0.185887
0.181784
0.182155
0.18456
0.186494
0.188452
0.176375
0.169875
0.165599
0.158914
0.161678
0.16347
0.144554
0.152414
0.147431
0.144694
0.148914
0.15224
0.152241
0.155254
0.152906
0.148321
0.1447
0.139762
0.128864
0.122423
0.116772
0.114834
0.114862
0.114949
0.102196
0.0969768
0.0909032
0.0845934
0.0815666
0.0895938
0.0821684
0.0734618
0.0681558
0.0592936
0.065881
0.0643233
0.0480338
0.0495932
0.0491789
0.0530741
0.0518793
0.0406509
0.029835
0.0398646
0.0481099
0.0355614
0.044027
0.0408532
0.0116708
0.0285439
0.0268739
0.0163863
