5.05423
9.04558
10.7849
12.3792
SNR of Background 1
14.5953
16.8003
18.841
20.7953
19.7095
25.8074
28.1066
32.2673
36.3473
39.3251
42.1987
44.3105
46.0373
47.9569
49.9922
52.2883
53.0942
54.2753
57.4426
59.7945
59.6028
63.3305
65.5821
66.2057
69.9616
76.614
81.8998
84.2298
88.0937
89.0918
91.0187
93.046
93.8501
93.8295
92.5279
90.7981
89.3468
88.4391
87.9703
82.2093
83.3017
84.9592
84.0887
81.4854
77.4223
73.8314
73.2821
71.2068
70.2612
69.9205
68.0103
65.2168
61.8179
60.589
60.6375
61.2252
60.7404
60.3518
60.6673
63.7611
65.9668
80.6345
99.3697
109.489
123.46
134.161
135.962
124.196
132.84
138.074
157.634
166.146
173.887
175.815
174.476
162.195
106.07
148.724
162.018
160.285
155.062
149.115
141.529
138.114
133.675
132.283
125.689
107.416
108.263
109.475
107.738
110.747
114.626
114.545
109.217
103.504
106.717
103.862
99.4365
102.052
99.7168
96.5199
93.2764
87.3209
69.3802
64.6273
64.4449
57.821
53.8848
59.8177
52.3584
26.8635
11.8618
33.1021
31.8166
19.7662
39.1166
54.4975
53.6507
52.6476
50.2768
39.1604
24.0119
24.4764
25.2756
28.426
28.6994
32.0333
35.1675
35.2595
38.1024
37.5744
39.8591
41.9442
41.2932
41.9306
42.1602
38.3924
34.4791
30.6395
19.5127
7.71382
5.29822
7.49453
13.181
11.5702
15.0622
25.6192
36.8727
45.5794
49.5153
50.1018
53.6125
57.8763
57.3098
61.7644
66.6641
72.9832
76.9526
81.6584
84.8501
87.8524
87.9197
85.0389
77.9808
78.2103
86.6268
89.5454
90.1731
86.8362
79.9139
70.9654
62.9665
53.9868
40.3215
28.0731
20.6353
4.94639
0.237322
0.00164968
5.22485e-006
0.000221642
0.0004035
6.64759e-005
0.000129739
0.00034178
0.00133078
0.0229065
0.134106
0.406239
0.981415
1.04366
1.60572
2.74159
4.99528
6.63775
4.83911
4.77622
6.54203
10.4577
19.2392
28.5113
32.9913
39.6016
44.2315
50.0181
54.426
58.9879
61.9715
65.7136
68.5894
70.7959
71.9043
72.0024
76.0508
80.4368
83.6086
84.8585
85.5034
89.327
93.8439
97.7493
99.3291
98.9518
99.4708
100.495
102.041
101.66
100.301
99.9345
97.9221
96.444
93.5548
90.8208
87.236
84.9856
81.4638
77.7443
75.425
70.1996
66.7262
64.4205
62.4187
55.026
49.4582
41.2522
31.1034
22.5406
12.3697
4.85486
1.00427
0.210607
0.0194894
0.000927632
3.10397e-005
9.5538e-007
1.68815e-007
4.98962e-007
1.66195e-006
3.8698e-006
1.40559e-005
1.34513e-005
4.26403e-005
5.93475e-005
1.71232e-005
1.3162e-006
7.43638e-006
3.29918e-005
0.000444355
0.00282277
0.0135991
0.0683013
0.222196
0.293066
0.566316
1.68191
3.50855
5.66793
8.1565
8.63909
6.69776
3.26067
3.69683
4.21643
7.0756
12.1906
15.9602
16.7602
14.7462
10.8911
10.9695
11.4886
13.3948
16.9701
18.8478
19.7661
19.7729
20.609
21.3331
21.3809
21.9471
22.6813
23.072
23.537
22.2781
21.9303
21.6284
20.8808
21.4535
21.5373
19.8059
21.2919
20.7163
20.036
20.3017
20.4713
20.0722
19.4556
18.4513
17.1215
15.9265
14.9756
13.6996
12.841
12.0601
11.5557
10.9139
10.2414
9.35673
9.32114
9.00859
8.4548
7.64569
7.64499
6.66631
5.67051
5.03387
4.45382
4.5054
3.9509
2.57383
2.07699
2.0052
2.02822
1.84859
1.21686
0.634028
0.760163
0.880752
0.562219
0.499608
0.416084
0.101495
0.226194
0.20151
0.114187
9.39956
16.0239
18.4373
SNR of Background 2
20.0692
22.3421
24.346
25.8776
27.3767
25.5187
32.9184
35.7503
40.5981
45.1475
48.3019
51.0759
53.0768
55.0925
57.613
60.0557
62.2759
62.6736
63.7178
66.8529
68.5318
66.9908
69.2941
68.9394
66.2079
66.3979
69.0317
70.3748
69.8401
71.562
71.3221
71.9608
72.932
73.3885
73.9883
74.3582
75.1762
76.379
77.4422
78.1113
73.7784
75.7598
78.1788
78.0393
76.2941
73.36
70.9339
71.2789
69.8932
69.3865
69.628
68.7064
67.203
64.9859
64.7348
65.9861
67.7923
68.1826
68.1385
68.3456
68.1935
61.0556
61.7885
64.8696
64.9611
66.5149
66.9124
63.1907
52.6076
53.8805
53.3757
59.6226
60.8905
62.2085
61.7096
60.3301
54.5736
31.0499
47.8288
52.8094
51.7108
49.3372
46.7692
43.6032
42.1326
40.2712
39.6099
36.9631
29.9148
30.1209
30.4928
29.7806
30.8086
32.1553
32.0587
30.0282
27.8712
29.0163
27.9882
26.3774
27.2541
26.3544
25.2268
24.1176
22.0825
16.1832
14.7461
14.7457
12.7483
11.6513
13.4532
11.3292
4.87542
1.90368
6.32386
6.06299
3.24521
6.29443
9.04278
9.00372
9.02675
8.6947
6.60791
3.85127
3.81933
3.90149
4.40251
4.43187
4.95963
5.45894
5.46623
5.94356
5.85985
6.23456
6.58979
6.52377
6.72497
6.88681
6.33466
5.71131
5.05795
3.16381
1.23299
0.855876
1.23223
2.23348
1.98737
2.66059
4.6816
6.91478
8.5806
9.14874
9.04282
9.5945
10.3986
10.2835
11.1553
12.1164
13.3689
14.167
15.1737
15.91
16.6057
16.6621
16.0873
14.6559
14.7407
16.5467
17.232
17.5776
17.1772
16.0057
14.3806
13.0698
11.6182
8.96153
6.43642
4.82772
1.15698
0.0568866
0.000422743
1.6276e-006
5.60765e-005
0.000109608
4.71012e-005
0.000114118
0.00016469
0.00063805
0.0113982
0.0689009
0.218701
0.551723
0.612713
0.990458
1.72472
3.16079
4.20123
3.05123
2.9803
3.90622
5.77966
9.99991
14.3948
16.302
19.1862
20.9795
23.2105
24.5977
25.9407
26.532
27.5286
28.224
28.5968
28.1804
27.2217
28.2217
29.7747
30.7218
30.4831
29.8152
30.6113
32.0167
33.3104
33.4972
32.6924
32.2767
32.3371
32.762
32.4683
31.8095
31.6099
30.9974
30.6562
29.86
29.1308
28.1504
27.691
26.7103
25.5794
24.9223
23.3326
22.5816
22.4237
22.2965
19.8116
17.8745
14.9549
11.4903
8.58517
4.94673
2.04256
0.469162
0.111443
0.012795
0.000801777
4.64161e-005
5.314e-007
1.35801e-007
1.08506e-006
4.43448e-006
7.48791e-006
1.42602e-005
1.07612e-005
2.19389e-005
6.41225e-005
2.3189e-005
2.01978e-006
1.12102e-005
7.05561e-005
0.00179273
0.0116302
0.0495894
0.214761
0.633335
0.761539
1.24416
3.31308
6.31753
9.31747
12.2281
11.9789
8.65798
3.88622
4.15817
4.61808
7.59172
12.8096
16.4479
16.9873
14.6558
10.5092
10.3999
10.72
12.4424
15.7605
17.288
17.6957
17.4383
18.1253
18.5505
18.1102
18.2641
18.64
18.7557
19.0902
17.8369
17.1473
16.675
15.97
16.1855
16.1319
14.2497
14.9496
14.4234
13.9499
14.1062
14.0205
13.6211
13.4533
13.0075
12.2192
11.5081
10.9174
9.87977
9.20245
8.61341
8.41937
8.24314
8.08224
7.04075
6.77506
6.44037
6.07725
5.93855
6.59949
6.1364
5.56303
5.23026
4.50063
4.93394
4.68374
3.46123
3.53127
3.4558
3.67738
3.54581
2.69652
1.95127
2.51893
2.98726
2.13532
2.54654
2.32114
0.640851
1.53654
1.39032
0.83235
6.83276
11.9415
SNR of Background Average
13.9708
15.5805
17.8197
19.9363
21.7568
23.5153
22.1019
28.7503
31.2758
35.7279
40.0059
43.0563
45.8837
47.9456
49.7945
51.9702
54.1784
56.4386
57.0682
58.1892
61.339
63.4016
62.6385
65.7669
66.941
66.2064
68.5539
73.6579
77.4616
78.7386
81.8217
82.3758
83.841
85.4899
86.1694
86.3662
85.6594
84.847
84.3656
84.1888
84.1462
78.9283
80.3571
82.3046
81.7149
79.4435
75.8192
72.6837
72.4862
70.6839
69.9123
69.8037
68.2895
66.017
63.0999
62.2729
62.8194
63.9155
63.7988
63.556
63.8253
65.5623
64.0373
73.573
86.9977
93.9298
104.088
111.75
112.103
101.086
107.66
111.369
127.031
133.538
139.498
140.817
139.553
129.334
83.0242
118.043
128.854
127.353
123.013
118.102
111.853
109.023
105.356
104.185
98.7637
83.7744
84.4322
85.4077
83.9654
86.406
89.555
89.47
85.0856
80.3846
83.0158
80.6774
77.046
79.1786
77.253
74.6366
71.99
67.1337
52.5538
48.7151
48.5775
43.2458
40.1044
44.8642
38.9052
19.0717
8.10293
23.8335
22.8602
13.5072
26.456
37.1893
36.6329
35.9931
34.3519
26.5606
16.0953
16.3683
16.8927
19.0328
19.2137
21.4847
23.6273
23.6879
25.6465
25.2852
26.8592
28.3037
27.8717
28.3513
28.56
25.9916
23.3167
20.6836
13.0875
5.13985
3.53003
5.00677
8.85475
7.77824
10.1703
17.4374
25.279
31.3682
34.0643
34.3993
36.8332
39.8455
39.4421
42.6088
46.1075
50.6371
53.4957
56.9147
59.2587
61.4702
61.5354
59.4496
54.3455
54.5263
60.6546
62.8068
63.3415
61.0161
56.0843
49.705
44.0862
37.8259
28.2146
19.6302
14.4259
3.43716
0.165164
0.00115893
3.78598e-006
0.000155417
0.000285947
5.87264e-005
0.000123491
0.000270943
0.00105368
0.0183028
0.108025
0.331243
0.809628
0.87137
1.35978
2.3353
4.26307
5.66592
4.12537
4.05931
5.49096
8.59662
15.5826
22.9546
26.4405
31.6218
35.1709
39.6124
42.8865
46.2481
48.3453
51.0761
53.1527
54.6895
55.2437
54.9592
57.9081
61.2765
63.6534
64.3756
64.557
67.312
70.737
73.7304
74.827
74.3033
74.4999
75.1917
76.3515
76.0022
74.8856
74.5763
73.0483
71.9644
69.8032
67.7695
65.0975
63.4771
60.8548
58.0569
56.3303
52.411
49.922
48.3964
47.0779
41.4896
37.2689
31.0438
23.433
17.0478
9.42608
3.73361
0.790359
0.170947
0.0168117
0.00087729
3.719e-005
1.14705e-006
2.159e-007
7.33401e-007
2.77097e-006
5.31705e-006
1.41376e-005
1.23753e-005
3.95386e-005
6.12568e-005
1.95493e-005
1.59762e-006
8.94583e-006
4.80173e-005
0.000983704
0.00634578
0.0279959
0.126895
0.386726
0.480557
0.837676
2.33572
4.63592
7.13402
9.79277
9.9801
7.48361
3.51113
3.88156
4.37715
7.28223
12.4385
16.1555
16.851
14.7101
10.7384
10.7417
11.1814
13.0142
16.4868
18.2249
18.9397
18.8415
19.6184
20.2236
20.0774
20.4801
21.0721
21.3541
21.7676
20.5107
20.0277
19.6584
18.9275
19.359
19.3887
17.5975
18.773
18.2171
17.6187
17.8415
17.9105
17.5112
17.0715
16.2873
15.1717
14.1682
13.3599
12.1784
11.3917
10.6869
10.3057
9.84888
9.37987
8.4328
8.30567
7.98435
7.50642
6.96418
7.2273
6.45445
5.6275
5.11248
4.47251
4.67693
4.24432
2.92911
2.65965
2.58645
2.68912
2.52875
1.80971
1.16171
1.46512
1.72546
1.19256
1.32029
1.17976
0.317377
0.751136
0.677695
0.401691
9.39956
SNR of Target
16.0239
18.4373
20.0692
22.3421
24.346
25.8776
27.3767
25.5187
32.9184
35.7503
40.5981
45.1475
48.3019
51.0759
53.0768
55.0925
57.613
60.0557
62.2759
62.6736
63.7178
66.8529
68.5318
66.9908
69.2941
68.9394
66.2079
66.3979
69.0317
70.3748
69.8401
71.562
71.3221
71.9608
72.932
73.3885
73.9883
74.3582
75.1762
76.379
77.4422
78.1113
73.7784
75.7598
78.1788
78.0393
76.2941
73.36
70.9339
71.2789
69.8932
69.3865
69.628
68.7064
67.203
64.9859
64.7348
65.9861
67.7923
68.1826
68.1385
68.3456
68.1935
61.0556
61.7885
64.8696
64.9611
66.5149
66.9124
63.1907
52.6076
53.8805
53.3757
59.6226
60.8905
62.2085
61.7096
60.3301
54.5736
31.0499
47.8288
52.8094
51.7108
49.3372
46.7692
43.6032
42.1326
40.2712
39.6099
36.9631
29.9148
30.1209
30.4928
29.7806
30.8086
32.1553
32.0587
30.0282
27.8712
29.0163
27.9882
26.3774
27.2541
26.3544
25.2268
24.1176
22.0825
16.1832
14.7461
14.7457
12.7483
11.6513
13.4532
11.3292
4.87542
1.90368
6.32386
6.06299
3.24521
6.29443
9.04278
9.00372
9.02675
8.6947
6.60791
3.85127
3.81933
3.90149
4.40251
4.43187
4.95963
5.45894
5.46623
5.94356
5.85985
6.23456
6.58979
6.52377
6.72497
6.88681
6.33466
5.71131
5.05795
3.16381
1.23299
0.855876
1.23223
2.23348
1.98737
2.66059
4.6816
6.91478
8.5806
9.14874
9.04282
9.5945
10.3986
10.2835
11.1553
12.1164
13.3689
14.167
15.1737
15.91
16.6057
16.6621
16.0873
14.6559
14.7407
16.5467
17.232
17.5776
17.1772
16.0057
14.3806
13.0698
11.6182
8.96153
6.43642
4.82772
1.15698
0.0568866
0.000422743
1.6276e-006
5.60765e-005
0.000109608
4.71012e-005
0.000114118
0.00016469
0.00063805
0.0113982
0.0689009
0.218701
0.551723
0.612713
0.990458
1.72472
3.16079
4.20123
3.05123
2.9803
3.90622
5.77966
9.99991
14.3948
16.302
19.1862
20.9795
23.2105
24.5977
25.9407
26.532
27.5286
28.224
28.5968
28.1804
27.2217
28.2217
29.7747
30.7218
30.4831
29.8152
30.6113
32.0167
33.3104
33.4972
32.6924
32.2767
32.3371
32.762
32.4683
31.8095
31.6099
30.9974
30.6562
29.86
29.1308
28.1504
27.691
26.7103
25.5794
24.9223
23.3326
22.5816
22.4237
22.2965
19.8116
17.8745
14.9549
11.4903
8.58517
4.94673
2.04256
0.469162
0.111443
0.012795
0.000801777
4.64161e-005
1.43458e-006
2.86524e-007
1.08506e-006
4.43448e-006
7.48791e-006
1.42602e-005
1.07612e-005
3.48869e-005
6.41225e-005
2.3189e-005
2.01978e-006
1.12102e-005
7.05561e-005
0.00179273
0.0116302
0.0495894
0.214761
0.633335
0.761539
1.24416
3.31308
6.31753
9.31747
12.2281
11.9789
8.65798
3.88622
4.15817
4.61808
7.59172
12.8096
16.4479
16.9873
14.6558
10.5092
10.3999
10.72
12.4424
15.7605
17.288
17.6957
17.4383
18.1253
18.5505
18.1102
18.2641
18.64
18.7557
19.0902
17.8369
17.1473
16.675
15.97
16.1855
16.1319
14.2497
14.9496
14.4234
13.9499
14.1062
14.0205
13.6211
13.4533
13.0075
12.2192
11.5081
10.9174
9.87977
9.20245
8.61341
8.41937
8.24314
8.08224
7.04075
6.77506
6.44037
6.07725
5.93855
6.59949
6.1364
5.56303
5.23026
4.50063
4.93394
4.68374
3.46123
3.53127
3.4558
3.67738
3.54581
2.69652
1.95127
2.51893
2.98726
2.13532
2.54654
2.32114
0.640851
1.53654
1.39032
0.83235
