L of Background 1
1.28347
1.33917
1.34893
1.38145
1.5813
2.01583
2.41408
2.51432
2.28981
1.99021
1.81823
1.70495
1.58431
1.44883
1.3066
1.35711
1.83942
3.60156
4.80262
6.41581
9.0377
7.6944
9.4218
9.81725
9.35363
7.72989
7.96408
8.9994
8.95896
8.90302
8.87304
7.52499
5.43663
4.58572
1.81859
2.13569
4.03306
5.58841
6.64021
6.79606
6.77654
6.63505
6.33942
5.92361
5.0768
3.42903
1.09024
0.661588
0.989414
2.11554
3.13169
3.36929
3.47933
3.79223
4.10631
4.11155
3.61456
3.43542
3.50498
2.89209
2.06377
1.16957
4.19581e-006
0.000428541
0.00733586
0.0233723
0.0645946
0.108517
0.123113
0.330192
0.622078
0.836024
1.01311
1.12117
1.16977
1.15357
1.21887
1.23662
1.28163
1.35879
1.33947
1.34571
1.33624
1.29213
1.22812
1.13665
1.0383
0.935753
0.823607
0.745244
0.601338
0.4184
0.219382
0.0595412
0.0053374
0.0387895
0.0709714
0.0481934
0.121873
0.138083
0.128514
0.186748
0.209579
0.221362
0.228724
0.217392
0.215028
0.213836
0.220201
0.222061
0.200577
0.174589
0.155366
0.136432
0.115307
0.091307
0.0641708
0.0486659
0.0300473
0.024017
0.0124113
0.00988124
0.00448029
0.0031907
0.00100782
0.000243043
L of Background Average
1.28347
1.33917
1.34893
1.38145
1.5813
2.01583
2.41408
2.51432
2.28981
1.99021
1.81823
1.70495
1.58431
1.44883
1.3066
1.35711
1.83942
3.60156
4.80262
6.41581
9.0377
7.6944
9.4218
9.81725
9.35363
7.72989
7.96408
8.9994
8.95896
8.90302
8.87304
7.52499
5.43663
4.58572
1.81859
2.13569
4.03306
5.58841
6.64021
6.79606
6.77654
6.63505
6.33942
5.92361
5.0768
3.42903
1.09024
0.661588
0.989414
2.11554
3.13169
3.36929
3.47933
3.79223
4.10631
4.11155
3.61456
3.43542
3.50498
2.89209
2.06377
1.16957
4.19581e-006
0.000428541
0.00733586
0.0233723
0.0645946
0.108517
0.123113
0.330192
0.622078
0.836024
1.01311
1.12117
1.16977
1.15357
1.21887
1.23662
1.28163
1.35879
1.33947
1.34571
1.33624
1.29213
1.22812
1.13665
1.0383
0.935753
0.823607
0.745244
0.601338
0.4184
0.219382
0.0595412
0.0053374
0.0387895
0.0709714
0.0481934
0.121873
0.138083
0.128514
0.186748
0.209579
0.221362
0.228724
0.217392
0.215028
0.213836
0.220201
0.222061
0.200577
0.174589
0.155366
0.136432
0.115307
0.091307
0.0641708
0.0486659
0.0300473
0.024017
0.0124113
0.00988124
0.00448029
0.0031907
0.00100782
0.000243043
L of Target
1.58404
1.67171
1.7013
1.73277
1.91324
2.31052
2.66455
2.71271
2.45107
2.12722
1.93647
1.81293
1.69122
1.56075
1.42892
1.48947
1.93051
3.60967
4.73511
6.2776
8.82827
7.52577
9.22832
9.62496
9.18128
7.5963
7.83479
8.86021
8.82763
8.78067
8.75251
7.43224
5.37781
4.54202
1.80407
2.12291
4.01497
5.5691
6.61555
6.76477
6.7444
6.60525
6.31349
5.90387
5.06859
3.42847
1.09106
0.663694
0.995032
2.13129
3.15076
3.38343
3.49282
3.80715
4.12292
4.13002
3.63265
3.45467
3.52761
2.9176
2.09123
1.19262
4.42272e-006
0.000472555
0.0082014
0.0264578
0.0739758
0.124504
0.140094
0.368607
0.688513
0.91849
1.10413
1.21293
1.25766
1.23122
1.29504
1.30841
1.34941
1.42708
1.40213
1.40509
1.39301
1.34566
1.27983
1.18639
1.08573
0.980358
0.86493
0.786068
0.636689
0.444322
0.234491
0.0641211
0.00779872
0.0530193
0.0926344
0.0601793
0.149151
0.16756
0.154573
0.223212
0.248411
0.26012
0.267073
0.251755
0.247165
0.244187
0.25061
0.25191
0.226826
0.197442
0.176388
0.156273
0.134586
0.109094
0.0792193
0.0625208
0.0410744
0.0347495
0.0202452
0.0182978
0.00984436
0.00782028
0.0024996
0.000721863
