L of Background 1
1.70446
1.71763
1.66536
1.61336
1.65542
1.82609
1.98851
2.01337
1.83912
1.63336
1.51975
1.44718
1.35881
1.25725
1.16098
1.16248
1.1799
1.89201
2.46825
3.73543
5.98698
4.87863
6.34367
6.65519
6.21214
4.64464
4.96365
6.18504
6.28687
6.26741
6.23241
4.89469
2.97327
2.41677
0.703072
0.869767
2.16687
3.63358
4.62225
4.69233
4.72192
4.64074
4.40126
4.09081
3.40013
1.95827
0.446002
0.207038
0.370761
1.06264
1.67427
1.76108
1.83286
2.13846
2.4683
2.53441
2.15628
2.0498
2.12224
1.63076
1.03604
0.469486
3.46655e-007
2.45891e-005
0.000387393
0.00174964
0.0109875
0.0244256
0.0317507
0.108711
0.236605
0.351597
0.455327
0.520866
0.552259
0.529173
0.57113
0.575749
0.595636
0.643987
0.614271
0.597934
0.58162
0.558678
0.533922
0.496101
0.448017
0.394947
0.335214
0.297465
0.227127
0.141039
0.0623768
0.0118485
0.000362685
0.0121402
0.0223366
0.0115405
0.0403523
0.0467915
0.0426792
0.0696242
0.0802993
0.0863219
0.0912985
0.0846317
0.0819931
0.079949
0.08328
0.0847285
0.0778184
0.0684456
0.0600237
0.0511624
0.0431709
0.0348332
0.0245165
0.0200024
0.0140778
0.0121797
0.00727711
0.0081098
0.00416033
0.00192697
0.000171733
5.16102e-005
L of Background 2
1.75223
1.78005
1.74622
1.71858
1.78537
1.98377
2.16876
2.2045
2.05109
1.86021
1.76269
1.71866
1.63823
1.52714
1.4005
1.39467
1.39216
2.06509
2.41912
3.18825
4.81599
3.83477
4.80976
5.05874
4.75585
3.55371
3.72349
4.61098
4.67856
4.6865
4.67303
3.75107
2.30838
1.91158
0.56131
0.668932
1.66341
2.81946
3.59154
3.63579
3.63975
3.5663
3.39002
3.17465
2.68674
1.59586
0.371369
0.170686
0.300036
0.869132
1.4169
1.51504
1.57941
1.83274
2.10683
2.17088
1.85339
1.76525
1.84822
1.44798
0.943971
0.436816
3.46655e-007
2.45891e-005
0.000387393
0.0016126
0.0106879
0.0250517
0.0331443
0.117831
0.267125
0.400474
0.516863
0.587066
0.618284
0.58896
0.632793
0.635745
0.652999
0.703586
0.675355
0.663778
0.6495
0.624871
0.598377
0.559657
0.51016
0.452647
0.384457
0.341116
0.259965
0.159091
0.0686715
0.0129281
0.000362685
0.0109242
0.0216866
0.00872546
0.0416836
0.0510206
0.0453662
0.0750394
0.087445
0.0945609
0.101328
0.0939868
0.0903722
0.0863167
0.087696
0.0871239
0.0775936
0.0664281
0.0574248
0.0472032
0.0374433
0.0270621
0.0138008
0.00760977
0.00256294
0.00143937
0.000978755
0.00101823
0.00062951
0.000527188
0.000171792
5.16106e-005
L of Background 3
2.57092
2.6433
2.63342
2.57549
2.54835
2.58841
2.66348
2.65871
2.57703
2.44338
2.39011
2.38958
2.32882
2.25466
2.2083
2.28552
1.97723
2.09069
1.88656
2.02157
2.78297
2.11472
2.6153
2.69073
2.4708
1.82497
1.91473
2.35876
2.37927
2.36275
2.34561
1.81497
1.10031
0.927209
0.282308
0.343469
0.828869
1.36002
1.70883
1.70688
1.70075
1.65187
1.55359
1.43463
1.20107
0.711479
0.168548
0.0841538
0.147973
0.425744
0.683148
0.729948
0.761916
0.878483
1.00211
1.02285
0.866974
0.821361
0.858547
0.679473
0.468967
0.251594
3.54631e-007
4.8018e-005
0.00132822
0.00576451
0.0237616
0.0452665
0.0496346
0.151424
0.309537
0.431359
0.524096
0.561603
0.558117
0.504043
0.517189
0.499884
0.495693
0.520974
0.490842
0.47733
0.467226
0.449202
0.429638
0.402054
0.368536
0.330751
0.287847
0.265039
0.210676
0.137221
0.0664771
0.015447
0.00569995
0.0501407
0.0843976
0.0424737
0.115231
0.123916
0.102735
0.156903
0.172057
0.178897
0.182822
0.161919
0.150445
0.141635
0.145533
0.150618
0.144019
0.133419
0.121844
0.108731
0.0976493
0.0835612
0.0657347
0.0577626
0.0414548
0.0391183
0.0249191
0.025473
0.01454
0.0107187
0.00185017
0.00102497
L of Background Average
1.80988
1.83479
1.7941
1.75125
1.79633
1.96513
2.1279
2.15416
1.99744
1.80479
1.7036
1.64958
1.56712
1.46446
1.36098
1.36706
1.34418
1.98101
2.39016
3.34326
5.19246
4.17948
5.34881
5.61107
5.24725
3.92118
4.15664
5.16355
5.24301
5.23492
5.21043
4.12288
2.5176
2.06393
0.604038
0.736544
1.83026
3.07679
3.91283
3.96503
3.98057
3.90573
3.70608
3.45349
2.89118
1.68726
0.388267
0.180182
0.320134
0.921183
1.47147
1.55872
1.6235
1.88894
2.17542
2.23607
1.90479
1.81184
1.88496
1.46179
0.94224
0.434574
3.47816e-007
2.7061e-005
0.00050023
0.00209623
0.0121448
0.0267596
0.0340965
0.116629
0.256102
0.379114
0.4868
0.5514
0.579237
0.550557
0.590392
0.592145
0.608566
0.655501
0.626331
0.612178
0.597296
0.574175
0.54925
0.512099
0.464911
0.411591
0.350164
0.311674
0.238614
0.147878
0.0653046
0.0126401
0.00141962
0.0154513
0.0282775
0.0135056
0.0483634
0.0561864
0.0497536
0.0805073
0.0923226
0.0988634
0.104451
0.0960942
0.092183
0.0886591
0.0912657
0.0922687
0.084341
0.0741283
0.0651588
0.0553289
0.046322
0.0365921
0.0243474
0.0188175
0.0122074
0.0106243
0.00652872
0.00701596
0.00378975
0.00224935
0.000390515
0.000149344
L of Target
2.78525
2.89325
2.90834
2.85661
2.82193
2.84336
2.88378
2.82284
2.68536
2.51081
2.42657
2.40824
2.34291
2.27199
2.23381
2.32144
2.01244
2.13071
1.9244
2.07097
2.88075
2.21869
2.77838
2.88249
2.67147
1.98952
2.10074
2.59961
2.63518
2.63103
2.61571
2.04858
1.25562
1.06415
0.325213
0.399055
0.969319
1.59862
2.01877
2.02306
2.01741
1.96797
1.86008
1.72553
1.4515
0.865348
0.206044
0.103142
0.183143
0.529653
0.852552
0.912455
0.952563
1.09784
1.25228
1.28022
1.08806
1.03358
1.08355
0.860515
0.594823
0.320893
3.59839e-007
5.82034e-005
0.00166615
0.00724118
0.0302819
0.0582194
0.0647256
0.200673
0.412701
0.575572
0.699243
0.74974
0.746167
0.675269
0.694006
0.671371
0.6657
0.699789
0.66039
0.642519
0.628268
0.603737
0.576324
0.53807
0.492936
0.442947
0.386162
0.356435
0.284126
0.185034
0.0888342
0.0201165
0.00736832
0.0651007
0.110203
0.0559409
0.153286
0.166383
0.140032
0.216117
0.238412
0.246806
0.251283
0.222755
0.207838
0.196046
0.201652
0.206595
0.191513
0.172911
0.157367
0.141413
0.128105
0.109739
0.085564
0.0750407
0.0540495
0.0509377
0.0326195
0.0334924
0.0191097
0.0143259
0.00274262
0.00107846
