SNR of Background 1
84.5188
85.3457
85.3401
85.754
86.8653
88.4665
89.8833
90.1672
89.2913
88.1472
87.799
87.3771
86.425
85.7018
85.343
85.6017
85.9441
91.902
94.1195
96.2401
97.7669
97.322
98.063
98.1413
98.0252
97.4227
97.6898
98.1728
98.1969
98.2692
98.4547
98.0152
96.3243
95.9006
84.3055
87.0409
95.3213
97.4732
98.0054
98.0003
98.0962
98.116
97.8991
97.8979
97.5642
95.5589
77.0029
55.996
75.2383
91.5958
94.912
95.3439
95.2702
96.1844
96.6722
96.8264
96.4038
95.9653
96.3224
95.2745
92.2917
82.1909
0.000164017
0.0135097
0.20968
0.911946
5.68481
12.7896
15.9017
44.1752
69.1232
78.9468
83.835
86.1295
87.2861
86.3202
87.4225
87.7342
88.4561
89.0896
88.6112
88.3719
88.2067
87.4024
86.7733
85.9075
84.2883
81.4958
78.1045
75.5223
68.2677
53.0187
29.3167
6.73414
0.363855
11.8106
20.4991
11.1069
33.7304
38.6542
36.3045
50.6151
54.4626
56.3707
57.9044
56.2789
55.3761
53.9977
56.0605
54.4373
53.048
48.7123
45.544
39.6096
34.2188
28.6352
21.2637
17.9049
13.007
11.48
6.87834
7.69062
3.93286
1.81316
0.165587
0.0454253
SNR of Background 2
84.9685
85.8961
86.0673
86.6905
87.8974
89.4617
90.7988
91.0956
90.4942
89.713
89.618
89.5299
88.9163
88.4129
88.0285
88.1727
88.2464
92.6414
93.9893
95.5419
97.1901
96.5406
97.4087
97.521
97.3844
96.5748
96.8681
97.5131
97.5416
97.6532
97.9131
97.374
95.1729
94.7186
80.1357
82.8467
93.7658
96.6925
97.3991
97.3847
97.4975
97.5159
97.2335
97.2539
96.874
94.4572
72.541
49.888
69.7808
89.53
93.9003
94.5194
94.4423
95.4954
96.0575
96.2555
95.7693
95.26
95.7337
94.625
91.4654
80.8042
0.000164017
0.0135097
0.20968
0.840722
5.53307
13.0984
16.5451
46.6636
72.3798
81.5835
85.8805
87.8118
88.7534
87.8152
88.748
88.9875
89.5567
90.0944
89.7295
89.623
89.5428
88.8452
88.31
87.6271
86.3278
83.9656
80.963
78.6388
71.9385
56.8247
31.722
7.33004
0.363855
10.682
19.9628
8.49376
34.6052
41.1941
38.0325
52.9862
57.1518
59.2252
61.137
59.5597
58.4343
56.4188
57.6851
55.3189
52.9564
47.7736
44.1817
37.289
30.5159
23.0602
12.5268
7.16277
2.47334
1.41231
0.945758
0.99026
0.602164
0.498295
0.165644
0.0454257
SNR of Background 3
90.0771
90.8231
91.0883
91.4343
91.793
92.1218
92.6512
92.7456
92.5948
92.3658
92.5585
92.6983
92.4543
92.4299
92.7202
93.105
91.9878
92.7398
92.1143
92.6848
94.9415
93.4175
95.0265
95.1328
94.7246
92.9569
93.5831
94.9062
94.9339
95.1244
95.6578
94.2774
89.169
88.3675
62.3748
67.1544
86.672
92.7233
94.2292
94.1111
94.3438
94.3328
93.5944
93.545
92.537
86.6254
48.8759
29.5825
48.2295
77.7065
86.4848
87.8399
87.6859
89.9612
91.1579
91.5233
90.3251
89.0825
90.1678
87.7278
81.8516
67.3541
0.000167791
0.0263808
0.717683
2.98279
11.97
22.511
23.7868
54.573
76.0285
82.9611
86.0899
87.2119
87.4305
85.5859
86.0012
85.7136
85.9187
86.2705
85.4859
85.1706
85.0639
84.0796
83.3158
82.3826
80.7172
77.8179
74.5548
72.6541
66.1172
52.1493
30.8949
8.70818
5.61068
40.3955
56.1471
35.2612
65.519
68.4282
63.2405
74.5009
76.2078
76.836
77.1669
74.8753
73.1199
71.0667
72.4237
71.5268
71.4314
69.1185
67.4029
62.968
59.0059
53.9611
46.621
43.0425
33.7341
32.541
21.8818
22.4419
13.2166
9.77573
1.77419
0.899545
SNR of Background Average
85.4801
86.3483
86.4673
86.9585
87.9775
89.3526
90.6054
90.8677
90.2147
89.3678
89.2244
89.0508
88.3677
87.8731
87.6509
87.9131
87.7901
92.2992
93.91
95.7642
97.4053
96.8441
97.6833
97.7773
97.6422
96.9159
97.2136
97.7926
97.8194
97.9109
98.1378
97.6233
95.6047
95.1397
81.5863
84.5087
94.3818
96.9863
97.6239
97.6133
97.7227
97.7428
97.4824
97.4878
97.1084
94.7824
73.6752
51.5996
71.5257
90.1744
94.1461
94.686
94.606
95.6398
96.1908
96.3723
95.892
95.3916
95.8232
94.6801
91.4482
80.7019
0.000164567
0.0148677
0.270699
1.09192
6.26913
13.9354
16.982
46.3446
71.2732
80.5081
84.9445
86.9559
87.9267
86.8924
87.8668
88.1024
88.7228
89.2984
88.8497
88.666
88.5429
87.7705
87.1718
86.3806
84.8958
82.2757
79.0491
76.6198
69.6388
54.5181
30.4479
7.17138
1.41909
14.8182
25.2257
12.8918
38.7787
44.1077
40.7242
55.2125
58.8502
60.6022
62.0643
60.2461
59.0528
57.2608
58.9317
57.1268
55.5949
51.2288
48.1012
41.9302
36.1511
29.8314
21.133
16.9309
11.3649
10.0769
6.188
6.68069
3.58713
2.11426
0.376275
0.131409
SNR of Target
90.9089
91.6869
92.0058
92.3521
92.6592
92.8909
93.2623
93.2052
92.9206
92.5897
92.6807
92.7601
92.5039
92.493
92.811
93.2214
92.1411
92.8887
92.2838
92.8754
95.1271
93.7532
95.3415
95.4818
95.1526
93.5903
94.1995
95.4148
95.4638
95.6591
96.1381
94.9821
90.6236
89.9896
66.5693
71.2984
88.7528
93.9002
95.1838
95.1031
95.2995
95.3126
94.7339
94.7198
93.9308
89.1857
55.2277
34.8543
54.9681
82.1774
89.3731
90.4657
90.3456
92.1333
93.0706
93.3677
92.4537
91.5073
92.378
90.5134
85.8943
73.8847
0.000170255
0.031976
0.899724
3.73655
15.0329
27.9668
29.812
63.3122
82.1049
87.4853
89.8277
90.6648
90.8406
89.5004
89.8259
89.6233
89.774
90.0356
89.4752
89.2479
89.1567
88.4196
87.8234
87.0887
85.8134
83.5934
81.05
79.5714
74.205
61.5177
38.7713
11.2169
7.20698
48.3824
64.3591
43.2575
73.3468
76.0538
71.9981
81.5192
82.9506
83.3538
83.5418
81.7882
80.494
78.902
80.0047
79.0777
78.332
75.8022
74.2396
70.5104
67.1577
62.4546
54.9348
51.1889
41.2571
39.8841
27.6288
28.4059
17.0425
12.883
2.6221
0.946343
