SNR of Background 1
82.6079
118.111
130.055
138.088
148.691
157.767
164.621
171.361
163.649
195.097
207.101
227.21
245.647
258.372
269.536
277.636
285.936
296.255
305.868
314.535
316.091
320.252
332.561
338.806
332.923
341.912
338.996
327.21
327.034
336.234
340.213
337.191
343.255
342.194
343.784
346.424
347.694
349.699
351.242
355.52
359.702
362.936
365.742
357.071
364.163
368.3
363.361
355.893
344.477
335.084
336.23
331.409
329.342
329.672
325.577
321.891
316.367
313.612
315.864
320.683
321.543
320.966
321.274
320.101
291.202
297.739
311.544
310.562
310.506
306.829
297.637
272.872
273.596
271.971
279.731
276.213
274.35
270.38
264.878
244.581
159.075
220.998
237.403
233.012
224.696
217.709
208.871
203.123
196.968
192.634
187.132
171.446
167.569
168.22
163.626
165.51
165.666
163.091
155.24
147.1
150.663
146.716
140.693
143.762
140.302
136.211
132.542
127.889
113.045
106.389
105.299
98.5473
95.5072
97.8189
91.8498
66.8656
46.1662
83.8394
81.3456
56.8943
104.546
118.953
115.19
108.767
96.6144
72.4386
43.6481
43.1345
43.6798
48.5296
48.7373
53.6543
58.3033
58.2215
62.5911
61.6834
65.2131
68.9256
69.1108
72.412
75.2562
72.2875
72.0124
70.8519
56.9021
37.7966
33.0906
39.6649
53.3065
51.7502
59.8917
78.2478
94.6921
103.458
102.451
101.923
105.645
109.737
107.581
110.532
117.694
123.337
128.615
134.394
138.34
143.142
143.618
139.572
128.932
130.194
144.396
149.957
155.559
158.381
154.439
147.496
142.297
137.083
124.151
110.737
101.096
53.0701
10.1462
0.595097
0.0364839
0.645222
1.61663
0.692902
1.24637
2.26946
3.71692
9.00344
18.4532
28.8761
41.1434
40.3592
51.6877
65.4294
85.5701
94.9958
83.0063
81.7154
93.9834
109.85
138.284
159.354
164.906
178.938
186.352
191.969
195.518
198.345
199.732
204.202
207.271
209.08
206.182
199.72
205.298
213.91
218.746
216.795
212.017
216.222
223.492
229.387
229.876
225.619
223.098
223.464
225.517
223.773
219.82
218.512
214.83
214.474
212.275
206.716
197.121
187.666
175.427
162.632
154.576
154.071
160.879
166.461
167.5
158.274
156.467
147.751
135.549
125.111
100.577
63.4784
36.9174
19.7844
7.63574
2.72597
0.735776
0.0691257
0.0339987
0.0899478
0.176838
0.241151
0.0989741
0.588822
1.91524
2.19439
0.729326
0.130539
0.57853
1.22525
3.19985
7.03106
12.5987
22.7934
33.6927
30.1782
33.0934
52.5443
78.3106
100.102
115.497
112.299
85.4301
37.6334
37.4175
43.4149
68.9572
104.645
122.617
121.446
105.418
78.7445
78.1035
80.8294
93.0066
112.764
120.499
122.363
122.44
124.271
125.174
124.222
124.62
125.572
125.541
125.656
121.611
119.064
115.602
111.467
112.023
109.999
105.55
106.714
102.421
99.2492
99.1394
97.1855
94.07
89.2156
85.56
80.6387
75.9854
72.4139
67.7358
64.0551
58.8733
55.0755
50.6315
45.4679
37.8427
32.7941
29.9741
29.6801
36.0909
41.0599
38.9941
35.2418
30.8109
26.8517
29.7889
29.1913
23.3745
22.8751
21.2423
21.5487
21.3913
19.7354
15.9191
17.574
19.0353
15.1112
16.1791
15.2581
9.24363
16.8968
16.713
14.8034
SNR of Background 2
8.11547
14.0788
16.4552
18.4072
21.1102
23.6785
25.916
28.0632
26.4438
34.0238
36.8056
41.8126
46.5519
49.9116
53.0608
55.3224
57.2576
59.4987
61.754
64.1723
64.8471
66.0164
69.4209
71.7341
71.2147
75.0074
76.5602
76.3121
79.6083
86.0582
90.9918
92.9033
96.7196
97.6816
99.3998
101.162
101.823
101.746
100.538
99.3087
97.8716
96.8492
96.562
92.9751
94.0825
94.433
92.3283
89.4252
85.1337
81.361
80.837
78.8557
77.8844
77.4476
75.3874
73.1481
70.4512
68.7501
68.3006
68.5674
68.0233
67.5698
67.8177
70.6335
71.5196
87.7722
107.961
118.417
130.943
140.234
145.36
141.925
150.053
156.809
168.873
173.394
177.741
178.741
177.246
164.767
106.341
151.671
164.631
162.605
157.312
152.801
146.841
143.074
138.992
136.184
132.521
121.366
118.834
119.644
116.554
118.299
118.69
116.931
111.215
105.318
108.229
105.202
100.706
103.342
101.064
98.0545
95.1944
91.538
80.179
75.0503
74.1414
68.9636
66.5993
68.2608
63.7259
45.0085
29.8019
57.1586
54.991
34.6893
60.9457
69.5889
66.8284
62.4305
54.7649
40.7538
24.7335
25.2104
25.9514
29.0781
29.366
32.6201
35.7151
35.7838
38.6501
38.1037
40.4618
42.8852
42.7746
44.3742
45.4967
43.0513
42.6121
41.8673
33.2817
21.6768
18.6441
22.0948
29.5076
28.1548
32.1735
42.1153
51.5177
57.4706
58.5196
59.921
63.5498
67.0339
66.6443
69.8571
75.558
79.3134
81.9504
84.6353
86.2528
88.8847
88.8933
85.936
78.5374
79.0522
88.3681
91.9988
95.0633
95.582
91.3563
84.969
79.0208
72.4994
61.9403
52.2891
46.0366
22.6366
4.07338
0.250055
0.031944
0.283869
0.502707
0.196867
0.367425
0.476628
0.779235
1.85482
3.68548
5.51543
7.63585
7.19306
8.97656
11.2959
15.1077
17.0867
14.7224
14.5389
17.7224
22.8419
32.0407
39.4663
42.327
48.0633
51.8973
55.3702
58.4113
61.3908
63.8015
67.1608
69.774
72.0211
73.0649
72.8539
77.042
81.6679
84.9036
86.0093
86.3461
90.3669
95.0091
98.7942
100.449
100.216
100.736
102.039
103.811
103.639
102.298
102.148
100.136
99.3401
97.5516
95.0606
92.0165
90.1634
87.5825
84.8339
82.0758
78.2632
75.9541
74.1317
72.8728
68.4669
67.1242
60.7944
52.335
45.5942
34.3013
19.759
9.83145
4.37881
1.33685
0.34101
0.0755298
0.00771095
0.00405376
0.00838287
0.0148251
0.0209358
0.00722143
0.0272661
0.0886702
0.11022
0.040433
0.00868044
0.0321746
0.0648948
0.141438
0.304008
0.525654
0.943528
1.49496
1.44533
1.84207
3.45183
6.0637
8.8957
11.5354
12.1746
9.63511
4.19297
4.35762
5.21954
8.87017
14.6796
18.2139
18.5121
16.0636
11.7941
11.8603
12.4551
14.7249
18.5409
20.2822
20.9912
21.4441
22.1383
22.5354
22.6721
23.1619
23.7369
23.8576
24.0961
23.5667
23.448
23.0453
22.4296
22.9211
22.9979
22.2769
23.0577
22.3672
21.8197
21.9382
21.5463
20.889
19.8333
18.8935
17.5337
16.2582
15.2468
13.9387
13.0465
12.2356
11.7182
11.0717
10.4137
9.61665
9.70232
9.52461
9.12024
8.46179
8.43405
7.61678
6.74025
6.04492
5.46433
5.49406
4.89157
3.49265
3.15644
2.98392
2.92852
2.70397
2.03504
1.32509
1.40485
1.49505
1.08172
0.91225
0.772523
0.34231
0.510339
0.471076
0.353632
SNR of Background Average
29.5999
46.5027
52.4484
56.6228
62.1622
67.0068
70.7986
74.4928
70.7227
86.6862
92.7259
102.918
112.285
118.783
124.562
128.758
132.899
137.965
142.753
147.222
148.168
150.349
156.65
160.105
157.633
162.773
162.297
157.612
158.995
165.422
169.21
168.984
173.1
173.202
174.656
176.524
177.357
178.113
178.161
179.251
180.22
181.03
182.022
177.181
180.449
182.21
179.396
175.27
169.003
163.747
164.005
161.323
160.133
160.09
157.643
155.299
152.045
150.274
151.013
153.077
153.233
152.849
153.091
153.75
142.809
152.76
167.992
173.347
180.542
184.951
185.273
175.506
181.104
185.203
195.709
197.906
200.492
200.154
197.63
183.285
118.616
167.653
181.328
178.72
172.713
167.622
160.995
156.764
152.198
149.031
144.942
132.761
129.91
130.671
127.23
128.99
129.317
127.368
121.165
114.756
117.807
114.575
109.734
112.458
109.903
106.647
103.608
99.7322
87.5939
82.1208
81.1722
75.6386
73.1212
74.9293
70.0675
49.9064
33.42
63.1984
60.9625
39.5159
70.19
80.1208
77.1337
72.2758
63.6017
47.3535
28.6031
28.8731
29.5737
33.0627
33.3341
36.9395
40.3642
40.4013
43.5878
42.9649
45.573
48.2724
48.2256
50.1916
51.6863
49.1289
48.7271
47.8947
38.1618
24.9761
21.5947
25.6987
34.4306
33.0363
37.9399
49.714
60.6764
67.258
67.843
68.812
72.4598
76.0776
75.2957
78.4485
84.4724
88.6469
91.8756
95.2583
97.4047
100.531
100.648
97.4463
89.3169
90.0025
100.427
104.498
108.149
109.207
105.057
98.5521
92.7915
86.5909
75.4918
64.9748
57.9409
29.0037
5.29917
0.319093
0.0328516
0.356172
0.725847
0.29614
0.543436
0.836133
1.36939
3.3003
6.70686
10.3577
14.6875
14.1692
18.088
23.0365
30.7432
34.5509
29.8298
29.3754
34.7778
42.5718
56.7121
67.751
71.3252
79.3003
84.0963
88.1362
91.2941
94.2072
96.3128
99.9538
102.674
104.781
104.729
102.813
107.349
113.028
116.677
116.943
115.893
119.933
125.249
129.578
130.906
129.592
129.298
130.344
132.18
131.593
129.57
129.115
126.678
126.004
124.119
120.839
116.11
112.319
107.318
102.102
98.0654
95.0631
95.0007
95.0412
94.3713
88.7607
87.3072
80.4019
71.0341
63.3942
48.8944
29.093
15.4775
7.53414
2.60899
0.819757
0.207707
0.0199944
0.0100429
0.0246973
0.047234
0.0649914
0.0255736
0.139667
0.455
0.52839
0.178351
0.0330555
0.141532
0.297376
0.756012
1.66357
2.98595
5.46367
8.26138
7.45179
8.39967
14.0299
22.1613
29.7607
35.7247
35.3474
26.5974
11.2304
11.3124
13.3161
22.0196
35.2034
42.4884
42.3956
36.4224
26.5834
26.4782
27.5886
32.2919
40.1454
43.4422
44.4512
44.8033
45.7942
46.3223
46.1719
46.6345
47.3072
47.3876
47.5922
46.1436
45.3938
44.2019
42.6858
43.1924
42.7345
41.0736
41.9485
40.3561
39.1564
39.2172
38.439
37.1779
35.1957
33.5991
31.3849
29.306
27.6905
25.5933
24.0532
22.236
20.9713
19.4679
17.8046
15.5081
14.4852
13.7436
13.3629
14.2243
15.2888
14.1973
12.6924
11.1881
9.8834
10.536
9.93472
7.59179
7.22075
6.73913
6.76019
6.54984
5.67242
4.31015
4.71974
5.09839
3.94857
4.03765
3.73443
2.1472
3.87051
3.80091
3.3082
SNR of Target
82.6079
118.111
130.055
138.088
148.691
157.767
164.621
171.361
163.649
195.097
207.101
227.21
245.647
258.372
269.536
277.636
285.936
296.255
305.868
314.535
316.091
320.252
332.561
338.806
332.923
341.912
338.996
327.21
327.034
336.234
340.213
337.191
343.255
342.194
343.784
346.424
347.694
349.699
351.242
355.52
359.702
362.936
365.742
357.071
364.163
368.3
363.361
355.893
344.477
335.084
336.23
331.409
329.342
329.672
325.577
321.891
316.367
313.612
315.864
320.683
321.543
320.966
321.274
320.101
291.202
297.739
311.544
310.562
310.506
306.829
297.637
272.872
273.596
271.971
279.731
276.213
274.35
270.38
264.878
244.581
159.075
220.998
237.403
233.012
224.696
217.709
208.871
203.123
196.968
192.634
187.132
171.446
167.569
168.22
163.626
165.51
165.666
163.091
155.24
147.1
150.663
146.716
140.693
143.762
140.302
136.211
132.542
127.889
113.045
106.389
105.299
98.5473
95.5072
97.8189
91.8498
66.8656
46.1662
83.8394
81.3456
56.8943
104.546
118.953
115.19
108.767
96.6144
72.4386
43.6481
43.1345
43.6798
48.5296
48.7373
53.6543
58.3033
58.2215
62.5911
61.6834
65.2131
68.9256
69.1108
72.412
75.2562
72.2875
72.0124
70.8519
56.9021
37.7966
33.0906
39.6649
53.3065
51.7502
59.8917
78.2478
94.6921
103.458
102.451
101.923
105.645
109.737
107.581
110.532
117.694
123.337
128.615
134.394
138.34
143.142
143.618
139.572
128.932
130.194
144.396
149.957
155.559
158.381
154.439
147.496
142.297
137.083
124.151
110.737
101.096
53.0701
10.1462
0.595097
0.0364839
0.645222
1.61663
0.692902
1.24637
2.26946
3.71692
9.00344
18.4532
28.8761
41.1434
40.3592
51.6877
65.4294
85.5701
94.9958
83.0063
81.7154
93.9834
109.85
138.284
159.354
164.906
178.938
186.352
191.969
195.518
198.345
199.732
204.202
207.271
209.08
206.182
199.72
205.298
213.91
218.746
216.795
212.017
216.222
223.492
229.387
229.876
225.619
223.098
223.464
225.517
223.773
219.82
218.512
214.83
214.474
212.275
206.716
197.121
187.666
175.427
162.632
154.576
154.071
160.879
166.461
167.5
158.274
156.467
147.751
135.549
125.111
100.577
63.4784
36.9174
19.7844
7.63574
2.72597
0.735776
0.0691257
0.0339987
0.0899478
0.176838
0.241151
0.0989741
0.588822
1.91524
2.19439
0.729326
0.130539
0.57853
1.22525
3.19985
7.03106
12.5987
22.7934
33.6927
30.1782
33.0934
52.5443
78.3106
100.102
115.497
112.299
85.4301
37.6334
37.4175
43.4149
68.9572
104.645
122.617
121.446
105.418
78.7445
78.1035
80.8294
93.0066
112.764
120.499
122.363
122.44
124.271
125.174
124.222
124.62
125.572
125.541
125.656
121.611
119.064
115.602
111.467
112.023
109.999
105.55
106.714
102.421
99.2492
99.1394
97.1855
94.07
89.2156
85.56
80.6387
75.9854
72.4139
67.7358
64.0551
58.8733
55.0755
50.6315
45.4679
37.8427
32.7941
29.9741
29.6801
36.0909
41.0599
38.9941
35.2418
30.8109
26.8517
29.7889
29.1913
23.3745
22.8751
21.2423
21.5487
21.3913
19.7354
15.9191
17.574
19.0353
15.1112
16.1791
15.2581
9.24363
16.8968
16.713
14.8034
