L of Background 1
0.452615
0.705112
0.772443
0.820107
0.920208
0.975852
0.987321
0.992283
0.840981
1.06258
1.08322
1.19438
1.27559
1.3176
1.3694
1.37305
1.36976
1.36092
1.37577
1.38569
1.33956
1.30936
1.35415
1.36734
1.3536
1.46386
1.57018
1.58352
1.7362
1.98375
2.20851
2.30191
2.45223
2.47949
2.55584
2.60991
2.5915
2.54532
2.42685
2.2853
2.18428
2.09449
2.03717
1.78061
1.78976
1.81023
1.81835
1.78583
1.68704
1.63991
1.62495
1.55856
1.53701
1.53183
1.48988
1.40249
1.30442
1.25077
1.24944
1.25425
1.22384
1.20303
1.20222
1.30161
1.41007
1.97645
2.83488
3.36718
4.23098
5.04396
5.22619
4.53789
5.27898
5.74931
7.55943
8.60137
9.52854
10.0427
10.2295
9.23889
4.53458
8.59873
10.4329
10.6387
10.6254
10.3233
9.81434
9.84061
9.74229
9.92984
9.27708
7.12842
7.56037
7.87199
8.04664
8.6392
9.3988
9.63243
9.41319
8.83061
9.58839
9.4396
9.04956
9.40961
9.35922
9.17853
8.98611
8.35903
5.99919
5.60256
5.83384
5.18628
4.91225
6.06312
5.26981
2.269
0.924126
1.73992
1.7867
2.1639
2.98349
4.38781
4.5733
5.15416
6.07519
6.55153
6.74504
6.75953
6.87928
6.83389
6.8163
6.79725
6.74502
6.68403
6.60195
6.45801
6.30804
6.14467
5.99855
5.64484
5.28702
4.74589
3.95813
3.27379
1.91811
0.699698
0.452378
0.583283
0.986766
0.823788
1.03857
1.73594
2.46624
2.9979
3.2857
3.21732
3.35878
3.5473
3.38488
3.5532
3.63135
3.8931
4.00489
4.1558
4.21295
4.15482
4.03834
3.78034
3.32643
3.24988
3.56881
3.61533
3.55772
3.25325
2.88944
2.46689
2.10633
1.73715
1.23668
0.822117
0.583692
0.133098
0.0061978
4.22349e-005
1.30614e-007
5.43129e-006
9.68734e-006
1.55313e-006
2.96271e-006
7.6749e-006
2.92136e-005
0.000497122
0.00284321
0.00841989
0.0198781
0.0209813
0.0315521
0.0529395
0.0961893
0.12581
0.0897007
0.0878004
0.118332
0.189189
0.348165
0.51383
0.59484
0.708159
0.781172
0.88549
0.951468
1.01878
1.06713
1.10621
1.12695
1.14615
1.13278
1.10213
1.15327
1.19503
1.21419
1.20344
1.19674
1.24302
1.2985
1.3296
1.33559
1.3119
1.30154
1.31318
1.33137
1.32043
1.29302
1.2825
1.24546
1.21816
1.16925
1.12371
1.06816
1.03144
0.977276
0.921231
0.896039
0.821224
0.771158
0.742994
0.70191
0.604642
0.532992
0.428299
0.313617
0.218862
0.116736
0.0452366
0.00931919
0.00193512
0.000179497
8.55583e-006
2.82843e-007
8.56965e-009
1.53777e-009
4.52071e-009
1.48795e-008
3.62406e-008
1.39273e-007
1.29122e-007
3.97266e-007
5.59661e-007
1.61754e-007
1.25067e-008
6.90188e-008
3.04413e-007
4.07066e-006
2.55434e-005
0.000122272
0.00060856
0.00194172
0.00254706
0.00488429
0.0146492
0.0306351
0.0497295
0.0726913
0.0770467
0.0595754
0.0289283
0.0327328
0.0373986
0.0631181
0.109612
0.144179
0.151286
0.133631
0.098276
0.0992433
0.104266
0.122285
0.156438
0.174567
0.185492
0.185798
0.193045
0.19926
0.200531
0.204915
0.210572
0.215421
0.218455
0.207278
0.204613
0.20236
0.195759
0.20207
0.20591
0.189762
0.205199
0.199874
0.195933
0.202205
0.210128
0.212177
0.21186
0.204256
0.195339
0.187644
0.178912
0.166212
0.158662
0.151383
0.145301
0.13928
0.132003
0.122069
0.120106
0.114529
0.105855
0.0938097
0.0916872
0.077994
0.0645837
0.0558156
0.0495329
0.0503801
0.0451157
0.0293134
0.0234603
0.0224791
0.0227007
0.020719
0.0136874
0.00701244
0.00862362
0.0101336
0.00659223
0.00569377
0.00470634
0.00113115
0.00257418
0.0023994
0.00142033
L of Background Average
0.452615
0.705112
0.772443
0.820107
0.920208
0.975852
0.987321
0.992283
0.840981
1.06258
1.08322
1.19438
1.27559
1.3176
1.3694
1.37305
1.36976
1.36092
1.37577
1.38569
1.33956
1.30936
1.35415
1.36734
1.3536
1.46386
1.57018
1.58352
1.7362
1.98375
2.20851
2.30191
2.45223
2.47949
2.55584
2.60991
2.5915
2.54532
2.42685
2.2853
2.18428
2.09449
2.03717
1.78061
1.78976
1.81023
1.81835
1.78583
1.68704
1.63991
1.62495
1.55856
1.53701
1.53183
1.48988
1.40249
1.30442
1.25077
1.24944
1.25425
1.22384
1.20303
1.20222
1.30161
1.41007
1.97645
2.83488
3.36718
4.23098
5.04396
5.22619
4.53789
5.27898
5.74931
7.55943
8.60137
9.52854
10.0427
10.2295
9.23889
4.53458
8.59873
10.4329
10.6387
10.6254
10.3233
9.81434
9.84061
9.74229
9.92984
9.27708
7.12842
7.56037
7.87199
8.04664
8.6392
9.3988
9.63243
9.41319
8.83061
9.58839
9.4396
9.04956
9.40961
9.35922
9.17853
8.98611
8.35903
5.99919
5.60256
5.83384
5.18628
4.91225
6.06312
5.26981
2.269
0.924126
1.73992
1.7867
2.1639
2.98349
4.38781
4.5733
5.15416
6.07519
6.55153
6.74504
6.75953
6.87928
6.83389
6.8163
6.79725
6.74502
6.68403
6.60195
6.45801
6.30804
6.14467
5.99855
5.64484
5.28702
4.74589
3.95813
3.27379
1.91811
0.699698
0.452378
0.583283
0.986766
0.823788
1.03857
1.73594
2.46624
2.9979
3.2857
3.21732
3.35878
3.5473
3.38488
3.5532
3.63135
3.8931
4.00489
4.1558
4.21295
4.15482
4.03834
3.78034
3.32643
3.24988
3.56881
3.61533
3.55772
3.25325
2.88944
2.46689
2.10633
1.73715
1.23668
0.822117
0.583692
0.133098
0.0061978
4.22349e-005
1.30614e-007
5.43129e-006
9.68734e-006
1.55313e-006
2.96271e-006
7.6749e-006
2.92136e-005
0.000497122
0.00284321
0.00841989
0.0198781
0.0209813
0.0315521
0.0529395
0.0961893
0.12581
0.0897007
0.0878004
0.118332
0.189189
0.348165
0.51383
0.59484
0.708159
0.781172
0.88549
0.951468
1.01878
1.06713
1.10621
1.12695
1.14615
1.13278
1.10213
1.15327
1.19503
1.21419
1.20344
1.19674
1.24302
1.2985
1.3296
1.33559
1.3119
1.30154
1.31318
1.33137
1.32043
1.29302
1.2825
1.24546
1.21816
1.16925
1.12371
1.06816
1.03144
0.977276
0.921231
0.896039
0.821224
0.771158
0.742994
0.70191
0.604642
0.532992
0.428299
0.313617
0.218862
0.116736
0.0452366
0.00931919
0.00193512
0.000179497
8.55583e-006
2.82843e-007
8.56965e-009
1.53777e-009
4.52071e-009
1.48795e-008
3.62406e-008
1.39273e-007
1.29122e-007
3.97266e-007
5.59661e-007
1.61754e-007
1.25067e-008
6.90188e-008
3.04413e-007
4.07066e-006
2.55434e-005
0.000122272
0.00060856
0.00194172
0.00254706
0.00488429
0.0146492
0.0306351
0.0497295
0.0726913
0.0770467
0.0595754
0.0289283
0.0327328
0.0373986
0.0631181
0.109612
0.144179
0.151286
0.133631
0.098276
0.0992433
0.104266
0.122285
0.156438
0.174567
0.185492
0.185798
0.193045
0.19926
0.200531
0.204915
0.210572
0.215421
0.218455
0.207278
0.204613
0.20236
0.195759
0.20207
0.20591
0.189762
0.205199
0.199874
0.195933
0.202205
0.210128
0.212177
0.21186
0.204256
0.195339
0.187644
0.178912
0.166212
0.158662
0.151383
0.145301
0.13928
0.132003
0.122069
0.120106
0.114529
0.105855
0.0938097
0.0916872
0.077994
0.0645837
0.0558156
0.0495329
0.0503801
0.0451157
0.0293134
0.0234603
0.0224791
0.0227007
0.020719
0.0136874
0.00701244
0.00862362
0.0101336
0.00659223
0.00569377
0.00470634
0.00113115
0.00257418
0.0023994
0.00142033
L of Target
1.5612
2.46898
2.73894
2.90223
3.20307
3.31501
3.27341
3.24522
2.76932
3.58554
3.76176
4.24494
4.62653
4.86366
5.11403
5.20633
5.34163
5.48375
5.67513
5.76104
5.58813
5.50339
5.70562
5.68976
5.49879
5.73932
5.79516
5.40035
5.42443
5.65498
5.76405
5.59052
5.63546
5.42754
5.31966
5.16986
4.91677
4.68548
4.4153
4.17677
4.03896
3.89729
3.77181
3.27127
3.2592
3.25885
3.22449
3.14174
2.97147
2.91539
2.92439
2.83391
2.82241
2.85535
2.84921
2.77352
2.672
2.64721
2.75134
2.87421
2.90215
2.90624
2.91878
2.94828
2.62127
2.8675
3.35361
3.56297
4.01623
4.42389
4.32462
3.55825
3.99518
4.21865
5.42926
6.08748
6.70961
7.10759
7.32413
6.69871
3.33351
6.3488
7.72735
7.91229
7.94124
7.76046
7.42554
7.49145
7.46417
7.65429
7.19432
5.56358
5.93262
6.20548
6.36935
6.86428
7.49248
7.70584
7.55328
7.10944
7.75202
7.67381
7.39232
7.71052
7.68854
7.57301
7.46149
6.99033
5.05614
4.75742
4.98357
4.46007
4.25143
5.27663
4.61296
1.99747
0.820723
1.56134
1.62028
1.9848
2.762
4.09632
4.30337
4.89163
5.80986
6.2862
6.43254
6.38443
6.47016
6.43207
6.41751
6.40113
6.35571
6.30444
6.23889
6.11424
5.97963
5.83887
5.73297
5.44805
5.16516
4.68711
3.93762
3.27036
1.92287
0.705389
0.460777
0.60112
1.03072
0.870584
1.1163
1.88853
2.69668
3.25688
3.51285
3.38706
3.50702
3.69964
3.53351
3.71075
3.79433
4.06903
4.18643
4.35043
4.42419
4.37467
4.26202
4.00168
3.53503
3.46419
3.80799
3.86446
3.8287
3.54346
3.1945
2.77838
2.43559
2.08042
1.53808
1.06097
0.77076
0.178505
0.00841492
5.78163e-005
1.83451e-007
7.91464e-006
1.41536e-005
2.31354e-006
4.61653e-006
1.34237e-005
5.73316e-005
0.00109462
0.00659184
0.0205481
0.0508923
0.0554962
0.0868247
0.149407
0.27487
0.360716
0.257446
0.251483
0.328868
0.495621
0.865749
1.24227
1.40956
1.64356
1.77614
1.9692
2.06306
2.15147
2.1975
2.22915
2.23069
2.22811
2.14398
2.02289
2.07489
2.13549
2.15073
2.09043
2.02533
2.06474
2.13939
2.17937
2.16621
2.09256
2.04311
2.04234
2.05979
2.03032
1.974
1.94744
1.88998
1.85784
1.79777
1.74014
1.66518
1.6199
1.54699
1.46985
1.43952
1.33117
1.26739
1.24641
1.20337
1.05227
0.936241
0.760269
0.570349
0.410274
0.226954
0.0910183
0.0205007
0.00471341
0.00050853
2.74047e-005
9.75712e-007
2.54238e-008
3.6799e-009
1.25104e-008
6.21028e-008
1.01616e-007
1.5391e-007
4.26442e-007
2.24841e-006
3.05695e-006
7.83587e-007
4.88199e-008
3.2978e-007
1.61921e-006
2.88674e-005
0.000208788
0.0011308
0.00586132
0.0182282
0.0225535
0.0383481
0.104991
0.201276
0.300522
0.40859
0.406409
0.297136
0.136632
0.147517
0.163273
0.267955
0.454564
0.585409
0.602632
0.524235
0.379574
0.377737
0.39148
0.453651
0.574883
0.634207
0.663573
0.65343
0.669374
0.682537
0.675641
0.676819
0.68491
0.696183
0.700646
0.655645
0.636106
0.620542
0.593148
0.605473
0.609282
0.553813
0.590043
0.569486
0.55567
0.572247
0.592359
0.592885
0.588054
0.564935
0.537279
0.512378
0.485659
0.452377
0.436653
0.420822
0.408207
0.397116
0.385401
0.364002
0.365043
0.359599
0.347182
0.324487
0.332025
0.297788
0.263329
0.244215
0.22501
0.242229
0.23122
0.171352
0.154809
0.156915
0.168899
0.164642
0.12868
0.0798187
0.10798
0.132577
0.0998683
0.115355
0.105688
0.0330992
0.0788177
0.0737397
0.0439938
