SNR of Background 1
4.9538
8.84364
10.5308
12.117
14.3308
16.5283
18.5162
20.3717
19.3506
25.0122
27.0972
30.753
34.1911
36.5971
38.8523
40.4341
41.6509
42.9785
44.3792
45.9522
46.4572
47.188
49.2119
50.6686
50.5301
52.8503
54.2625
54.7565
57.0429
60.694
63.3724
64.5381
66.2861
66.7294
67.5317
68.3507
68.6715
68.6421
68.0766
67.2921
66.5922
66.126
65.863
63.2661
63.7465
64.4772
64.0468
62.7771
60.7355
58.8427
58.5181
57.3851
56.8412
56.5946
55.425
53.7052
51.5881
50.7799
50.7283
50.984
50.5896
50.3074
50.4942
52.6087
54.5049
62.8336
70.899
74.3749
78.3096
80.8039
81.2248
78.6707
80.6527
81.7453
85.105
86.3081
87.2817
87.5047
87.3428
85.761
73.745
83.6895
85.7269
85.4799
84.7005
83.7399
82.3954
81.7415
80.8435
80.5491
79.0731
74.1325
74.3932
74.7592
74.2307
75.1346
76.2408
76.2314
74.7166
72.9374
73.9672
73.0637
71.5755
72.4721
71.6855
70.5594
69.3342
66.9176
58.2203
55.479
55.3423
51.2042
48.5519
52.4242
47.4425
26.7313
12.1852
32.2316
31.0704
19.9559
37.3678
48.8702
48.2375
47.487
45.7529
37.1191
23.7039
24.0295
24.7297
27.6036
27.8573
30.8073
33.522
33.6253
36.0047
35.5734
37.4417
39.1026
38.5821
39.0864
39.269
36.2427
32.9715
29.6391
19.3897
7.79144
5.36114
7.57044
13.2288
11.6304
15.0617
25.0761
34.9249
41.8372
44.7414
45.1545
47.607
50.4501
50.0845
52.9153
55.8202
59.2769
61.2884
63.5334
64.9634
66.2414
66.2459
64.9851
61.6998
61.8187
65.6863
66.9183
67.1728
65.762
62.6109
58.0396
53.4299
47.6225
37.4707
27.0628
20.2259
4.94471
0.237734
0.00165536
5.22734e-006
0.000222182
0.000404398
6.61497e-005
0.0001287
0.000339959
0.00132106
0.0226439
0.132162
0.399156
0.961631
1.02075
1.56604
2.66569
4.84011
6.41114
4.66736
4.58961
6.26029
9.94885
18.0889
26.3535
30.2205
35.649
39.2711
43.5533
46.6558
49.7016
51.6251
53.9175
55.6104
56.8713
57.51
57.6043
59.7501
61.9243
63.4119
63.9924
64.3062
65.9754
67.8184
69.3116
69.8924
69.7587
69.9555
70.3366
70.8895
70.7615
70.2852
70.1553
69.4208
68.8635
67.7502
66.6581
65.1606
64.1777
62.5619
60.7537
59.5676
56.7755
54.7916
53.4014
52.154
47.3979
43.5185
37.3428
28.9893
21.4086
11.9252
4.70466
0.973895
0.204235
0.0189007
0.000897562
2.95915e-005
9.03753e-007
1.61534e-007
4.68944e-007
1.54e-006
3.70193e-006
1.40202e-005
1.29572e-005
3.97225e-005
5.51583e-005
1.58727e-005
1.22696e-006
6.84665e-006
3.02197e-005
0.000404412
0.00256218
0.0122735
0.0611206
0.19706
0.257992
0.493602
1.45993
3.04051
4.90423
7.04317
7.45138
5.77535
2.8153
3.20512
3.68356
6.22109
10.7404
14.0713
14.8275
13.1288
9.77609
9.88686
10.3901
12.1404
15.368
17.0708
17.9226
17.9793
18.7728
19.4559
19.5243
20.0426
20.7036
21.063
21.489
20.4006
20.0987
19.8325
19.173
19.6823
19.7622
18.2376
19.5464
19.0118
18.3944
18.6395
18.8151
18.4683
17.8947
16.9817
15.7743
14.6661
13.7619
12.5728
11.7816
11.0437
10.5483
9.9127
9.22041
8.35826
8.33563
8.06163
7.56055
6.80233
6.73634
5.81831
4.89127
4.28724
3.76253
3.77892
3.29233
2.11739
1.67636
1.58523
1.57919
1.42187
0.911091
0.459971
0.547013
0.63213
0.397189
0.330767
0.26848
0.0621828
0.138952
0.124443
0.0722543
SNR of Background Average
4.9538
8.84364
10.5308
12.117
14.3308
16.5283
18.5162
20.3717
19.3506
25.0122
27.0972
30.753
34.1911
36.5971
38.8523
40.4341
41.6509
42.9785
44.3792
45.9522
46.4572
47.188
49.2119
50.6686
50.5301
52.8503
54.2625
54.7565
57.0429
60.694
63.3724
64.5381
66.2861
66.7294
67.5317
68.3507
68.6715
68.6421
68.0766
67.2921
66.5922
66.126
65.863
63.2661
63.7465
64.4772
64.0468
62.7771
60.7355
58.8427
58.5181
57.3851
56.8412
56.5946
55.425
53.7052
51.5881
50.7799
50.7283
50.984
50.5896
50.3074
50.4942
52.6087
54.5049
62.8336
70.899
74.3749
78.3096
80.8039
81.2248
78.6707
80.6527
81.7453
85.105
86.3081
87.2817
87.5047
87.3428
85.761
73.745
83.6895
85.7269
85.4799
84.7005
83.7399
82.3954
81.7415
80.8435
80.5491
79.0731
74.1325
74.3932
74.7592
74.2307
75.1346
76.2408
76.2314
74.7166
72.9374
73.9672
73.0637
71.5755
72.4721
71.6855
70.5594
69.3342
66.9176
58.2203
55.479
55.3423
51.2042
48.5519
52.4242
47.4425
26.7313
12.1852
32.2316
31.0704
19.9559
37.3678
48.8702
48.2375
47.487
45.7529
37.1191
23.7039
24.0295
24.7297
27.6036
27.8573
30.8073
33.522
33.6253
36.0047
35.5734
37.4417
39.1026
38.5821
39.0864
39.269
36.2427
32.9715
29.6391
19.3897
7.79144
5.36114
7.57044
13.2288
11.6304
15.0617
25.0761
34.9249
41.8372
44.7414
45.1545
47.607
50.4501
50.0845
52.9153
55.8202
59.2769
61.2884
63.5334
64.9634
66.2414
66.2459
64.9851
61.6998
61.8187
65.6863
66.9183
67.1728
65.762
62.6109
58.0396
53.4299
47.6225
37.4707
27.0628
20.2259
4.94471
0.237734
0.00165536
5.22734e-006
0.000222182
0.000404398
6.61497e-005
0.0001287
0.000339959
0.00132106
0.0226439
0.132162
0.399156
0.961631
1.02075
1.56604
2.66569
4.84011
6.41114
4.66736
4.58961
6.26029
9.94885
18.0889
26.3535
30.2205
35.649
39.2711
43.5533
46.6558
49.7016
51.6251
53.9175
55.6104
56.8713
57.51
57.6043
59.7501
61.9243
63.4119
63.9924
64.3062
65.9754
67.8184
69.3116
69.8924
69.7587
69.9555
70.3366
70.8895
70.7615
70.2852
70.1553
69.4208
68.8635
67.7502
66.6581
65.1606
64.1777
62.5619
60.7537
59.5676
56.7755
54.7916
53.4014
52.154
47.3979
43.5185
37.3428
28.9893
21.4086
11.9252
4.70466
0.973895
0.204235
0.0189007
0.000897562
2.95915e-005
9.03753e-007
1.61534e-007
4.68944e-007
1.54e-006
3.70193e-006
1.40202e-005
1.29572e-005
3.97225e-005
5.51583e-005
1.58727e-005
1.22696e-006
6.84665e-006
3.02197e-005
0.000404412
0.00256218
0.0122735
0.0611206
0.19706
0.257992
0.493602
1.45993
3.04051
4.90423
7.04317
7.45138
5.77535
2.8153
3.20512
3.68356
6.22109
10.7404
14.0713
14.8275
13.1288
9.77609
9.88686
10.3901
12.1404
15.368
17.0708
17.9226
17.9793
18.7728
19.4559
19.5243
20.0426
20.7036
21.063
21.489
20.4006
20.0987
19.8325
19.173
19.6823
19.7622
18.2376
19.5464
19.0118
18.3944
18.6395
18.8151
18.4683
17.8947
16.9817
15.7743
14.6661
13.7619
12.5728
11.7816
11.0437
10.5483
9.9127
9.22041
8.35826
8.33563
8.06163
7.56055
6.80233
6.73634
5.81831
4.89127
4.28724
3.76253
3.77892
3.29233
2.11739
1.67636
1.58523
1.57919
1.42187
0.911091
0.459971
0.547013
0.63213
0.397189
0.330767
0.26848
0.0621828
0.138952
0.124443
0.0722543
SNR of Target
15.2345
25.3482
29.4351
32.7796
36.7855
40.199
42.9513
45.5374
44.1204
52.9337
56.3271
61.1964
65.3114
68.0392
70.3335
72.0021
73.5536
75.2132
76.6813
77.9332
78.3381
78.9574
80.3119
81.0262
80.5674
81.4514
81.3968
80.4859
80.5678
81.4791
81.8622
81.5427
81.8723
81.4422
81.2294
81.0478
80.6104
80.1124
79.5021
78.9871
78.6536
78.4071
78.123
75.9789
76.1957
76.5617
75.9495
74.7859
73.1442
71.7577
71.7344
70.9942
70.7392
70.8409
70.3869
69.6337
68.5712
68.5779
69.3815
70.4344
70.8165
70.9662
71.222
71.5357
69.004
71.0332
74.239
75.4366
77.4122
78.6878
78.1668
74.3094
75.9344
76.6698
80.408
81.6911
82.8562
83.2127
83.1686
81.3694
67.3757
79.1185
81.6483
81.4086
80.5377
79.4743
77.9812
77.317
76.3801
76.1481
74.5586
69.1076
69.5124
70.016
69.5163
70.5982
71.8971
71.9578
70.3401
68.4553
69.6732
68.8019
67.2903
68.3298
67.5331
66.4167
65.2484
62.8493
54.0143
51.4156
51.4269
47.438
44.9592
48.9552
44.1414
24.3112
10.9717
29.9144
29.0173
18.5168
35.1122
46.5806
46.2173
45.758
44.294
35.9044
22.7091
22.8228
23.4044
26.171
26.4216
29.2624
31.8962
32.0225
34.3807
34.0144
35.8671
37.5592
37.2217
38.01
38.5579
35.8792
32.8289
29.6124
19.4343
7.85346
5.45932
7.79707
13.7916
12.2659
16.1265
27.0179
37.5362
44.4972
46.9394
46.8472
49.0508
51.8727
51.5367
54.3898
57.3096
60.7577
62.7547
65.0179
66.5251
67.8606
67.9379
66.7982
63.7007
63.9167
67.7324
68.9845
69.4369
68.4427
65.866
62.0208
58.3586
53.7053
44.2824
33.6551
26.0099
6.60356
0.322723
0.00226606
7.34198e-006
0.00032377
0.000590841
9.85361e-005
0.000200542
0.000594599
0.00259257
0.0498571
0.306304
0.972973
2.45415
2.69021
4.283
7.43466
13.4863
17.7199
13.0743
12.8381
16.8234
24.6286
39.9138
52.5347
57.2006
63.1225
66.3786
69.8982
71.9528
73.7906
74.6632
75.8897
76.7194
77.2059
77.0053
76.2868
77.4041
78.8393
79.6988
79.658
79.2738
80.0478
81.1782
82.1106
82.2919
81.8468
81.6448
81.7188
82.0033
81.7805
81.2805
81.0676
80.5106
80.2095
79.5641
78.9095
77.9285
77.3541
76.2917
75.0583
74.2825
72.2092
70.9087
70.3036
69.8541
65.9345
62.3942
56.0716
46.6334
36.8799
22.2838
9.34855
2.13712
0.497166
0.0535437
0.00287492
0.00010208
2.68119e-006
3.86554e-007
1.29773e-006
6.42755e-006
1.038e-005
1.54936e-005
4.2793e-005
0.000224817
0.000301283
7.68922e-005
4.78943e-006
3.27141e-005
0.000160743
0.0028679
0.0209421
0.113485
0.588061
1.84364
2.27481
3.84711
10.2304
19.0021
27.2635
35.0229
34.8487
26.6407
12.9281
14.0049
15.5256
24.6902
38.8225
47.127
48.3224
43.6249
33.9015
33.8161
34.8769
39.2971
46.8945
50.2394
51.4745
51.012
52.102
52.9948
52.5627
52.8503
53.5258
53.9442
54.4297
52.0343
50.9004
49.9504
48.3218
48.8958
48.622
45.2999
47.2712
45.9785
44.664
45.0586
45.2612
44.3219
43.0149
41.1282
38.5405
36.0389
33.9595
31.4521
29.9755
28.5379
27.6361
26.465
25.3014
23.5612
23.9093
23.8734
23.4059
22.2776
23.0157
21.0889
19.0502
17.9693
16.448
17.4209
16.233
12.0499
10.8017
10.8032
11.4476
11.0196
8.40997
5.18022
6.75075
8.12196
5.94132
6.60451
5.95143
1.81301
4.21674
3.79418
2.22801
