L of Background 1
1.28347
1.33917
1.34893
1.38145
1.5813
2.01583
2.41408
2.51432
2.28981
1.99021
1.81823
1.70495
1.58431
1.44883
1.3066
1.35711
1.83942
3.60156
4.80262
6.41581
9.0377
7.6944
9.4218
9.81725
9.35363
7.72989
7.96408
8.9994
8.95896
8.90302
8.87304
7.52499
5.43663
4.58572
1.81859
2.13569
4.03306
5.58841
6.64021
6.79606
6.77654
6.63505
6.33942
5.92361
5.0768
3.42903
1.09024
0.661588
0.989414
2.11554
3.13169
3.36929
3.47933
3.79223
4.10631
4.11155
3.61456
3.43542
3.50498
2.89209
2.06377
1.16957
4.19581e-006
0.000428541
0.00733586
0.0233723
0.0645946
0.108517
0.123113
0.330192
0.622078
0.836024
1.01311
1.12117
1.16977
1.15357
1.21887
1.23662
1.28163
1.35879
1.33947
1.34571
1.33624
1.29213
1.22812
1.13665
1.0383
0.935753
0.823607
0.745244
0.601338
0.4184
0.219382
0.0595412
0.0053374
0.0387895
0.0709714
0.0481934
0.121873
0.138083
0.128514
0.186748
0.209579
0.221362
0.228724
0.217392
0.215028
0.213836
0.220201
0.222061
0.200577
0.174589
0.155366
0.136432
0.115307
0.091307
0.0641708
0.0486659
0.0300473
0.024017
0.0124113
0.00988124
0.00448029
0.0031907
0.00100782
0.000243043
L of Background Average
1.28347
1.33917
1.34893
1.38145
1.5813
2.01583
2.41408
2.51432
2.28981
1.99021
1.81823
1.70495
1.58431
1.44883
1.3066
1.35711
1.83942
3.60156
4.80262
6.41581
9.0377
7.6944
9.4218
9.81725
9.35363
7.72989
7.96408
8.9994
8.95896
8.90302
8.87304
7.52499
5.43663
4.58572
1.81859
2.13569
4.03306
5.58841
6.64021
6.79606
6.77654
6.63505
6.33942
5.92361
5.0768
3.42903
1.09024
0.661588
0.989414
2.11554
3.13169
3.36929
3.47933
3.79223
4.10631
4.11155
3.61456
3.43542
3.50498
2.89209
2.06377
1.16957
4.19581e-006
0.000428541
0.00733586
0.0233723
0.0645946
0.108517
0.123113
0.330192
0.622078
0.836024
1.01311
1.12117
1.16977
1.15357
1.21887
1.23662
1.28163
1.35879
1.33947
1.34571
1.33624
1.29213
1.22812
1.13665
1.0383
0.935753
0.823607
0.745244
0.601338
0.4184
0.219382
0.0595412
0.0053374
0.0387895
0.0709714
0.0481934
0.121873
0.138083
0.128514
0.186748
0.209579
0.221362
0.228724
0.217392
0.215028
0.213836
0.220201
0.222061
0.200577
0.174589
0.155366
0.136432
0.115307
0.091307
0.0641708
0.0486659
0.0300473
0.024017
0.0124113
0.00988124
0.00448029
0.0031907
0.00100782
0.000243043
L of Target
1.34354
1.40563
1.41935
1.45166
1.64764
2.07474
2.46415
2.55398
2.32206
2.01761
1.84188
1.72655
1.60569
1.47121
1.33106
1.38358
1.85764
3.6032
4.78913
6.38815
8.9958
7.66066
9.38311
9.77877
9.31915
7.70315
7.93822
8.97155
8.93268
8.87854
8.84893
7.50644
5.42487
4.57698
1.81569
2.13314
4.02943
5.58456
6.6353
6.7898
6.77011
6.62907
6.33423
5.91967
5.07518
3.42894
1.0904
0.662011
0.990536
2.11869
3.13551
3.37211
3.48203
3.7952
4.10963
4.11524
3.61816
3.43927
3.5095
2.8972
2.06926
1.17418
4.24121e-006
0.000437343
0.00750897
0.0239893
0.0664701
0.111714
0.126509
0.337877
0.635375
0.852526
1.03132
1.13952
1.18735
1.16909
1.2341
1.25098
1.29519
1.37245
1.352
1.35759
1.34759
1.30283
1.23846
1.14659
1.04778
0.944688
0.831876
0.753401
0.608409
0.423585
0.222407
0.0604568
0.00582972
0.041636
0.0753041
0.0505912
0.127328
0.143978
0.133725
0.19404
0.217345
0.229118
0.236396
0.224261
0.221451
0.219907
0.226282
0.228026
0.205825
0.179159
0.159571
0.140399
0.119163
0.0948644
0.0671807
0.051437
0.0322532
0.026164
0.0139782
0.0115644
0.00555301
0.00411664
0.00130619
0.000338802
