SNR of Background 1
99.5735
99.6091
99.6238
99.6538
99.7127
99.7799
99.8228
99.8322
99.8179
99.7956
99.7862
99.7759
99.7576
99.7426
99.7301
99.7442
99.8131
99.908
99.9329
99.9498
99.965
99.9603
99.969
99.97
99.9688
99.9637
99.966
99.9701
99.9698
99.9709
99.974
99.9693
99.9538
99.9507
99.8753
99.8902
99.9432
99.9614
99.967
99.9672
99.9684
99.9686
99.9654
99.9656
99.9616
99.9425
99.8086
99.6897
99.811
99.909
99.9389
99.945
99.9438
99.9507
99.9538
99.9546
99.9506
99.945
99.9488
99.9399
99.916
99.854
0.0793879
9.09923
74.2598
92.1504
97.4046
98.5572
98.6949
99.522
99.7569
99.8199
99.8509
99.8665
99.8749
99.8699
99.8771
99.8807
99.8874
99.8909
99.8902
99.8916
99.8924
99.8864
99.8805
99.8727
99.8607
99.8407
99.8188
99.801
99.751
99.6321
99.2908
97.4498
80.9273
97.7781
98.7978
98.2038
99.3055
99.406
99.367
99.5601
99.6001
99.6171
99.6268
99.6166
99.6135
99.6041
99.625
99.6015
99.5763
99.508
99.4626
99.3632
99.2272
99.014
98.592
98.1479
96.9443
96.1712
92.0159
89.8286
76.1336
66.9042
32.7604
8.29614
SNR of Background Average
99.5735
99.6091
99.6238
99.6538
99.7127
99.7799
99.8228
99.8322
99.8179
99.7956
99.7862
99.7759
99.7576
99.7426
99.7301
99.7442
99.8131
99.908
99.9329
99.9498
99.965
99.9603
99.969
99.97
99.9688
99.9637
99.966
99.9701
99.9698
99.9709
99.974
99.9693
99.9538
99.9507
99.8753
99.8902
99.9432
99.9614
99.967
99.9672
99.9684
99.9686
99.9654
99.9656
99.9616
99.9425
99.8086
99.6897
99.811
99.909
99.9389
99.945
99.9438
99.9507
99.9538
99.9546
99.9506
99.945
99.9488
99.9399
99.916
99.854
0.0793879
9.09923
74.2598
92.1504
97.4046
98.5572
98.6949
99.522
99.7569
99.8199
99.8509
99.8665
99.8749
99.8699
99.8771
99.8807
99.8874
99.8909
99.8902
99.8916
99.8924
99.8864
99.8805
99.8727
99.8607
99.8407
99.8188
99.801
99.751
99.6321
99.2908
97.4498
80.9273
97.7781
98.7978
98.2038
99.3055
99.406
99.367
99.5601
99.6001
99.6171
99.6268
99.6166
99.6135
99.6041
99.625
99.6015
99.5763
99.508
99.4626
99.3632
99.2272
99.014
98.592
98.1479
96.9443
96.1712
92.0159
89.8286
76.1336
66.9042
32.7604
8.29614
SNR of Target
99.5928
99.6278
99.6427
99.6707
99.7244
99.7862
99.8264
99.8348
99.8205
99.7984
99.7889
99.7787
99.7609
99.7465
99.7351
99.7492
99.8149
99.9081
99.9327
99.9496
99.9649
99.9601
99.9689
99.9699
99.9687
99.9635
99.9659
99.97
99.9697
99.9708
99.9739
99.9693
99.9537
99.9506
99.8751
99.8901
99.9432
99.9614
99.967
99.9672
99.9684
99.9686
99.9654
99.9656
99.9616
99.9425
99.8087
99.6899
99.8113
99.9092
99.939
99.9451
99.9438
99.9507
99.9538
99.9547
99.9507
99.9451
99.9489
99.94
99.9162
99.8546
0.0802466
9.27897
74.8329
92.371
97.4819
98.6
98.7311
99.533
99.762
99.8234
99.8535
99.8687
99.8767
99.8716
99.8786
99.882
99.8885
99.892
99.8913
99.8926
99.8933
99.8874
99.8815
99.8738
99.8619
99.8422
99.8206
99.8032
99.7539
99.6367
99.3007
97.4906
82.6027
97.9373
98.869
98.2924
99.3358
99.4307
99.3921
99.5769
99.6146
99.6302
99.639
99.6285
99.6249
99.6151
99.6352
99.612
99.5872
99.5207
99.477
99.3815
99.2527
99.0519
98.6573
98.2519
97.1658
96.5067
92.9891
91.4359
80.7843
73.7795
39.9925
11.4089
