L of Background 1
1.28347
1.33917
1.34893
1.38145
1.5813
2.01583
2.41408
2.51432
2.28981
1.99021
1.81823
1.70495
1.58431
1.44883
1.3066
1.35711
1.83942
3.60156
4.80262
6.41581
9.0377
7.6944
9.4218
9.81725
9.35363
7.72989
7.96408
8.9994
8.95896
8.90302
8.87304
7.52499
5.43663
4.58572
1.81859
2.13569
4.03306
5.58841
6.64021
6.79606
6.77654
6.63505
6.33942
5.92361
5.0768
3.42903
1.09024
0.661588
0.989414
2.11554
3.13169
3.36929
3.47933
3.79223
4.10631
4.11155
3.61456
3.43542
3.50498
2.89209
2.06377
1.16957
4.19581e-006
0.000428541
0.00733586
0.0233723
0.0645946
0.108517
0.123113
0.330192
0.622078
0.836024
1.01311
1.12117
1.16977
1.15357
1.21887
1.23662
1.28163
1.35879
1.33947
1.34571
1.33624
1.29213
1.22812
1.13665
1.0383
0.935753
0.823607
0.745244
0.601338
0.4184
0.219382
0.0595412
0.0053374
0.0387895
0.0709714
0.0481934
0.121873
0.138083
0.128514
0.186748
0.209579
0.221362
0.228724
0.217392
0.215028
0.213836
0.220201
0.222061
0.200577
0.174589
0.155366
0.136432
0.115307
0.091307
0.0641708
0.0486659
0.0300473
0.024017
0.0124113
0.00988124
0.00448029
0.0031907
0.00100782
0.000243043
L of Background Average
1.28347
1.33917
1.34893
1.38145
1.5813
2.01583
2.41408
2.51432
2.28981
1.99021
1.81823
1.70495
1.58431
1.44883
1.3066
1.35711
1.83942
3.60156
4.80262
6.41581
9.0377
7.6944
9.4218
9.81725
9.35363
7.72989
7.96408
8.9994
8.95896
8.90302
8.87304
7.52499
5.43663
4.58572
1.81859
2.13569
4.03306
5.58841
6.64021
6.79606
6.77654
6.63505
6.33942
5.92361
5.0768
3.42903
1.09024
0.661588
0.989414
2.11554
3.13169
3.36929
3.47933
3.79223
4.10631
4.11155
3.61456
3.43542
3.50498
2.89209
2.06377
1.16957
4.19581e-006
0.000428541
0.00733586
0.0233723
0.0645946
0.108517
0.123113
0.330192
0.622078
0.836024
1.01311
1.12117
1.16977
1.15357
1.21887
1.23662
1.28163
1.35879
1.33947
1.34571
1.33624
1.29213
1.22812
1.13665
1.0383
0.935753
0.823607
0.745244
0.601338
0.4184
0.219382
0.0595412
0.0053374
0.0387895
0.0709714
0.0481934
0.121873
0.138083
0.128514
0.186748
0.209579
0.221362
0.228724
0.217392
0.215028
0.213836
0.220201
0.222061
0.200577
0.174589
0.155366
0.136432
0.115307
0.091307
0.0641708
0.0486659
0.0300473
0.024017
0.0124113
0.00988124
0.00448029
0.0031907
0.00100782
0.000243043
L of Target
1.88514
2.00484
2.05431
2.08471
2.24573
2.6056
2.91529
2.91128
2.61243
2.26429
2.05476
1.92096
1.79817
1.67272
1.55129
1.6219
2.02165
3.61778
4.66768
6.1395
8.61895
7.35719
9.03494
9.43279
9.00905
7.46277
7.70552
8.72106
8.69636
8.65837
8.63202
7.33949
5.31897
4.49833
1.78953
2.11013
3.99686
5.54977
6.59087
6.73348
6.71228
6.57544
6.2876
5.88415
5.06038
3.42789
1.09188
0.665821
1.00068
2.14706
3.16983
3.39758
3.50632
3.82211
4.13952
4.14847
3.65078
3.47394
3.55024
2.94311
2.11871
1.21566
4.64969e-006
0.000516575
0.00906704
0.0295436
0.083357
0.14049
0.157075
0.407023
0.754972
1.00099
1.19516
1.3047
1.34559
1.30889
1.3712
1.38024
1.41724
1.49542
1.46479
1.46449
1.44979
1.39922
1.33157
1.23615
1.13317
1.02497
0.906274
0.826897
0.67204
0.470255
0.249605
0.0687011
0.0102599
0.0672498
0.114299
0.0721659
0.176436
0.197044
0.180636
0.259692
0.287253
0.298881
0.30542
0.286118
0.279304
0.274533
0.281015
0.281761
0.253071
0.220299
0.197409
0.176114
0.153865
0.126882
0.0942688
0.0763758
0.0521016
0.0454834
0.0280799
0.0267147
0.0152085
0.0124501
0.00399143
0.0012007
