SNR of Background 1
99.5735
99.6091
99.6238
99.6538
99.7127
99.7799
99.8228
99.8322
99.8179
99.7956
99.7862
99.7759
99.7576
99.7426
99.7301
99.7442
99.8131
99.908
99.9329
99.9498
99.965
99.9603
99.969
99.97
99.9688
99.9637
99.966
99.9701
99.9698
99.9709
99.974
99.9693
99.9538
99.9507
99.8753
99.8902
99.9432
99.9614
99.967
99.9672
99.9684
99.9686
99.9654
99.9656
99.9616
99.9425
99.8086
99.6897
99.811
99.909
99.9389
99.945
99.9438
99.9507
99.9538
99.9546
99.9506
99.945
99.9488
99.9399
99.916
99.854
0.0793879
9.09923
74.2598
92.1504
97.4046
98.5572
98.6949
99.522
99.7569
99.8199
99.8509
99.8665
99.8749
99.8699
99.8771
99.8807
99.8874
99.8909
99.8902
99.8916
99.8924
99.8864
99.8805
99.8727
99.8607
99.8407
99.8188
99.801
99.751
99.6321
99.2908
97.4498
80.9273
97.7781
98.7978
98.2038
99.3055
99.406
99.367
99.5601
99.6001
99.6171
99.6268
99.6166
99.6135
99.6041
99.625
99.6015
99.5763
99.508
99.4626
99.3632
99.2272
99.014
98.592
98.1479
96.9443
96.1712
92.0159
89.8286
76.1336
66.9042
32.7604
8.29614
SNR of Background Average
99.5735
99.6091
99.6238
99.6538
99.7127
99.7799
99.8228
99.8322
99.8179
99.7956
99.7862
99.7759
99.7576
99.7426
99.7301
99.7442
99.8131
99.908
99.9329
99.9498
99.965
99.9603
99.969
99.97
99.9688
99.9637
99.966
99.9701
99.9698
99.9709
99.974
99.9693
99.9538
99.9507
99.8753
99.8902
99.9432
99.9614
99.967
99.9672
99.9684
99.9686
99.9654
99.9656
99.9616
99.9425
99.8086
99.6897
99.811
99.909
99.9389
99.945
99.9438
99.9507
99.9538
99.9546
99.9506
99.945
99.9488
99.9399
99.916
99.854
0.0793879
9.09923
74.2598
92.1504
97.4046
98.5572
98.6949
99.522
99.7569
99.8199
99.8509
99.8665
99.8749
99.8699
99.8771
99.8807
99.8874
99.8909
99.8902
99.8916
99.8924
99.8864
99.8805
99.8727
99.8607
99.8407
99.8188
99.801
99.751
99.6321
99.2908
97.4498
80.9273
97.7781
98.7978
98.2038
99.3055
99.406
99.367
99.5601
99.6001
99.6171
99.6268
99.6166
99.6135
99.6041
99.625
99.6015
99.5763
99.508
99.4626
99.3632
99.2272
99.014
98.592
98.1479
96.9443
96.1712
92.0159
89.8286
76.1336
66.9042
32.7604
8.29614
SNR of Target
99.7108
99.7399
99.7539
99.7714
99.7982
99.83
99.8534
99.8552
99.8405
99.8205
99.8109
99.8012
99.7867
99.7772
99.773
99.7862
99.83
99.9084
99.931
99.9475
99.9633
99.9584
99.9677
99.9688
99.9676
99.9624
99.9649
99.9691
99.9689
99.9701
99.9732
99.9686
99.9528
99.9498
99.8733
99.8889
99.9427
99.9612
99.9668
99.9669
99.9681
99.9683
99.9652
99.9654
99.9615
99.9425
99.8089
99.6917
99.8132
99.9104
99.9397
99.9455
99.9442
99.9511
99.9541
99.9551
99.9511
99.9457
99.9495
99.9409
99.9182
99.8596
0.0879731
10.8832
79.1327
93.9226
98.0152
98.8949
98.9846
99.6132
99.7999
99.8497
99.8737
99.8853
99.8913
99.8854
99.8908
99.8931
99.8982
99.9009
99.8997
99.9004
99.9009
99.8951
99.8898
99.883
99.8724
99.8546
99.8354
99.8208
99.7774
99.6731
99.3782
97.8066
90.5422
98.7471
99.2625
98.8182
99.5231
99.5858
99.552
99.6848
99.7092
99.7172
99.7213
99.7095
99.7032
99.6924
99.7069
99.6867
99.665
99.6112
99.5784
99.5086
99.4239
99.2958
99.0527
98.8394
98.2877
98.0532
96.7016
96.5457
93.5267
91.835
73.4754
34.9984
