SNR of Background 1
99.5735
99.6091
99.6238
99.6538
99.7127
99.7799
99.8228
99.8322
99.8179
99.7956
99.7862
99.7759
99.7576
99.7426
99.7301
99.7442
99.8131
99.908
99.9329
99.9498
99.965
99.9603
99.969
99.97
99.9688
99.9637
99.966
99.9701
99.9698
99.9709
99.974
99.9693
99.9538
99.9507
99.8753
99.8902
99.9432
99.9614
99.967
99.9672
99.9684
99.9686
99.9654
99.9656
99.9616
99.9425
99.8086
99.6897
99.811
99.909
99.9389
99.945
99.9438
99.9507
99.9538
99.9546
99.9506
99.945
99.9488
99.9399
99.916
99.854
0.0793879
9.09923
74.2598
92.1504
97.4046
98.5572
98.6949
99.522
99.7569
99.8199
99.8509
99.8665
99.8749
99.8699
99.8771
99.8807
99.8874
99.8909
99.8902
99.8916
99.8924
99.8864
99.8805
99.8727
99.8607
99.8407
99.8188
99.801
99.751
99.6321
99.2908
97.4498
80.9273
97.7781
98.7978
98.2038
99.3055
99.406
99.367
99.5601
99.6001
99.6171
99.6268
99.6166
99.6135
99.6041
99.625
99.6015
99.5763
99.508
99.4626
99.3632
99.2272
99.014
98.592
98.1479
96.9443
96.1712
92.0159
89.8286
76.1336
66.9042
32.7604
8.29614
SNR of Background Average
99.5735
99.6091
99.6238
99.6538
99.7127
99.7799
99.8228
99.8322
99.8179
99.7956
99.7862
99.7759
99.7576
99.7426
99.7301
99.7442
99.8131
99.908
99.9329
99.9498
99.965
99.9603
99.969
99.97
99.9688
99.9637
99.966
99.9701
99.9698
99.9709
99.974
99.9693
99.9538
99.9507
99.8753
99.8902
99.9432
99.9614
99.967
99.9672
99.9684
99.9686
99.9654
99.9656
99.9616
99.9425
99.8086
99.6897
99.811
99.909
99.9389
99.945
99.9438
99.9507
99.9538
99.9546
99.9506
99.945
99.9488
99.9399
99.916
99.854
0.0793879
9.09923
74.2598
92.1504
97.4046
98.5572
98.6949
99.522
99.7569
99.8199
99.8509
99.8665
99.8749
99.8699
99.8771
99.8807
99.8874
99.8909
99.8902
99.8916
99.8924
99.8864
99.8805
99.8727
99.8607
99.8407
99.8188
99.801
99.751
99.6321
99.2908
97.4498
80.9273
97.7781
98.7978
98.2038
99.3055
99.406
99.367
99.5601
99.6001
99.6171
99.6268
99.6166
99.6135
99.6041
99.625
99.6015
99.5763
99.508
99.4626
99.3632
99.2272
99.014
98.592
98.1479
96.9443
96.1712
92.0159
89.8286
76.1336
66.9042
32.7604
8.29614
SNR of Target
99.6553
99.6876
99.7024
99.7246
99.7629
99.8082
99.8395
99.8445
99.83
99.8089
99.7993
99.7893
99.7731
99.7611
99.7534
99.7671
99.822
99.9082
99.932
99.9487
99.9642
99.9594
99.9683
99.9694
99.9683
99.963
99.9655
99.9696
99.9694
99.9705
99.9736
99.9689
99.9533
99.9503
99.8743
99.8895
99.943
99.9613
99.9669
99.9671
99.9683
99.9685
99.9653
99.9655
99.9616
99.9425
99.8088
99.6907
99.8121
99.9097
99.9393
99.9452
99.944
99.9509
99.9539
99.9549
99.9509
99.9453
99.9492
99.9404
99.9171
99.8568
0.0836799
9.99498
76.9189
93.1455
97.7503
98.7484
98.8578
99.5724
99.7805
99.8361
99.8632
99.8766
99.8837
99.8781
99.8843
99.8872
99.893
99.8962
99.8952
99.8962
99.8968
99.891
99.8854
99.8781
99.8668
99.848
99.8275
99.8114
99.7649
99.6538
99.3374
97.6416
87.2494
98.3972
99.0857
98.5742
99.4345
99.512
99.4753
99.6327
99.6632
99.6747
99.6809
99.6694
99.6643
99.6538
99.671
99.6492
99.6259
99.5656
99.5275
99.4453
99.3399
99.1783
98.8673
98.5727
97.8041
97.4163
95.3133
94.8082
89.5856
86.449
60.1634
22.8882
