SNR of Background 1
74.9794
76.1774
76.1648
77.283
80.2629
84.1255
86.8211
87.5006
86.0765
84.1666
83.4575
82.6309
81.181
79.926
79.0754
79.4553
82.1423
91.3019
94.3748
96.5825
97.9685
97.6246
98.2636
98.3236
98.2208
97.7429
97.9624
98.3516
98.3693
98.4328
98.6
98.2283
96.8791
96.4615
86.8836
89.3374
96.0144
97.7318
98.1737
98.1671
98.2534
98.2699
98.0692
98.0687
97.778
96.0642
80.115
60.7298
78.5767
92.6918
95.4859
95.8067
95.7175
96.4854
96.9045
97.0404
96.6511
96.2435
96.5725
95.6811
93.1499
84.1649
6.90628e-005
0.00525888
0.0821255
0.622102
5.41697
12.8003
16.3196
45.7643
70.5699
79.6232
84.236
86.4958
87.6494
86.7317
87.8129
88.1247
88.8301
89.4431
88.9732
88.7311
88.5602
87.7699
87.1735
86.3555
84.8857
82.295
79.2888
76.8945
69.6627
54.7038
30.5228
7.00963
0.150981
11.3914
20.0436
10.9026
33.4145
38.4703
36.3783
50.3419
54.2467
56.1971
57.7442
56.2501
55.4773
54.19
56.1654
54.4154
52.9996
48.6212
45.3966
39.4222
34.1772
28.6282
21.4349
18.0774
13.0574
11.5246
6.82634
7.67869
3.88655
1.652
0.0817447
0.0258634
SNR of Background 2
76.4787
78.013
78.5475
80.198
83.1354
86.4957
88.7939
89.4017
88.5871
87.5178
87.3778
87.2889
86.555
85.8359
85.0777
85.1905
86.4416
92.3682
94.2116
95.8084
97.3339
96.7948
97.5655
97.6615
97.5427
96.8778
97.1218
97.6623
97.6859
97.7925
98.0373
97.5775
95.7772
95.3122
82.8357
85.3658
94.5331
96.9514
97.5568
97.5422
97.647
97.663
97.3974
97.421
97.0917
95.0052
75.7379
54.1449
73.1805
90.7357
94.517
95.0071
94.9119
95.8043
96.2916
96.4706
96.02
95.5432
95.9882
95.0509
92.3684
82.8222
6.90628e-005
0.00525888
0.0821255
0.536272
5.23517
13.1636
17.0704
48.5366
74.0007
82.3889
86.3799
88.2476
89.1682
88.2737
89.1745
89.4087
89.9546
90.4676
90.1131
90.006
89.9218
89.2413
88.7387
88.1034
86.9472
84.7837
82.15
80.0188
73.409
58.6891
33.1323
7.67646
0.150982
10.155
19.4522
8.04716
34.3421
41.1999
38.2325
52.8715
57.1091
59.2269
61.1665
59.7146
58.6993
56.7387
57.8758
55.344
52.9026
47.6296
43.9559
36.9644
30.2375
22.676
12.0044
6.45025
1.7201
0.615624
0.417591
0.438547
0.27083
0.229432
0.0818039
0.0258638
SNR of Background 3
88.9537
89.8642
90.2757
90.7558
91.1988
91.5543
92.1289
92.2715
92.1998
92.0448
92.3207
92.5263
92.3234
92.3499
92.7109
93.1479
92.0338
92.5111
91.7061
91.9865
94.2406
92.5887
94.3305
94.4181
93.9648
92.2122
92.8929
94.2429
94.2874
94.5252
95.1263
93.6709
88.697
87.7883
62.2159
67.5495
86.4648
92.2013
93.693
93.566
93.8362
93.829
93.0301
92.9972
92.0046
86.2012
49.1782
30.2029
49.1259
78.0488
86.5104
87.7313
87.5516
89.6808
90.8238
91.1912
89.9745
88.7077
89.8499
87.6574
82.4257
68.8306
7.37329e-005
0.0210244
0.698511
3.11556
12.8447
24.1189
25.4574
57.1381
77.7597
83.8145
86.5981
87.6276
87.8005
85.9662
86.3309
86.0186
86.1872
86.5068
85.7167
85.3947
85.2847
84.306
83.5754
82.6945
81.2002
78.5132
75.6679
73.9663
67.4362
53.786
32.246
9.22524
5.92526
42.1408
57.9065
36.8049
66.7438
69.5864
64.5808
75.2155
76.8562
77.4451
77.7295
75.5213
73.8455
71.8545
73.0955
72.1185
72.0349
69.7686
68.0768
63.7064
60.0058
55.0987
48.1778
44.6869
35.0504
33.9928
22.8984
23.4811
13.9127
10.2362
1.8245
0.959615
SNR of Background Average
78.0913
79.4291
79.7697
80.9721
83.3439
86.2506
88.397
88.956
88.0356
86.8275
86.593
86.3399
85.4776
84.7701
84.316
84.6685
85.6472
91.8843
94.1165
96.0601
97.5769
97.1259
97.8666
97.9425
97.8226
97.2344
97.484
97.9614
97.9825
98.0665
98.2761
97.8358
96.1985
95.7295
84.2763
86.9762
95.1309
97.2503
97.7895
97.7782
97.8789
97.8962
97.6526
97.6599
97.328
95.3215
76.8688
56.0191
74.9364
91.3545
94.7551
95.1703
95.0727
95.9484
96.4258
96.5883
96.1431
95.6749
96.0777
95.1044
92.3519
82.7225
6.97453e-005
0.00692195
0.156144
0.839153
6.11037
14.1473
17.5812
48.1824
72.8453
81.2692
85.4046
87.3608
88.316
87.325
88.2713
88.5035
89.1037
89.6569
89.2176
89.032
88.9046
88.1471
87.5813
86.8386
85.5028
83.0853
80.2398
78.001
71.0694
56.2802
31.7527
7.49982
1.31146
14.6853
25.1995
12.84
38.8394
44.3182
41.114
55.2374
58.9082
60.6816
62.144
60.4356
59.3483
57.622
59.1835
57.2439
55.679
51.2718
48.0938
41.873
36.2251
29.8973
21.2918
17.0266
11.2962
10.0083
6.0819
6.58962
3.51118
1.97718
0.309931
0.119894
SNR of Target
89.4692
90.391
90.8214
91.288
91.6915
91.9867
92.4674
92.5192
92.3687
92.1569
92.3799
92.5554
92.3463
92.3785
92.7511
93.1986
92.1008
92.5802
91.7887
92.0863
94.3442
92.7757
94.5084
94.6165
94.2073
92.5565
93.2266
94.5239
94.5782
94.8162
95.3877
94.0499
89.4259
88.5998
64.1619
69.4477
87.4553
92.7984
94.1884
94.0798
94.3278
94.3321
93.614
93.5966
92.7037
87.4222
51.9444
32.4534
52.014
80.0298
87.8184
88.9314
88.7643
90.6888
91.72
92.0558
90.9676
89.8336
90.8743
88.9066
84.1495
71.5145
7.47506e-005
0.0233105
0.772188
3.41795
14.0542
26.2617
27.8232
60.5667
80.156
85.6455
88.1352
89.0558
89.2178
87.5981
87.9331
87.661
87.8109
88.0964
87.4024
87.1175
87.012
86.1338
85.4655
84.6565
83.3027
80.8714
78.2797
76.7304
70.6544
57.4396
35.2281
10.1661
6.51191
45.109
60.9961
39.7644
69.7546
72.5465
67.9775
78.0257
79.5761
80.0722
80.2988
78.2953
76.7992
74.9833
76.1384
75.1332
74.7412
72.3424
70.6973
66.5851
63.1003
58.2952
51.2643
47.6984
37.8056
36.6865
24.9887
25.6531
15.3028
11.3603
2.13133
0.976637
