L of Background 1
0.460384
0.718103
0.787412
0.834058
0.931712
0.983949
0.994529
1.00022
0.847955
1.07057
1.09001
1.20271
1.28418
1.32773
1.3816
1.38805
1.38933
1.38532
1.40311
1.41505
1.37108
1.34439
1.39441
1.41119
1.40422
1.52216
1.62242
1.62763
1.77555
2.01884
2.23594
2.32033
2.46683
2.49969
2.57158
2.61623
2.59393
2.54728
2.43577
2.31579
2.21519
2.12171
2.07404
1.9032
1.90863
1.87971
1.8518
1.82033
1.72594
1.68203
1.669
1.61014
1.59187
1.58747
1.54773
1.48368
1.41128
1.34182
1.32554
1.32127
1.29128
1.27088
1.27102
1.3682
1.45173
2.08036
3.01076
3.57092
4.35975
5.08151
5.4981
5.38708
6.15717
6.78711
8.04008
8.72609
9.31236
9.72824
9.90499
8.95004
4.29571
8.40066
10.1319
10.3047
10.2971
10.1958
9.91805
9.91683
9.88347
9.89511
9.64764
8.35649
8.42371
8.70821
8.74072
9.18443
9.46449
9.45346
9.18428
8.59632
9.28214
9.11427
8.73268
9.07917
9.03943
8.89464
8.77951
8.54696
7.15635
6.71819
6.89877
6.45966
6.44316
7.07699
6.75019
4.31133
2.65261
3.58911
3.67112
3.97836
4.67705
5.56952
5.65035
6.03208
6.47486
6.65631
6.81067
6.86116
6.97281
6.89699
6.87949
6.82477
6.74749
6.67588
6.58904
6.44278
6.30026
6.18622
6.12589
5.90011
5.644
5.27778
4.8847
4.49514
3.30531
1.988
1.60742
1.74076
2.24397
2.03836
2.25877
2.90169
3.49063
3.8093
3.89302
3.86595
4.00289
4.1254
3.95389
4.02741
4.1333
4.23048
4.25568
4.28238
4.24647
4.16767
4.05072
3.7915
3.32316
3.25951
3.61809
3.69635
3.7503
3.60859
3.34788
3.01022
2.70593
2.4009
1.96869
1.59642
1.36142
0.627461
0.106614
0.0063651
0.000798042
0.00692506
0.0119988
0.00460035
0.00842246
0.0106824
0.0171233
0.0405389
0.0791678
0.116396
0.158194
0.147958
0.181214
0.225103
0.301704
0.336871
0.284375
0.279527
0.337518
0.437866
0.615747
0.751636
0.802088
0.900039
0.956992
1.01749
1.05565
1.09128
1.12795
1.15841
1.17276
1.19182
1.17555
1.13732
1.19085
1.23667
1.2566
1.24247
1.22968
1.27927
1.33716
1.36629
1.37347
1.35163
1.34072
1.35644
1.37808
1.37006
1.34229
1.3349
1.29715
1.27988
1.24636
1.20289
1.15347
1.12138
1.07929
1.03551
1.00434
0.946121
0.909559
0.887502
0.852806
0.788281
0.764858
0.670647
0.56336
0.474798
0.346703
0.194585
0.0952673
0.0415996
0.0126415
0.00322038
0.000713079
7.23077e-005
3.81774e-005
7.9703e-005
0.000141143
0.000202154
7.04735e-005
0.000264166
0.000861615
0.00108806
0.00040246
8.67951e-005
0.000316828
0.000638856
0.0013845
0.00294892
0.00508458
0.00909696
0.0142577
0.0138554
0.0177843
0.0338782
0.0599423
0.0887515
0.117309
0.124314
0.0983291
0.0426221
0.0440463
0.0524801
0.0891209
0.148059
0.183769
0.185695
0.161017
0.117131
0.117621
0.123456
0.146326
0.185504
0.203285
0.212575
0.217035
0.222605
0.225265
0.227325
0.230955
0.235117
0.237337
0.237966
0.233518
0.233102
0.22974
0.224131
0.230092
0.234321
0.227788
0.237042
0.230514
0.228186
0.233495
0.235748
0.235162
0.230158
0.223124
0.213565
0.204893
0.195456
0.181941
0.173617
0.165903
0.159795
0.15415
0.147908
0.139584
0.139111
0.134762
0.127226
0.116147
0.114148
0.101568
0.0885758
0.0783604
0.071662
0.0729019
0.0666525
0.0480269
0.0438576
0.0420124
0.0417774
0.0390651
0.0302264
0.0199123
0.021799
0.0235702
0.017626
0.0153109
0.013163
0.00601793
0.00899996
0.0086189
0.00655557
L of Background Average
0.460384
0.718103
0.787412
0.834058
0.931712
0.983949
0.994529
1.00022
0.847955
1.07057
1.09001
1.20271
1.28418
1.32773
1.3816
1.38805
1.38933
1.38532
1.40311
1.41505
1.37108
1.34439
1.39441
1.41119
1.40422
1.52216
1.62242
1.62763
1.77555
2.01884
2.23594
2.32033
2.46683
2.49969
2.57158
2.61623
2.59393
2.54728
2.43577
2.31579
2.21519
2.12171
2.07404
1.9032
1.90863
1.87971
1.8518
1.82033
1.72594
1.68203
1.669
1.61014
1.59187
1.58747
1.54773
1.48368
1.41128
1.34182
1.32554
1.32127
1.29128
1.27088
1.27102
1.3682
1.45173
2.08036
3.01076
3.57092
4.35975
5.08151
5.4981
5.38708
6.15717
6.78711
8.04008
8.72609
9.31236
9.72824
9.90499
8.95004
4.29571
8.40066
10.1319
10.3047
10.2971
10.1958
9.91805
9.91683
9.88347
9.89511
9.64764
8.35649
8.42371
8.70821
8.74072
9.18443
9.46449
9.45346
9.18428
8.59632
9.28214
9.11427
8.73268
9.07917
9.03943
8.89464
8.77951
8.54696
7.15635
6.71819
6.89877
6.45966
6.44316
7.07699
6.75019
4.31133
2.65261
3.58911
3.67112
3.97836
4.67705
5.56952
5.65035
6.03208
6.47486
6.65631
6.81067
6.86116
6.97281
6.89699
6.87949
6.82477
6.74749
6.67588
6.58904
6.44278
6.30026
6.18622
6.12589
5.90011
5.644
5.27778
4.8847
4.49514
3.30531
1.988
1.60742
1.74076
2.24397
2.03836
2.25877
2.90169
3.49063
3.8093
3.89302
3.86595
4.00289
4.1254
3.95389
4.02741
4.1333
4.23048
4.25568
4.28238
4.24647
4.16767
4.05072
3.7915
3.32316
3.25951
3.61809
3.69635
3.7503
3.60859
3.34788
3.01022
2.70593
2.4009
1.96869
1.59642
1.36142
0.627461
0.106614
0.0063651
0.000798042
0.00692506
0.0119988
0.00460035
0.00842246
0.0106824
0.0171233
0.0405389
0.0791678
0.116396
0.158194
0.147958
0.181214
0.225103
0.301704
0.336871
0.284375
0.279527
0.337518
0.437866
0.615747
0.751636
0.802088
0.900039
0.956992
1.01749
1.05565
1.09128
1.12795
1.15841
1.17276
1.19182
1.17555
1.13732
1.19085
1.23667
1.2566
1.24247
1.22968
1.27927
1.33716
1.36629
1.37347
1.35163
1.34072
1.35644
1.37808
1.37006
1.34229
1.3349
1.29715
1.27988
1.24636
1.20289
1.15347
1.12138
1.07929
1.03551
1.00434
0.946121
0.909559
0.887502
0.852806
0.788281
0.764858
0.670647
0.56336
0.474798
0.346703
0.194585
0.0952673
0.0415996
0.0126415
0.00322038
0.000713079
7.23077e-005
3.81774e-005
7.9703e-005
0.000141143
0.000202154
7.04735e-005
0.000264166
0.000861615
0.00108806
0.00040246
8.67951e-005
0.000316828
0.000638856
0.0013845
0.00294892
0.00508458
0.00909696
0.0142577
0.0138554
0.0177843
0.0338782
0.0599423
0.0887515
0.117309
0.124314
0.0983291
0.0426221
0.0440463
0.0524801
0.0891209
0.148059
0.183769
0.185695
0.161017
0.117131
0.117621
0.123456
0.146326
0.185504
0.203285
0.212575
0.217035
0.222605
0.225265
0.227325
0.230955
0.235117
0.237337
0.237966
0.233518
0.233102
0.22974
0.224131
0.230092
0.234321
0.227788
0.237042
0.230514
0.228186
0.233495
0.235748
0.235162
0.230158
0.223124
0.213565
0.204893
0.195456
0.181941
0.173617
0.165903
0.159795
0.15415
0.147908
0.139584
0.139111
0.134762
0.127226
0.116147
0.114148
0.101568
0.0885758
0.0783604
0.071662
0.0729019
0.0666525
0.0480269
0.0438576
0.0420124
0.0417774
0.0390651
0.0302264
0.0199123
0.021799
0.0235702
0.017626
0.0153109
0.013163
0.00601793
0.00899996
0.0086189
0.00655557
L of Target
0.460384
0.718103
0.787412
0.834058
0.931712
0.983949
0.994529
1.00022
0.847955
1.07057
1.09001
1.20271
1.28418
1.32773
1.3816
1.38805
1.38933
1.38532
1.40311
1.41505
1.37108
1.34439
1.39441
1.41119
1.40422
1.52216
1.62242
1.62763
1.77555
2.01884
2.23594
2.32033
2.46683
2.49969
2.57158
2.61623
2.59393
2.54728
2.43577
2.31579
2.21519
2.12171
2.07404
1.9032
1.90863
1.87971
1.8518
1.82033
1.72594
1.68203
1.669
1.61014
1.59187
1.58747
1.54773
1.48368
1.41128
1.34182
1.32554
1.32127
1.29128
1.27088
1.27102
1.3682
1.45173
2.08036
3.01076
3.57092
4.35975
5.08151
5.4981
5.38708
6.15717
6.78711
8.04008
8.72609
9.31236
9.72824
9.90499
8.95004
4.29571
8.40066
10.1319
10.3047
10.2971
10.1958
9.91805
9.91683
9.88347
9.89511
9.64764
8.35649
8.42371
8.70821
8.74072
9.18443
9.46449
9.45346
9.18428
8.59632
9.28214
9.11427
8.73268
9.07917
9.03943
8.89464
8.77951
8.54696
7.15635
6.71819
6.89877
6.45966
6.44316
7.07699
6.75019
4.31133
2.65261
3.58911
3.67112
3.97836
4.67705
5.56952
5.65035
6.03208
6.47486
6.65631
6.81067
6.86116
6.97281
6.89699
6.87949
6.82477
6.74749
6.67588
6.58904
6.44278
6.30026
6.18622
6.12589
5.90011
5.644
5.27778
4.8847
4.49514
3.30531
1.988
1.60742
1.74076
2.24397
2.03836
2.25877
2.90169
3.49063
3.8093
3.89302
3.86595
4.00289
4.1254
3.95389
4.02741
4.1333
4.23048
4.25568
4.28238
4.24647
4.16767
4.05072
3.7915
3.32316
3.25951
3.61809
3.69635
3.7503
3.60859
3.34788
3.01022
2.70593
2.4009
1.96869
1.59642
1.36142
0.627461
0.106614
0.0063651
0.000798042
0.00692506
0.0119988
0.00460035
0.00842246
0.0106824
0.0171233
0.0405389
0.0791678
0.116396
0.158194
0.147958
0.181214
0.225103
0.301704
0.336871
0.284375
0.279527
0.337518
0.437866
0.615747
0.751636
0.802088
0.900039
0.956992
1.01749
1.05565
1.09128
1.12795
1.15841
1.17276
1.19182
1.17555
1.13732
1.19085
1.23667
1.2566
1.24247
1.22968
1.27927
1.33716
1.36629
1.37347
1.35163
1.34072
1.35644
1.37808
1.37006
1.34229
1.3349
1.29715
1.27988
1.24636
1.20289
1.15347
1.12138
1.07929
1.03551
1.00434
0.946121
0.909559
0.887502
0.852806
0.788281
0.764858
0.670647
0.56336
0.474798
0.346703
0.194585
0.0952673
0.0415996
0.0126415
0.00322038
0.000713079
7.23077e-005
3.81774e-005
7.9703e-005
0.000141143
0.000202154
7.04735e-005
0.000264166
0.000861615
0.00108806
0.00040246
8.67951e-005
0.000316828
0.000638856
0.0013845
0.00294892
0.00508458
0.00909696
0.0142577
0.0138554
0.0177843
0.0338782
0.0599423
0.0887515
0.117309
0.124314
0.0983291
0.0426221
0.0440463
0.0524801
0.0891209
0.148059
0.183769
0.185695
0.161017
0.117131
0.117621
0.123456
0.146326
0.185504
0.203285
0.212575
0.217035
0.222605
0.225265
0.227325
0.230955
0.235117
0.237337
0.237966
0.233518
0.233102
0.22974
0.224131
0.230092
0.234321
0.227788
0.237042
0.230514
0.228186
0.233495
0.235748
0.235162
0.230158
0.223124
0.213565
0.204893
0.195456
0.181941
0.173617
0.165903
0.159795
0.15415
0.147908
0.139584
0.139111
0.134762
0.127226
0.116147
0.114148
0.101568
0.0885758
0.0783604
0.071662
0.0729019
0.0666525
0.0480269
0.0438576
0.0420124
0.0417774
0.0390651
0.0302264
0.0199123
0.021799
0.0235702
0.017626
0.0153109
0.013163
0.00601793
0.00899996
0.0086189
0.00655557
