SNR of Background 1
5.03454
8.9919
10.7129
12.2977
14.484
16.6426
18.6262
20.5013
19.4798
25.1529
27.2207
30.9011
34.3423
36.7748
39.0631
40.6959
41.9959
43.4141
44.8649
46.4731
47.0357
47.8461
49.9439
51.4568
51.4469
53.8215
55.0729
55.4359
57.5907
61.1112
63.6583
64.7202
66.4185
66.9091
67.6661
68.4029
68.6917
68.6586
68.1562
67.583
66.9039
66.4144
66.2648
64.7983
65.2181
65.3345
64.4652
63.2228
61.2775
59.4551
59.1655
58.1789
57.6989
57.4683
56.3634
55.1002
53.5497
52.5333
52.204
52.283
51.9288
51.6773
51.8836
53.85
55.2254
64.0213
72.1245
75.4779
78.8143
80.9187
81.9858
81.4067
82.9406
84.0917
85.8694
86.4773
87.0248
87.1529
86.9822
85.3689
72.6845
83.369
85.365
85.0797
84.2896
83.57
82.5473
81.8564
81.0653
80.4941
79.7136
77.0606
76.3972
76.6153
75.7807
76.2597
76.3666
75.8901
74.249
72.4037
73.3376
72.3682
70.8452
71.7536
70.975
69.9029
68.8377
67.4076
62.4357
59.9052
59.4372
56.6501
55.3089
56.2561
53.6191
40.9319
28.4754
49.511
48.0717
32.6591
51.8781
56.9498
55.3914
52.7844
47.8627
37.5918
23.9113
24.3535
25.0297
27.8262
28.0824
30.9134
33.5322
33.5913
35.9477
35.5052
37.4049
39.3089
39.2226
40.451
41.2984
39.4292
39.0884
38.5086
31.4862
21.1229
18.2745
21.5089
28.2123
27.0151
30.5278
38.6889
45.6589
49.6907
50.3793
51.2818
53.5235
55.5733
55.3547
57.171
60.1928
62.0505
63.2931
64.5091
65.2182
66.3393
66.343
65.0799
61.6672
61.9167
66.1233
67.6123
68.8067
69.0011
67.3474
64.6429
61.8815
58.5657
52.5162
46.1925
41.6756
21.9936
4.05554
0.249352
0.0319368
0.28313
0.50039
0.195858
0.365607
0.472729
0.77313
1.83965
3.65213
5.45513
7.53317
7.0949
8.83248
11.0824
14.7387
16.6185
14.3776
14.2037
17.2386
22.0214
30.2083
36.3773
38.646
42.9827
45.7331
48.1193
50.1293
52.0246
53.5065
55.485
56.9632
58.1938
58.762
58.666
60.823
63.0531
64.5288
65.0251
65.1827
66.8853
68.7242
70.1326
70.7271
70.6508
70.8394
71.2951
71.898
71.8426
71.3907
71.341
70.6406
70.3568
69.7074
68.7764
67.5943
66.8529
65.7841
64.5996
63.3549
61.5347
60.3712
59.4245
58.7604
56.3611
55.5997
51.8105
46.2261
41.3422
32.3204
19.3021
9.73872
4.35065
1.32759
0.337613
0.0745924
0.00762544
0.0040103
0.00826765
0.0146077
0.0206489
0.00709424
0.0265074
0.086138
0.107213
0.0394897
0.00851481
0.0314273
0.0634127
0.13751
0.295626
0.509875
0.912086
1.44328
1.40013
1.79241
3.36213
5.90806
8.66529
11.2285
11.8661
9.4367
4.13529
4.30182
5.15073
8.72406
14.3372
17.6977
17.9865
15.6788
11.5869
11.6538
12.2311
14.416
18.0406
19.6746
20.3386
20.7639
21.4098
21.7789
21.909
22.3639
22.8948
23.0067
23.2269
22.7483
22.6451
22.2798
21.7168
22.1735
22.2496
21.5888
22.3132
21.6809
21.1766
21.2874
20.9248
20.3147
19.3291
18.4451
17.1571
15.9409
14.971
13.7102
12.8473
12.0639
11.5637
10.9367
10.2982
9.52534
9.61882
9.44816
9.04883
8.38545
8.3495
7.54235
6.67774
5.99341
5.42153
5.44608
4.84603
3.45867
3.12384
2.95383
2.89787
2.67362
2.00734
1.30385
1.38038
1.46775
1.06055
0.888447
0.75017
0.330647
0.485473
0.446724
0.333319
SNR of Background Average
5.03454
8.9919
10.7129
12.2977
14.484
16.6426
18.6262
20.5013
19.4798
25.1529
27.2207
30.9011
34.3423
36.7748
39.0631
40.6959
41.9959
43.4141
44.8649
46.4731
47.0357
47.8461
49.9439
51.4568
51.4469
53.8215
55.0729
55.4359
57.5907
61.1112
63.6583
64.7202
66.4185
66.9091
67.6661
68.4029
68.6917
68.6586
68.1562
67.583
66.9039
66.4144
66.2648
64.7983
65.2181
65.3345
64.4652
63.2228
61.2775
59.4551
59.1655
58.1789
57.6989
57.4683
56.3634
55.1002
53.5497
52.5333
52.204
52.283
51.9288
51.6773
51.8836
53.85
55.2254
64.0213
72.1245
75.4779
78.8143
80.9187
81.9858
81.4067
82.9406
84.0917
85.8694
86.4773
87.0248
87.1529
86.9822
85.3689
72.6845
83.369
85.365
85.0797
84.2896
83.57
82.5473
81.8564
81.0653
80.4941
79.7136
77.0606
76.3972
76.6153
75.7807
76.2597
76.3666
75.8901
74.249
72.4037
73.3376
72.3682
70.8452
71.7536
70.975
69.9029
68.8377
67.4076
62.4357
59.9052
59.4372
56.6501
55.3089
56.2561
53.6191
40.9319
28.4754
49.511
48.0717
32.6591
51.8781
56.9498
55.3914
52.7844
47.8627
37.5918
23.9113
24.3535
25.0297
27.8262
28.0824
30.9134
33.5322
33.5913
35.9477
35.5052
37.4049
39.3089
39.2226
40.451
41.2984
39.4292
39.0884
38.5086
31.4862
21.1229
18.2745
21.5089
28.2123
27.0151
30.5278
38.6889
45.6589
49.6907
50.3793
51.2818
53.5235
55.5733
55.3547
57.171
60.1928
62.0505
63.2931
64.5091
65.2182
66.3393
66.343
65.0799
61.6672
61.9167
66.1233
67.6123
68.8067
69.0011
67.3474
64.6429
61.8815
58.5657
52.5162
46.1925
41.6756
21.9936
4.05554
0.249352
0.0319368
0.28313
0.50039
0.195858
0.365607
0.472729
0.77313
1.83965
3.65213
5.45513
7.53317
7.0949
8.83248
11.0824
14.7387
16.6185
14.3776
14.2037
17.2386
22.0214
30.2083
36.3773
38.646
42.9827
45.7331
48.1193
50.1293
52.0246
53.5065
55.485
56.9632
58.1938
58.762
58.666
60.823
63.0531
64.5288
65.0251
65.1827
66.8853
68.7242
70.1326
70.7271
70.6508
70.8394
71.2951
71.898
71.8426
71.3907
71.341
70.6406
70.3568
69.7074
68.7764
67.5943
66.8529
65.7841
64.5996
63.3549
61.5347
60.3712
59.4245
58.7604
56.3611
55.5997
51.8105
46.2261
41.3422
32.3204
19.3021
9.73872
4.35065
1.32759
0.337613
0.0745924
0.00762544
0.0040103
0.00826765
0.0146077
0.0206489
0.00709424
0.0265074
0.086138
0.107213
0.0394897
0.00851481
0.0314273
0.0634127
0.13751
0.295626
0.509875
0.912086
1.44328
1.40013
1.79241
3.36213
5.90806
8.66529
11.2285
11.8661
9.4367
4.13529
4.30182
5.15073
8.72406
14.3372
17.6977
17.9865
15.6788
11.5869
11.6538
12.2311
14.416
18.0406
19.6746
20.3386
20.7639
21.4098
21.7789
21.909
22.3639
22.8948
23.0067
23.2269
22.7483
22.6451
22.2798
21.7168
22.1735
22.2496
21.5888
22.3132
21.6809
21.1766
21.2874
20.9248
20.3147
19.3291
18.4451
17.1571
15.9409
14.971
13.7102
12.8473
12.0639
11.5637
10.9367
10.2982
9.52534
9.61882
9.44816
9.04883
8.38545
8.3495
7.54235
6.67774
5.99341
5.42153
5.44608
4.84603
3.45867
3.12384
2.95383
2.89787
2.67362
2.00734
1.30385
1.38038
1.46775
1.06055
0.888447
0.75017
0.330647
0.485473
0.446724
0.333319
SNR of Target
5.03454
8.9919
10.7129
12.2977
14.484
16.6426
18.6262
20.5013
19.4798
25.1529
27.2207
30.9011
34.3423
36.7748
39.0631
40.6959
41.9959
43.4141
44.8649
46.4731
47.0357
47.8461
49.9439
51.4568
51.4469
53.8215
55.0729
55.4359
57.5907
61.1112
63.6583
64.7202
66.4185
66.9091
67.6661
68.4029
68.6917
68.6586
68.1562
67.583
66.9039
66.4144
66.2648
64.7983
65.2181
65.3345
64.4652
63.2228
61.2775
59.4551
59.1655
58.1789
57.6989
57.4683
56.3634
55.1002
53.5497
52.5333
52.204
52.283
51.9288
51.6773
51.8836
53.85
55.2254
64.0213
72.1245
75.4779
78.8143
80.9187
81.9858
81.4067
82.9406
84.0917
85.8694
86.4773
87.0248
87.1529
86.9822
85.3689
72.6845
83.369
85.365
85.0797
84.2896
83.57
82.5473
81.8564
81.0653
80.4941
79.7136
77.0606
76.3972
76.6153
75.7807
76.2597
76.3666
75.8901
74.249
72.4037
73.3376
72.3682
70.8452
71.7536
70.975
69.9029
68.8377
67.4076
62.4357
59.9052
59.4372
56.6501
55.3089
56.2561
53.6191
40.9319
28.4754
49.511
48.0717
32.6591
51.8781
56.9498
55.3914
52.7844
47.8627
37.5918
23.9113
24.3535
25.0297
27.8262
28.0824
30.9134
33.5322
33.5913
35.9477
35.5052
37.4049
39.3089
39.2226
40.451
41.2984
39.4292
39.0884
38.5086
31.4862
21.1229
18.2745
21.5089
28.2123
27.0151
30.5278
38.6889
45.6589
49.6907
50.3793
51.2818
53.5235
55.5733
55.3547
57.171
60.1928
62.0505
63.2931
64.5091
65.2182
66.3393
66.343
65.0799
61.6672
61.9167
66.1233
67.6123
68.8067
69.0011
67.3474
64.6429
61.8815
58.5657
52.5162
46.1925
41.6756
21.9936
4.05554
0.249352
0.0319368
0.28313
0.50039
0.195858
0.365607
0.472729
0.77313
1.83965
3.65213
5.45513
7.53317
7.0949
8.83248
11.0824
14.7387
16.6185
14.3776
14.2037
17.2386
22.0214
30.2083
36.3773
38.646
42.9827
45.7331
48.1193
50.1293
52.0246
53.5065
55.485
56.9632
58.1938
58.762
58.666
60.823
63.0531
64.5288
65.0251
65.1827
66.8853
68.7242
70.1326
70.7271
70.6508
70.8394
71.2951
71.898
71.8426
71.3907
71.341
70.6406
70.3568
69.7074
68.7764
67.5943
66.8529
65.7841
64.5996
63.3549
61.5347
60.3712
59.4245
58.7604
56.3611
55.5997
51.8105
46.2261
41.3422
32.3204
19.3021
9.73872
4.35065
1.32759
0.337613
0.0745924
0.00762544
0.0040103
0.00826765
0.0146077
0.0206489
0.00709424
0.0265074
0.086138
0.107213
0.0394897
0.00851481
0.0314273
0.0634127
0.13751
0.295626
0.509875
0.912086
1.44328
1.40013
1.79241
3.36213
5.90806
8.66529
11.2285
11.8661
9.4367
4.13529
4.30182
5.15073
8.72406
14.3372
17.6977
17.9865
15.6788
11.5869
11.6538
12.2311
14.416
18.0406
19.6746
20.3386
20.7639
21.4098
21.7789
21.909
22.3639
22.8948
23.0067
23.2269
22.7483
22.6451
22.2798
21.7168
22.1735
22.2496
21.5888
22.3132
21.6809
21.1766
21.2874
20.9248
20.3147
19.3291
18.4451
17.1571
15.9409
14.971
13.7102
12.8473
12.0639
11.5637
10.9367
10.2982
9.52534
9.61882
9.44816
9.04883
8.38545
8.3495
7.54235
6.67774
5.99341
5.42153
5.44608
4.84603
3.45867
3.12384
2.95383
2.89787
2.67362
2.00734
1.30385
1.38038
1.46775
1.06055
0.888447
0.75017
0.330647
0.485473
0.446724
0.333319
