SNR of Background 1
45.7449
46.0129
46.0101
46.2532
46.869
47.6028
48.0756
48.1901
47.9481
47.6103
47.4808
47.3271
47.0497
46.8016
46.629
46.7066
47.2347
48.7973
49.25
49.5559
49.7401
49.695
49.7786
49.7864
49.7731
49.7105
49.7394
49.7901
49.7924
49.8006
49.8222
49.774
49.5958
49.5395
48.0863
48.4903
49.4786
49.7091
49.7669
49.7661
49.7773
49.7795
49.7533
49.7532
49.7152
49.4854
46.8395
41.8435
46.5261
49.006
49.4058
49.4501
49.4378
49.5427
49.5992
49.6174
49.5651
49.5099
49.5545
49.4328
49.0734
47.6099
6.90628e-005
0.00525888
0.0821255
0.622066
5.39329
12.4969
15.7043
35.864
44.6857
46.7406
47.6228
48.0202
48.2149
48.0605
48.2421
48.2936
48.4087
48.5072
48.4318
48.3926
48.3649
48.2349
48.1352
47.9962
47.7393
47.2637
46.6727
46.1695
44.4527
39.7098
26.984
6.95853
0.150981
11.1759
18.935
10.7132
28.9202
32.0143
30.7781
37.9435
39.5339
40.2701
40.8281
40.2896
40.0027
39.512
40.2584
39.5991
39.0433
37.1902
35.6862
32.5566
29.4104
25.6482
20.0947
17.2515
12.7357
11.3017
6.77912
7.61167
3.87778
1.65133
0.0817447
0.0258634
SNR of Background 2
46.0791
46.4083
46.5201
46.856
47.4213
48.0202
48.4028
48.5006
48.3693
48.193
48.1695
48.1546
48.0303
47.9064
47.7734
47.7933
48.0109
48.958
49.2267
49.4504
49.6565
49.5845
49.6872
49.6998
49.6841
49.5956
49.6283
49.6999
49.703
49.7171
49.7491
49.6887
49.4461
49.3817
47.3654
47.8242
49.2724
49.6055
49.686
49.6841
49.6979
49.7
49.6649
49.668
49.6242
49.3389
45.9155
39.4945
45.327
48.7103
49.2701
49.3392
49.3258
49.4498
49.5164
49.5407
49.4794
49.4138
49.475
49.3453
48.9581
47.3629
6.90628e-005
0.00525888
0.0821255
0.536249
5.21378
12.8342
16.3699
37.1523
45.5199
47.2814
48.0004
48.3138
48.4632
48.3181
48.4642
48.5017
48.5883
48.6686
48.6132
48.5964
48.5831
48.4749
48.3939
48.2901
48.097
47.7211
47.2362
46.8202
45.3811
41.158
28.7366
7.60949
0.150981
10.0015
18.434
7.97011
29.5153
33.5366
31.8768
38.992
40.6017
41.3422
41.9856
41.507
41.1615
40.468
40.8745
39.9527
39.0045
36.7407
34.9735
31.1307
26.7862
21.1064
11.7531
6.41036
1.71934
0.615589
0.41758
0.438534
0.270827
0.22943
0.0818038
0.0258638
SNR of Background 3
48.4287
48.574
48.6387
48.7134
48.7815
48.8357
48.9223
48.9436
48.9329
48.9097
48.951
48.9815
48.9514
48.9553
49.0089
49.0731
48.9081
48.9793
48.8587
48.9009
49.2309
48.9908
49.2437
49.2561
49.1914
48.9348
49.0357
49.2312
49.2375
49.2713
49.3558
49.1491
48.3871
48.238
42.3204
43.8885
48.0149
48.9331
49.1523
49.1339
49.1729
49.1719
49.0558
49.051
48.9037
47.9696
37.4377
26.7621
37.4146
46.4158
48.0227
48.2285
48.1986
48.545
48.7239
48.7803
48.5914
48.3889
48.5718
48.2162
47.2884
44.2342
7.37329e-005
0.0210244
0.69846
3.11104
12.5382
22.255
23.2935
40.6121
46.3548
47.5463
48.0377
48.2113
48.24
47.929
47.9919
47.9381
47.9672
48.0221
47.8856
47.8293
47.8099
47.6355
47.5025
47.339
47.0535
46.5129
45.8999
45.5119
43.8574
39.3545
28.1526
9.10968
5.8943
34.0382
40.8853
31.0352
43.6652
44.4328
43.0423
45.7984
46.1612
46.2879
46.3484
45.8671
45.4837
45.0066
45.3068
45.0712
45.0508
44.4802
44.0321
42.7805
41.6044
39.8601
36.9906
35.3383
29.9613
29.2927
21.2854
21.751
13.5255
10.079
1.82359
0.959483
SNR of Background Average
46.4248
46.7012
46.7702
47.009
47.4599
47.9781
48.3382
48.429
48.2789
48.0767
48.0368
47.9935
47.8438
47.7187
47.6373
47.7006
47.8735
48.8856
49.2131
49.4849
49.6887
49.6288
49.7268
49.7367
49.721
49.6433
49.6764
49.7392
49.742
49.753
49.7803
49.7228
49.5038
49.4395
47.6301
48.1019
49.3565
49.6454
49.7167
49.7152
49.7284
49.7307
49.6987
49.6996
49.6557
49.383
46.164
40.2044
45.7351
48.8053
49.3038
49.362
49.3483
49.4696
49.5347
49.5566
49.4962
49.432
49.4873
49.3528
48.9556
47.3442
6.97453e-005
0.00692195
0.156143
0.839065
6.07643
13.7408
16.8187
36.9927
45.247
47.0669
47.831
48.1667
48.325
48.1607
48.3176
48.3556
48.4528
48.5412
48.4711
48.4413
48.4207
48.2973
48.2036
48.0786
47.8482
47.4119
46.8644
46.4058
44.8117
40.3006
27.8225
7.43734
1.31112
14.2321
23.0955
12.5338
32.226
35.1551
33.4902
39.9125
41.2333
41.8277
42.2977
41.7469
41.3834
40.7848
41.3274
40.6501
40.0782
38.3369
36.9526
33.8966
30.6851
26.5489
19.9767
16.3313
11.086
9.86125
6.04843
6.54712
3.50471
1.97602
0.309927
0.119894
SNR of Target
48.6544
48.7976
48.8662
48.9322
48.9828
49.0126
49.0613
49.0473
49.0052
48.9586
48.977
48.9944
48.9615
48.968
49.0265
49.095
48.9377
49.0095
48.8954
48.9447
49.2735
49.0695
49.3148
49.3347
49.2876
49.0755
49.1693
49.34
49.3496
49.3823
49.4542
49.2945
48.6963
48.5879
43.9024
45.2197
48.4487
49.1623
49.3358
49.3243
49.354
49.3566
49.2731
49.2734
49.1677
48.4912
40.5072
30.9669
40.6003
47.4257
48.5685
48.7155
48.6929
48.9373
49.0643
49.106
48.9745
48.8346
48.9667
48.7206
48.0727
45.9386
7.67859e-005
0.0278823
0.919314
4.01102
15.799
26.8587
28.186
43.5252
47.539
48.3307
48.6564
48.7729
48.7946
48.5928
48.6374
48.6038
48.6229
48.6594
48.5726
48.5362
48.521
48.4053
48.3134
48.1998
48.009
47.6544
47.2529
47.0029
45.9043
42.726
33.2689
11.7703
7.60975
37.9836
43.5094
35.5655
45.6504
46.2315
45.3663
47.2496
47.5042
47.5713
47.5986
47.2902
47.0577
46.7563
46.9549
46.7588
46.6081
46.0833
45.7424
44.8768
44.0773
42.783
40.4447
39.0651
34.4202
33.7831
25.9002
26.4732
17.1994
13.2105
2.73986
1.01052
