SNR of Background 1
7.88951
13.626
15.8884
17.7395
20.272
22.6472
24.6917
26.6229
25.1944
31.7909
34.1107
38.133
41.7562
44.215
46.4367
47.983
49.2687
50.7156
52.1324
53.609
54.0202
54.7146
56.6597
57.9363
57.6706
59.687
60.4965
60.3957
62.0398
65.0161
67.1119
67.8897
69.3614
69.7236
70.3523
70.9793
71.2112
71.185
70.7617
70.321
69.7955
69.4151
69.307
67.9309
68.3626
68.4976
67.674
66.4945
64.6541
62.9365
62.6898
61.7425
61.269
61.0539
60.0174
58.8545
57.4046
56.4611
56.2063
56.3541
56.0461
55.7898
55.9338
57.5164
58.0331
65.8722
73.3024
76.3556
79.4408
81.3928
82.3659
81.7295
83.2003
84.303
86.0355
86.6173
87.1452
87.2629
87.0875
85.4802
72.8477
83.4814
85.4616
85.1743
84.3856
83.6673
82.6472
81.9573
81.1673
80.5963
79.817
77.1724
76.5082
76.7234
75.8893
76.3641
76.4685
75.9916
74.3534
72.5108
73.4407
72.4729
70.952
71.8564
71.0772
70.006
68.9423
67.5147
62.5525
60.0241
59.5553
56.7713
55.4303
56.3742
53.7386
41.0508
28.577
49.6364
48.1976
32.7819
52.0482
57.1187
55.561
52.9531
48.0262
37.7327
24.005
24.4409
25.1149
27.9168
28.1715
31.0069
33.6292
33.6866
36.0461
35.6019
37.5034
39.4092
39.3233
40.556
41.4081
39.5396
39.2006
38.6211
31.5875
21.2005
18.3455
21.5915
28.3162
27.1177
30.6418
38.8221
45.8001
49.8278
50.5064
51.4001
53.6352
55.6797
55.4568
57.2663
60.2828
62.1381
63.3818
64.5993
65.3101
66.4309
66.4348
65.1736
61.7653
62.0149
66.2158
67.7018
68.8958
69.0934
67.4466
64.7518
62.0021
58.7003
52.6653
46.3494
41.8337
22.1002
4.07938
0.251215
0.0321767
0.285262
0.505063
0.197916
0.369287
0.47874
0.782157
1.85948
3.68988
5.51467
7.62129
7.18106
8.94713
11.2303
14.9425
16.8455
14.5699
14.3921
17.4548
22.2709
30.5104
36.704
38.971
43.3096
46.053
48.4292
50.426
52.3071
53.7755
55.7423
57.2105
58.431
58.9855
58.8753
61.0218
63.2452
64.7136
65.2005
65.348
67.04
68.8708
70.273
70.862
70.7802
70.9631
71.4144
72.0139
71.9564
71.5032
71.4519
70.7522
70.4698
69.8226
68.8913
67.7055
66.9566
65.8788
64.685
63.4369
61.6266
60.4801
59.5474
58.8888
56.4903
55.7293
51.9472
46.3724
41.4924
32.4577
19.3978
9.79618
4.38166
1.33951
0.341848
0.0757104
0.00772362
0.00405419
0.00838882
0.0148373
0.0209548
0.00722315
0.0272772
0.0887082
0.110254
0.0404308
0.00866749
0.0321414
0.0648362
0.141282
0.303591
0.524754
0.941687
1.49195
1.44277
1.83928
3.44521
6.04477
8.84987
11.4458
12.0725
9.5823
4.18725
4.35199
5.21063
8.83103
14.514
17.9055
18.1895
15.8498
11.7071
11.7722
12.354
14.5608
18.2203
19.8662
20.5318
20.956
21.6034
21.9722
22.0987
22.5524
23.0832
23.1945
23.4139
22.9271
22.818
22.4464
21.8766
22.3334
22.4036
21.7364
22.4596
21.8204
21.3117
21.4216
21.0553
20.4416
19.4488
18.5586
17.2648
16.0426
15.0676
13.8005
12.9324
12.1409
11.6347
11.0008
10.3542
9.56937
9.65381
9.47856
9.07954
8.42896
8.4011
7.59209
6.72277
6.03185
5.45458
5.48379
4.88378
3.48931
3.15362
2.98142
2.92584
2.70152
2.03347
1.32425
1.40369
1.4936
1.08062
0.911009
0.771372
0.341773
0.509338
0.470143
0.352953
SNR of Background 2
63.6821
76.3152
79.2711
80.9893
82.9763
84.4593
85.4642
86.3669
85.3275
88.989
90.05
91.526
92.6184
93.2576
93.7545
94.0824
94.3931
94.7472
95.0485
95.299
95.342
95.4542
95.7638
95.9092
95.7725
95.9789
95.9136
95.6333
95.6289
95.8504
95.9411
95.8725
96.0085
95.9852
96.0201
96.077
96.104
96.146
96.1779
96.2643
96.346
96.4074
96.4594
96.2951
96.4304
96.506
96.4154
96.2718
96.0353
95.8239
95.8506
95.7367
95.6864
95.6945
95.5926
95.4979
95.3503
95.2739
95.3364
95.4662
95.4888
95.4736
95.4817
95.4508
94.5793
94.7966
95.2155
95.1874
95.1856
95.0779
94.7929
93.8944
93.9236
93.8573
94.1641
94.0274
93.953
93.7903
93.5544
92.5618
84.6665
91.1077
92.1575
91.8946
91.3603
90.8718
90.1954
89.7166
89.1661
88.7533
88.1969
86.3818
85.8731
85.9598
85.3279
85.5906
85.612
85.2504
84.0673
82.6998
83.3175
82.6313
81.5082
82.0925
81.4328
80.6085
79.8276
78.7771
74.904
72.8692
72.5155
70.1964
69.0731
69.9287
67.6497
55.5992
41.9407
64.2642
63.121
49.4687
72.2775
76.5518
75.5202
73.6197
69.4846
58.6652
40.0043
39.6081
40.0288
43.6603
43.812
47.2799
50.3687
50.3153
53.0565
52.5007
54.6251
56.7515
56.8555
58.6523
60.1329
58.5878
58.4431
57.8203
49.4736
35.384
31.4469
36.9015
47.067
45.9897
51.4068
61.6404
68.766
71.908
71.5669
71.3869
72.6298
73.9176
73.2484
74.1585
76.2091
77.6779
78.9464
80.2283
81.0447
81.9779
82.0667
81.2913
79.0225
79.3102
82.2125
83.1988
84.1197
84.5576
83.9428
82.7745
81.8226
80.7956
77.8896
74.2338
71.1164
46.9217
10.12
0.59804
0.0367222
0.648541
1.62512
0.697258
1.25368
2.28103
3.7317
8.99742
18.1909
27.7931
38.1005
37.4757
45.9658
54.794
65.0485
68.9006
63.9037
63.3097
68.5124
73.9683
81.0428
84.7091
85.5111
87.296
88.1168
88.6899
89.0318
89.294
89.4195
89.8099
90.0663
90.2132
89.9766
89.4187
89.9027
90.5906
90.9478
90.8061
90.4453
90.7638
91.2798
91.6682
91.6992
91.4223
91.2526
91.278
91.4163
91.2989
91.024
90.9301
90.6595
90.6328
90.4648
90.0204
89.1812
88.2531
86.8768
85.1854
83.9624
83.8819
84.9317
85.7231
85.8641
84.5427
84.2646
82.821
80.4805
78.1274
70.9371
53.6313
34.683
19.4516
7.63907
2.73822
0.740101
0.0696211
0.0343019
0.0907167
0.178155
0.242895
0.0997578
0.59283
1.92617
2.20637
0.73373
0.1315
0.582387
1.23216
3.21284
7.03779
12.5327
22.2654
31.9724
28.9284
31.4513
46.5423
61.6736
70.7581
75.6069
74.6891
64.9674
35.2428
35.0666
39.8456
56.7855
72.3042
77.4983
77.1998
72.5547
61.876
61.5639
62.872
68.1116
74.8217
76.9548
77.4332
77.4522
77.9095
78.1299
77.8971
77.9948
78.2265
78.2186
78.2464
77.2408
76.5759
75.6311
74.4374
74.6021
73.9951
72.596
72.9706
71.5534
70.4462
70.4062
69.6953
68.5188
66.5737
65.013
62.7738
60.5028
58.653
56.0835
53.94
50.7358
48.2444
45.173
41.3921
35.3952
31.162
28.7124
28.4541
33.9501
37.9851
36.3334
33.2429
29.4495
25.938
28.5537
28.0269
22.7684
22.3065
20.7852
21.0713
20.9243
19.3691
15.7297
17.3162
18.7062
14.9485
15.9772
15.0896
9.21315
16.669
16.4931
14.6544
SNR of Background Average
28.28
42.0458
46.327
49.1544
52.6789
55.555
57.6767
59.6376
57.6408
65.4098
67.9069
71.6415
74.6059
76.433
77.9173
78.9193
79.8501
80.9155
81.8539
82.6747
82.8429
83.2208
84.2491
84.7769
84.4034
85.1693
85.1019
84.4038
84.6162
85.5482
86.0618
86.0331
86.5639
86.5775
86.7584
86.9858
87.0856
87.1751
87.1809
87.308
87.4196
87.5119
87.6237
87.0659
87.4468
87.6455
87.3261
86.8366
86.0413
85.3219
85.3586
84.973
84.7977
84.7915
84.4214
84.055
83.5267
83.229
83.3544
83.6972
83.7231
83.6601
83.7004
83.8084
81.8943
83.6509
85.9148
86.6086
87.4676
87.9566
87.9922
86.8797
87.5358
87.9876
89.0439
89.2484
89.4821
89.4522
89.2234
87.7802
76.4568
85.8798
87.5625
87.2638
86.5367
85.8744
84.9428
84.3031
83.5704
83.0342
82.3065
79.8739
79.2392
79.4109
78.6189
79.028
79.1025
78.65
77.1206
75.3868
76.2328
75.3354
73.908
74.7241
73.9601
72.943
71.9479
70.6118
65.8904
63.4643
63.0228
60.3267
59.0262
59.9619
57.3827
44.6645
31.7156
53.4379
52.0664
36.762
57.4595
62.529
61.0769
58.5762
53.6624
42.7926
27.4967
27.7366
28.3562
31.3879
31.62
34.6473
37.4263
37.456
39.9536
39.4724
41.4667
43.4696
43.4354
44.8557
45.9136
44.0937
43.805
43.2002
35.6652
24.2504
21.1286
24.9102
32.573
31.389
35.4909
44.5277
51.8793
55.8114
56.1438
56.6901
58.677
60.5479
60.1522
61.7225
64.5303
66.3339
67.6543
68.9712
69.7728
70.8958
70.9371
69.7897
66.616
66.8991
70.8607
72.2471
73.4213
73.7503
72.4328
70.1956
68.0231
65.4663
60.261
54.4993
50.1528
27.8841
5.30437
0.320607
0.0330854
0.357954
0.729467
0.297854
0.546402
0.840239
1.3751
3.30871
6.70699
10.3206
14.5513
14.0475
17.8193
22.4688
29.4042
32.6733
28.6034
28.2028
32.8657
39.1845
49.3392
56.0931
58.0689
62.133
64.36
66.1169
67.4188
68.5669
69.3662
70.69
71.6331
72.3378
72.3211
71.6816
73.1678
74.8914
75.925
75.9984
75.7086
76.8018
78.1444
79.1633
79.4635
79.1668
79.0997
79.3376
79.7461
79.6165
79.1618
79.0576
78.4876
78.3264
77.8677
77.0378
75.7687
74.6847
73.1578
71.439
70.0131
68.8963
68.8736
68.8891
68.6329
66.3827
65.769
62.6642
57.919
53.5543
43.9443
27.9576
15.3175
7.52805
2.61559
0.823078
0.208724
0.0201041
0.010104
0.0248567
0.047508
0.0653566
0.0257318
0.14048
0.457293
0.530918
0.179233
0.0332373
0.142281
0.298735
0.758831
1.66795
2.99091
5.46374
8.24216
7.43839
8.37671
13.8993
21.6395
28.524
33.6393
33.323
25.7051
11.1646
11.2453
13.2045
21.5079
33.2037
39.0988
39.0265
34.2191
25.6917
25.597
26.5957
30.7287
37.2521
39.8399
40.6139
40.8818
41.6297
42.0254
41.9133
42.2597
42.7576
42.8159
42.9674
41.8936
41.3298
40.4235
39.2545
39.6483
39.2923
37.9905
38.679
37.4205
36.4585
36.5072
35.8758
34.844
33.1961
31.8462
29.9419
28.1206
26.6838
24.792
23.3842
21.7031
20.522
19.1065
17.5264
15.3227
14.3335
13.6134
13.2429
14.0807
15.1113
14.0553
12.591
11.1183
9.83539
10.4776
9.88576
7.57069
7.20272
6.72434
6.74493
6.53598
5.66399
4.30751
4.71533
5.09218
3.94617
4.03474
3.73229
2.14804
3.86869
3.79938
3.30811
SNR of Target
63.6821
76.3152
79.2711
80.9893
82.9763
84.4593
85.4642
86.3669
85.3275
88.989
90.05
91.526
92.6184
93.2576
93.7545
94.0824
94.3931
94.7472
95.0485
95.299
95.342
95.4542
95.7638
95.9092
95.7725
95.9789
95.9136
95.6333
95.6289
95.8504
95.9411
95.8725
96.0085
95.9852
96.0201
96.077
96.104
96.146
96.1779
96.2643
96.346
96.4074
96.4594
96.2951
96.4304
96.506
96.4154
96.2718
96.0353
95.8239
95.8506
95.7367
95.6864
95.6945
95.5926
95.4979
95.3503
95.2739
95.3364
95.4662
95.4888
95.4736
95.4817
95.4508
94.5793
94.7966
95.2155
95.1874
95.1856
95.0779
94.7929
93.8944
93.9236
93.8573
94.1641
94.0274
93.953
93.7903
93.5544
92.5618
84.6665
91.1077
92.1575
91.8946
91.3603
90.8718
90.1954
89.7166
89.1661
88.7533
88.1969
86.3818
85.8731
85.9598
85.3279
85.5906
85.612
85.2504
84.0673
82.6998
83.3175
82.6313
81.5082
82.0925
81.4328
80.6085
79.8276
78.7771
74.904
72.8692
72.5155
70.1964
69.0731
69.9287
67.6497
55.5992
41.9407
64.2642
63.121
49.4687
72.2775
76.5518
75.5202
73.6197
69.4846
58.6652
40.0043
39.6081
40.0288
43.6603
43.812
47.2799
50.3687
50.3153
53.0565
52.5007
54.6251
56.7515
56.8555
58.6523
60.1329
58.5878
58.4431
57.8203
49.4736
35.384
31.4469
36.9015
47.067
45.9897
51.4068
61.6404
68.766
71.908
71.5669
71.3869
72.6298
73.9176
73.2484
74.1585
76.2091
77.6779
78.9464
80.2283
81.0447
81.9779
82.0667
81.2913
79.0225
79.3102
82.2125
83.1988
84.1197
84.5576
83.9428
82.7745
81.8226
80.7956
77.8896
74.2338
71.1164
46.9217
10.12
0.59804
0.0367222
0.648541
1.62512
0.697258
1.25368
2.28103
3.7317
8.99742
18.1909
27.7931
38.1005
37.4757
45.9658
54.794
65.0485
68.9006
63.9037
63.3097
68.5124
73.9683
81.0428
84.7091
85.5111
87.296
88.1168
88.6899
89.0318
89.294
89.4195
89.8099
90.0663
90.2132
89.9766
89.4187
89.9027
90.5906
90.9478
90.8061
90.4453
90.7638
91.2798
91.6682
91.6992
91.4223
91.2526
91.278
91.4163
91.2989
91.024
90.9301
90.6595
90.6328
90.4648
90.0204
89.1812
88.2531
86.8768
85.1854
83.9624
83.8819
84.9317
85.7231
85.8641
84.5427
84.2646
82.821
80.4805
78.1274
70.9371
53.6313
34.683
19.4516
7.63907
2.73822
0.740101
0.0696211
0.0343019
0.0907167
0.178155
0.242895
0.0997578
0.59283
1.92617
2.20637
0.73373
0.1315
0.582387
1.23216
3.21284
7.03779
12.5327
22.2654
31.9724
28.9284
31.4513
46.5423
61.6736
70.7581
75.6069
74.6891
64.9674
35.2428
35.0666
39.8456
56.7855
72.3042
77.4983
77.1998
72.5547
61.876
61.5639
62.872
68.1116
74.8217
76.9548
77.4332
77.4522
77.9095
78.1299
77.8971
77.9948
78.2265
78.2186
78.2464
77.2408
76.5759
75.6311
74.4374
74.6021
73.9951
72.596
72.9706
71.5534
70.4462
70.4062
69.6953
68.5188
66.5737
65.013
62.7738
60.5028
58.653
56.0835
53.94
50.7358
48.2444
45.173
41.3921
35.3952
31.162
28.7124
28.4541
33.9501
37.9851
36.3334
33.2429
29.4495
25.938
28.5537
28.0269
22.7684
22.3065
20.7852
21.0713
20.9243
19.3691
15.7297
17.3162
18.7062
14.9485
15.9772
15.0896
9.21315
16.669
16.4931
14.6544
