L of Background 1
0.510582
0.794091
0.867167
0.911249
1.0094
1.05745
1.06031
1.06015
0.896257
1.13137
1.15252
1.26977
1.35563
1.40044
1.45457
1.45955
1.46114
1.4579
1.47776
1.48925
1.44064
1.41114
1.46251
1.47675
1.45893
1.57183
1.67311
1.66949
1.80915
2.04393
2.2533
2.331
2.47097
2.49249
2.56475
2.61487
2.59408
2.55087
2.44079
2.312
2.22428
2.14386
2.09254
1.83375
1.84559
1.86878
1.88059
1.85333
1.75776
1.7142
1.70197
1.63438
1.61363
1.61235
1.57548
1.49091
1.39187
1.33806
1.34219
1.35442
1.32722
1.30664
1.30547
1.39514
1.44796
1.96468
2.76886
3.25327
4.04932
4.79657
4.93816
4.23315
4.91169
5.34864
7.06522
8.03944
8.90416
9.3867
9.56473
8.62636
4.1524
7.95637
9.76214
9.95749
9.94836
9.66969
9.19311
9.2205
9.1292
9.30807
8.68743
6.5974
7.04918
7.3122
7.4792
8.08362
8.81522
9.03018
8.81361
8.26209
8.97067
8.82848
8.46204
8.79792
8.7468
8.57329
8.39828
7.81317
5.57535
5.20913
5.41724
4.83342
4.58321
5.67163
4.94126
2.10443
0.846607
1.61132
1.65739
2.01813
2.8045
4.16207
4.34177
4.91534
5.83066
6.31637
6.53908
6.58571
6.71402
6.66586
6.64666
6.62655
6.5697
6.5047
6.423
6.28246
6.1363
5.97806
5.83581
5.48909
5.13686
4.60435
3.82724
3.15626
1.84453
0.666462
0.429956
0.556899
0.94636
0.787089
0.994673
1.67354
2.3904
2.90174
3.1833
3.1273
3.26755
3.45105
3.28253
3.44193
3.53388
3.80181
3.91653
4.06829
4.12716
4.07297
3.9618
3.7098
3.26025
3.1836
3.50122
3.54821
3.49126
3.18684
2.82457
2.41737
2.06389
1.70124
1.20954
0.802155
0.569594
0.129403
0.00600973
4.12201e-005
1.42605e-007
5.73091e-006
1.02598e-005
1.74237e-006
3.37067e-006
8.39957e-006
3.07797e-005
0.000499444
0.00283107
0.008373
0.0198247
0.020958
0.0316243
0.05325
0.097217
0.127521
0.0910691
0.0895504
0.121021
0.194375
0.359271
0.53063
0.613165
0.728589
0.802709
0.908988
0.975401
1.04281
1.09043
1.12865
1.14834
1.16661
1.15166
1.11903
1.16992
1.21179
1.2309
1.2193
1.21149
1.25764
1.31335
1.3446
1.35061
1.32664
1.31583
1.32706
1.3451
1.33399
1.30632
1.29579
1.25863
1.23121
1.18134
1.13509
1.07578
1.03695
0.985895
0.931292
0.906866
0.831687
0.781437
0.753881
0.713095
0.614232
0.541637
0.435349
0.318726
0.222546
0.118654
0.0459926
0.00947307
0.00197204
0.000184725
9.087e-006
3.42955e-007
1.14327e-008
2.14897e-009
6.61798e-009
2.19869e-008
7.24739e-008
3.66233e-007
2.54615e-007
5.25092e-007
7.35e-007
2.17407e-007
1.73282e-008
9.66397e-008
4.0777e-007
4.84953e-006
2.95541e-005
0.00013876
0.00068569
0.00219305
0.00288743
0.00557192
0.0167809
0.0351722
0.0572189
0.0838409
0.0889022
0.0687001
0.0332224
0.037442
0.0424629
0.0713419
0.12348
0.161773
0.168978
0.148633
0.108699
0.109307
0.114409
0.133662
0.170457
0.189803
0.201154
0.200747
0.20794
0.214169
0.215202
0.219628
0.225471
0.230572
0.233616
0.221403
0.21849
0.216023
0.208832
0.215592
0.219693
0.202326
0.218852
0.21339
0.20933
0.215974
0.224206
0.226392
0.226413
0.218486
0.209133
0.201337
0.192624
0.179454
0.171511
0.164092
0.158084
0.152399
0.145838
0.136029
0.133685
0.127341
0.117764
0.105065
0.103707
0.0890996
0.0746096
0.0651213
0.0584503
0.0599478
0.054047
0.0355501
0.0289845
0.0283676
0.0291146
0.026911
0.0182607
0.00964834
0.0119895
0.0141441
0.0093461
0.0086433
0.00734034
0.00186694
0.00424256
0.00393551
0.00227825
L of Background 2
0.908326
1.38579
1.47638
1.48308
1.56446
1.56053
1.48728
1.42766
1.18219
1.48826
1.51871
1.66564
1.76369
1.80569
1.84895
1.83608
1.84009
1.85012
1.88026
1.87845
1.79723
1.74979
1.79765
1.78081
1.71227
1.78102
1.79388
1.66958
1.68097
1.76093
1.80943
1.77606
1.82255
1.79847
1.81431
1.82308
1.8004
1.79121
1.76288
1.74553
1.76078
1.75849
1.75198
1.56353
1.6035
1.65064
1.68234
1.68083
1.6239
1.6171
1.63461
1.59084
1.58465
1.6026
1.59879
1.55634
1.494
1.46929
1.51315
1.5662
1.5651
1.55351
1.54782
1.53687
1.29735
1.3284
1.45354
1.46687
1.55535
1.62211
1.50853
1.16867
1.25625
1.26908
1.56519
1.68055
1.77671
1.81816
1.81833
1.6173
0.762905
1.44701
1.75133
1.76725
1.75246
1.6942
1.60339
1.60102
1.57839
1.60165
1.49034
1.12881
1.19829
1.23852
1.26281
1.35731
1.47204
1.50227
1.46223
1.3662
1.47959
1.45542
1.39305
1.44267
1.42931
1.40032
1.37266
1.27856
0.913721
0.854981
0.891674
0.793677
0.754197
0.938796
0.820719
0.346302
0.137651
0.265405
0.274398
0.336823
0.472774
0.706747
0.745351
0.861097
1.03169
1.10926
1.12026
1.09878
1.10679
1.09585
1.08827
1.08104
1.06819
1.05523
1.04239
1.01926
0.993956
0.968353
0.950255
0.904651
0.860031
0.781885
0.655736
0.541564
0.315238
0.11385
0.0743453
0.0976435
0.169348
0.14253
0.183866
0.31489
0.453772
0.546171
0.584945
0.560931
0.57811
0.608868
0.578672
0.606284
0.621066
0.666262
0.685123
0.712464
0.725092
0.717496
0.699218
0.656019
0.578491
0.565922
0.622468
0.632375
0.629225
0.585331
0.530273
0.464515
0.410305
0.354536
0.264874
0.183978
0.134635
0.0312742
0.0015043
1.12631e-005
5.60494e-008
1.83017e-006
3.47002e-006
1.30334e-006
3.02268e-006
4.53154e-006
1.60016e-005
0.000256767
0.00148618
0.00457933
0.0112857
0.0124409
0.0196848
0.0337482
0.0618459
0.0810297
0.0577313
0.056186
0.072581
0.107609
0.185645
0.264027
0.297251
0.343976
0.36913
0.406315
0.422382
0.4369
0.442953
0.446448
0.444457
0.441844
0.422258
0.395306
0.403462
0.414607
0.416334
0.402233
0.387236
0.392941
0.406143
0.41325
0.409791
0.394196
0.38346
0.382859
0.386371
0.381226
0.371199
0.367334
0.357952
0.352295
0.340723
0.330168
0.316313
0.308833
0.296775
0.282629
0.277244
0.257433
0.24741
0.246302
0.239753
0.210021
0.187142
0.152325
0.115001
0.0836248
0.0473513
0.0194688
0.00446899
0.00105463
0.000122602
7.91822e-006
4.8826e-007
7.45135e-009
1.82789e-009
1.23112e-008
4.86737e-008
1.07702e-007
3.68254e-007
2.28049e-007
3.19899e-007
7.83016e-007
2.7869e-007
2.45164e-008
1.34524e-007
7.81297e-007
1.8196e-005
0.000115751
0.000490177
0.00211408
0.00616581
0.00742208
0.0121566
0.0329533
0.0633471
0.0943251
0.126256
0.123733
0.0889564
0.0395921
0.0421138
0.0465111
0.0765762
0.129852
0.166833
0.171323
0.147703
0.104841
0.103563
0.106656
0.124003
0.15803
0.173692
0.179523
0.176423
0.182189
0.185439
0.181371
0.181743
0.18414
0.186181
0.188164
0.17606
0.169601
0.165309
0.158553
0.161372
0.163226
0.144402
0.152231
0.147213
0.144469
0.148718
0.152121
0.15221
0.155215
0.152841
0.148246
0.144619
0.139679
0.128806
0.122386
0.116741
0.114781
0.114773
0.114825
0.10214
0.0969542
0.0908515
0.0845064
0.0815158
0.0894496
0.0819859
0.073187
0.0676675
0.0590624
0.0656583
0.0640772
0.0477786
0.0492311
0.0488321
0.0527242
0.051534
0.04033
0.029515
0.0395073
0.0477244
0.0352213
0.0436323
0.0404887
0.011542
0.0282971
0.0266386
0.0162247
L of Background Average
0.589945
0.912166
0.98875
1.02539
1.12021
1.15791
1.14558
1.13356
0.95338
1.20267
1.22568
1.34886
1.43716
1.48141
1.53337
1.5348
1.53687
1.53628
1.5582
1.56702
1.51191
1.47882
1.52949
1.53752
1.50957
1.61364
1.69725
1.66952
1.78351
1.9873
2.16445
2.21989
2.34113
2.35352
2.41446
2.45629
2.43512
2.39873
2.30504
2.1986
2.13151
2.06674
2.02439
1.77968
1.79715
1.82514
1.84092
1.81881
1.73098
1.69477
1.6885
1.62567
1.60784
1.6104
1.58014
1.504
1.41229
1.3643
1.37637
1.39676
1.37478
1.356
1.35393
1.42348
1.41782
1.83729
2.50527
2.89502
3.54866
4.15866
4.24871
3.61749
4.17682
4.52791
5.95636
6.75572
7.46373
7.8564
7.99813
7.20922
3.47055
6.64162
8.14138
8.3001
8.28984
8.05625
7.65842
7.6797
7.60251
7.7495
7.23292
5.49554
5.86896
6.08686
6.22484
6.72517
7.33078
7.50788
7.32694
6.8676
7.45575
7.33756
7.03274
7.31081
7.26734
7.12325
6.97838
6.49354
4.63702
4.33283
4.50627
4.02087
3.81321
4.71825
4.11197
1.7519
0.704701
1.34172
1.38039
1.68123
2.33672
3.46743
3.61866
4.09947
4.86366
5.26646
5.44613
5.47877
5.58268
5.54204
5.52524
5.50769
5.45972
5.4053
5.33757
5.22086
5.0992
4.96784
4.8509
4.56531
4.27549
3.835
3.18964
2.63114
1.53784
0.555829
0.358791
0.464957
0.790754
0.658067
0.832344
1.40128
2.00189
2.42884
2.66142
2.61183
2.72725
2.87995
2.73934
2.87213
2.94849
3.1714
3.26671
3.3933
3.44279
3.39799
3.3056
3.09576
2.72129
2.6576
2.92252
2.96197
2.916
2.66423
2.36394
2.02551
1.73223
1.43129
1.02031
0.678417
0.482537
0.10977
0.00510845
3.52281e-005
1.25293e-007
4.95072e-006
8.9018e-006
1.65456e-006
3.30108e-006
7.62609e-006
2.78241e-005
0.000450907
0.00256207
0.0076142
0.0181168
0.0192546
0.0292364
0.0493492
0.0901415
0.11822
0.0843997
0.0828773
0.111332
0.177019
0.324538
0.477293
0.549947
0.651609
0.715935
0.808361
0.86467
0.921478
0.960772
0.992038
1.00737
1.02147
1.00557
0.974076
1.01639
1.0521
1.06771
1.05563
1.04637
1.0844
1.13159
1.15799
1.1621
1.1398
1.12902
1.13788
1.15301
1.14308
1.11896
1.10977
1.07817
1.05512
1.01295
0.973867
0.923669
0.89112
0.847877
0.801386
0.780776
0.716691
0.674502
0.652252
0.618326
0.533322
0.470688
0.378711
0.277964
0.194756
0.104392
0.0406875
0.00847223
0.00178855
0.0001723
8.85328e-006
3.7202e-007
1.23319e-008
2.37534e-009
7.75662e-009
2.73242e-008
7.95195e-008
3.66637e-007
2.49302e-007
5.09733e-007
7.44595e-007
2.29663e-007
1.87659e-008
1.04217e-007
4.82477e-007
7.51882e-006
4.67933e-005
0.000209039
0.000971364
0.00298758
0.00379435
0.00688875
0.0200152
0.0408069
0.0646402
0.0923246
0.095868
0.0727508
0.0344976
0.0383778
0.0432741
0.0723899
0.124754
0.162784
0.169447
0.148448
0.107927
0.108159
0.112859
0.13173
0.16797
0.186579
0.196827
0.195881
0.20279
0.208424
0.208433
0.21205
0.2172
0.221694
0.224529
0.212335
0.208713
0.205882
0.198775
0.204747
0.208403
0.19074
0.205519
0.20015
0.196356
0.202523
0.209793
0.211565
0.212184
0.20536
0.196958
0.189995
0.182033
0.169323
0.161684
0.15462
0.149423
0.144874
0.139636
0.129251
0.126338
0.120042
0.111111
0.100354
0.100855
0.0876762
0.0743245
0.0656306
0.058573
0.0610902
0.0560534
0.0379961
0.0330335
0.0324608
0.0338359
0.0318346
0.0226736
0.0136213
0.0174923
0.0208591
0.0145206
0.0156403
0.0139692
0.00380198
0.00905321
0.00847587
0.00506741
L of Target
0.908326
1.38579
1.47638
1.48308
1.56446
1.56053
1.48728
1.42766
1.18219
1.48826
1.51871
1.66564
1.76369
1.80569
1.84895
1.83608
1.84009
1.85012
1.88026
1.87845
1.79723
1.74979
1.79765
1.78081
1.71227
1.78102
1.79388
1.66958
1.68097
1.76093
1.80943
1.77606
1.82255
1.79847
1.81431
1.82308
1.8004
1.79121
1.76288
1.74553
1.76078
1.75849
1.75198
1.56353
1.6035
1.65064
1.68234
1.68083
1.6239
1.6171
1.63461
1.59084
1.58465
1.6026
1.59879
1.55634
1.494
1.46929
1.51315
1.5662
1.5651
1.55351
1.54782
1.53687
1.29735
1.3284
1.45354
1.46687
1.55535
1.62211
1.50853
1.16867
1.25625
1.26908
1.56519
1.68055
1.77671
1.81816
1.81833
1.6173
0.762905
1.44701
1.75133
1.76725
1.75246
1.6942
1.60339
1.60102
1.57839
1.60165
1.49034
1.12881
1.19829
1.23852
1.26281
1.35731
1.47204
1.50227
1.46223
1.3662
1.47959
1.45542
1.39305
1.44267
1.42931
1.40032
1.37266
1.27856
0.913721
0.854981
0.891674
0.793677
0.754197
0.938796
0.820719
0.346302
0.137651
0.265405
0.274398
0.336823
0.472774
0.706747
0.745351
0.861097
1.03169
1.10926
1.12026
1.09878
1.10679
1.09585
1.08827
1.08104
1.06819
1.05523
1.04239
1.01926
0.993956
0.968353
0.950255
0.904651
0.860031
0.781885
0.655736
0.541564
0.315238
0.11385
0.0743453
0.0976435
0.169348
0.14253
0.183866
0.31489
0.453772
0.546171
0.584945
0.560931
0.57811
0.608868
0.578672
0.606284
0.621066
0.666262
0.685123
0.712464
0.725092
0.717496
0.699218
0.656019
0.578491
0.565922
0.622468
0.632375
0.629225
0.585331
0.530273
0.464515
0.410305
0.354536
0.264874
0.183978
0.134635
0.0312742
0.0015043
1.12631e-005
5.60494e-008
1.83017e-006
3.47002e-006
1.30334e-006
3.02268e-006
4.53154e-006
1.60016e-005
0.000256767
0.00148618
0.00457933
0.0112857
0.0124409
0.0196848
0.0337482
0.0618459
0.0810297
0.0577313
0.056186
0.072581
0.107609
0.185645
0.264027
0.297251
0.343976
0.36913
0.406315
0.422382
0.4369
0.442953
0.446448
0.444457
0.441844
0.422258
0.395306
0.403462
0.414607
0.416334
0.402233
0.387236
0.392941
0.406143
0.41325
0.409791
0.394196
0.38346
0.382859
0.386371
0.381226
0.371199
0.367334
0.357952
0.352295
0.340723
0.330168
0.316313
0.308833
0.296775
0.282629
0.277244
0.257433
0.24741
0.246302
0.239753
0.210021
0.187142
0.152325
0.115001
0.0836248
0.0473513
0.0194688
0.00446899
0.00105463
0.000122602
7.91822e-006
4.8826e-007
1.59282e-008
3.28085e-009
1.23112e-008
4.86737e-008
1.07702e-007
3.68254e-007
2.28049e-007
4.48311e-007
7.83016e-007
2.7869e-007
2.45164e-008
1.34524e-007
7.81297e-007
1.8196e-005
0.000115751
0.000490177
0.00211408
0.00616581
0.00742208
0.0121566
0.0329533
0.0633471
0.0943251
0.126256
0.123733
0.0889564
0.0395921
0.0421138
0.0465111
0.0765762
0.129852
0.166833
0.171323
0.147703
0.104841
0.103563
0.106656
0.124003
0.15803
0.173692
0.179523
0.176423
0.182189
0.185439
0.181371
0.181743
0.18414
0.186181
0.188164
0.17606
0.169601
0.165309
0.158553
0.161372
0.163226
0.144402
0.152231
0.147213
0.144469
0.148718
0.152121
0.15221
0.155215
0.152841
0.148246
0.144619
0.139679
0.128806
0.122386
0.116741
0.114781
0.114773
0.114825
0.10214
0.0969542
0.0908515
0.0845064
0.0815158
0.0894496
0.0819859
0.073187
0.0676675
0.0590624
0.0656583
0.0640772
0.0477786
0.0492311
0.0488321
0.0527242
0.051534
0.04033
0.029515
0.0395073
0.0477244
0.0352213
0.0436323
0.0404887
0.011542
0.0282971
0.0266386
0.0162247
