SNR of Background 1
5.55292
9.84947
11.6711
13.2843
15.5041
17.6658
19.616
21.4655
20.363
26.2065
28.3388
32.0708
35.5726
38.0221
40.2941
41.9127
43.2273
44.6717
46.1496
47.7455
48.2693
49.0555
51.135
52.5894
52.4003
54.618
55.8324
56.0619
58.0476
61.4042
63.8369
64.8248
66.4559
66.8453
67.6079
68.3918
68.6929
68.6889
68.2008
67.5471
66.9945
66.6456
66.4629
63.9464
64.4529
65.2024
64.8176
63.6392
61.7097
59.9106
59.637
58.5417
58.0297
57.8477
56.7996
55.2203
53.2053
52.4635
52.5152
52.9005
52.6132
52.3695
52.5504
54.3339
55.1611
62.6941
70.4107
73.7139
77.5552
80.0121
80.3454
77.4815
79.503
80.643
84.2277
85.4902
86.5104
86.7475
86.5814
84.9029
72.006
82.6022
84.8945
84.6395
83.8281
82.8299
81.4271
80.7504
79.8171
79.5164
77.9662
72.6213
73.0377
73.3427
72.8081
73.8728
75.0608
75.0425
73.4539
71.6048
72.6653
71.727
70.1911
71.1119
70.2928
69.1236
67.8781
65.4068
56.4293
53.6754
53.5061
49.4441
46.8237
50.7585
45.8416
25.2834
11.2786
30.5787
29.4856
18.7873
35.5519
47.1081
46.5106
45.917
44.4101
36.0439
23.0495
23.4724
24.1969
27.0078
27.2499
30.1457
32.7949
32.8731
35.2097
34.7822
36.6237
38.2671
37.7525
38.2362
38.3914
35.3637
32.0556
28.7184
18.6982
7.42874
5.09876
7.23462
12.7091
11.1299
14.4561
24.2684
34.0398
40.8112
43.7142
44.2299
46.6929
49.5233
49.0518
51.8357
54.8955
58.4776
60.5448
62.836
64.2984
65.6075
65.6364
64.3766
61.0319
61.1345
65.0733
66.3264
66.5792
65.1012
61.8611
57.3536
52.7385
46.9285
36.8118
26.4835
19.7746
4.80907
0.230523
0.00161558
5.70726e-006
0.000234439
0.000428296
7.42093e-005
0.000146422
0.000372058
0.00139188
0.0227497
0.131597
0.396935
0.959056
1.01961
1.56961
2.68123
4.89121
6.49685
4.73775
4.68005
6.40023
10.2134
18.626
27.1108
31.0123
36.4784
40.1094
44.401
47.48
50.4874
52.3575
54.6003
56.2491
57.4709
58.069
58.1189
60.2305
62.3846
63.8581
64.4174
64.7027
66.3468
68.171
69.6513
70.2276
70.0943
70.2825
70.6495
71.1918
71.063
70.5898
70.4631
69.7388
69.1884
68.0695
66.9755
65.3887
64.3506
62.8508
61.1157
59.9706
57.2047
55.2417
53.8959
52.6905
47.922
44.0383
37.831
29.3965
21.7377
12.1138
4.78237
0.989944
0.208129
0.0194512
0.000953286
3.58804e-005
1.2057e-006
2.25737e-007
6.86499e-007
2.27561e-006
7.4031e-006
3.68674e-005
2.55503e-005
5.25038e-005
7.24392e-005
2.13338e-005
1.69997e-006
9.58663e-006
4.04802e-005
0.000481791
0.00296448
0.0139284
0.0688661
0.222556
0.292448
0.563014
1.67163
3.48724
5.63255
8.09993
8.5711
6.64486
3.23015
3.66235
4.17749
7.01686
12.0494
15.6973
16.4631
14.5325
10.78
10.8573
11.3664
13.2225
16.6653
18.4605
19.3269
19.3217
20.1106
20.7947
20.8375
21.3614
22.04
22.4112
22.8425
21.6718
21.3478
21.0618
20.3535
20.8927
20.9772
19.3577
20.7427
20.1984
19.5597
19.8136
19.98
19.6143
19.0372
18.0872
16.8225
15.6792
14.7649
13.531
12.6978
11.937
11.4442
10.8165
10.1584
9.2892
9.2536
8.94106
8.39161
7.60201
7.60162
6.63271
5.64
4.99342
4.43282
4.48896
3.93815
2.56535
2.06933
1.99871
2.02344
1.84514
1.21474
0.632648
0.76019
0.881856
0.562925
0.50194
0.418614
0.102623
0.228969
0.204079
0.115888
SNR of Background 2
9.46812
16.011
18.3619
19.9539
22.1387
24.0458
25.4977
26.9016
25.2185
31.8378
34.2546
38.2414
41.7998
44.1613
46.1705
47.5768
48.9466
50.6036
52.1585
53.5384
53.7866
54.4175
56.2568
57.2183
56.3677
57.6912
57.5424
56.0632
56.2495
57.8203
58.6387
58.4099
59.3752
59.2681
59.6253
60.1417
60.3676
60.6421
60.7747
61.1153
61.6426
62.1088
62.3979
60.1981
61.1722
62.3377
62.2389
61.3514
59.8229
58.5033
58.6618
57.8854
57.5879
57.6998
57.1594
56.2791
54.9623
54.7881
55.4903
56.4963
56.6939
56.6551
56.765
56.721
52.4338
53.1962
55.5498
55.8508
57.0441
57.5297
55.5482
48.7356
49.821
49.7319
54.213
55.2103
56.1542
55.9267
55.1106
51.3462
32.1159
46.3618
50.2293
49.4668
47.7539
45.831
43.3573
42.1686
40.6346
40.0729
37.7995
31.2408
31.5541
31.8124
31.1582
32.2169
33.4739
33.3683
31.4879
29.4517
30.5058
29.5136
27.9585
28.7812
27.9075
26.7983
25.6939
23.6501
17.5243
15.9927
15.9395
13.849
12.6663
14.5879
12.3359
5.27753
2.02558
6.76861
6.47851
3.48877
6.80201
9.82956
9.76172
9.78331
9.44589
7.19948
4.21269
4.18635
4.27746
4.82119
4.85037
5.42232
5.96183
5.96524
6.4766
6.38021
6.78081
7.15785
7.07488
7.27295
7.42331
6.80732
6.1114
5.39117
3.35297
1.28796
0.890109
1.28672
2.33992
2.06438
2.76319
4.89108
7.25501
8.98842
9.59681
9.52024
10.1057
10.9411
10.7852
11.6708
12.6993
14.0123
14.8321
15.8527
16.5867
17.2759
17.3209
16.7264
15.2436
15.3146
17.1553
17.8385
18.1608
17.7013
16.4622
14.8199
13.4482
11.9208
9.16485
6.54916
4.9076
1.17189
0.0577222
0.000441448
2.24317e-006
7.48681e-005
0.000144856
5.55109e-005
0.000131305
0.000200724
0.000723604
0.011696
0.0690911
0.217168
0.546427
0.605765
0.978228
1.70292
3.12468
4.15262
3.01563
2.94837
3.86279
5.72553
9.92148
14.2518
16.1149
18.889
20.6023
22.7108
24.015
25.2634
25.8161
26.7311
27.3668
27.7125
27.3571
26.5108
27.4286
28.8216
29.6655
29.4679
28.8948
29.6169
30.8571
31.9809
32.1512
31.4714
31.1229
31.1826
31.5544
31.3021
30.7306
30.5572
30.0149
29.7055
28.9847
28.3242
27.3722
26.9107
26.086
25.0792
24.4826
22.9947
22.2716
22.1065
21.9699
19.5935
17.7269
14.8761
11.4486
8.56481
4.9342
2.03728
0.467511
0.111327
0.0129099
0.000830673
5.10824e-005
7.85818e-007
1.9201e-007
1.27707e-006
5.03765e-006
1.10016e-005
3.70709e-005
2.28845e-005
3.19866e-005
7.71715e-005
2.73475e-005
2.40516e-006
1.33447e-005
7.7561e-005
0.00180773
0.0116104
0.0491994
0.212264
0.625214
0.751035
1.22669
3.27102
6.23831
9.19536
12.0531
11.8126
8.55894
3.84397
4.11492
4.5714
7.52138
12.6465
16.1607
16.6781
14.446
10.4093
10.3042
10.6207
12.3043
15.516
16.9904
17.3822
17.1285
17.7864
18.1983
17.7824
17.929
18.2856
18.4054
18.7249
17.5304
16.8751
16.4207
15.7363
15.9489
15.9036
14.093
14.7684
14.2556
13.7956
13.9504
13.8743
13.4938
13.3301
12.8935
12.1231
11.4265
10.8468
9.82763
9.16098
8.57946
8.38591
8.20901
8.04746
7.01961
6.75802
6.42345
6.05992
5.92447
6.57475
6.11149
5.53395
5.18617
4.47874
4.9115
4.6609
3.44093
3.50351
3.42957
3.65087
3.52019
2.67438
1.93006
2.49569
2.96217
2.11451
2.52302
2.29992
0.63377
1.52312
1.37805
0.824129
SNR of Background Average
6.36101
11.1503
13.0928
14.7031
16.9176
19.0241
20.8639
22.6152
21.3829
27.4048
29.6044
33.4004
36.9211
39.3544
41.5688
43.1406
44.4706
45.9685
47.4682
49.0159
49.475
50.2257
52.2524
53.5931
53.2501
55.2675
56.1852
56.0622
57.6999
60.7366
62.9037
63.704
65.2429
65.5625
66.2725
67.0248
67.318
67.3522
66.9479
66.4358
66.0463
65.8268
65.7214
63.254
63.8416
64.6647
64.3302
63.2035
61.3466
59.6368
59.4456
58.412
57.9421
57.8183
56.872
55.4362
53.5675
52.9472
53.1414
53.6662
53.4894
53.2928
53.4575
54.832
54.6407
61.1144
68.2861
71.3929
75.176
77.633
77.8632
74.6232
76.7371
77.9107
81.8261
83.1973
84.3162
84.5653
84.3648
82.4569
68.2544
79.8533
82.4171
82.1217
81.202
80.0775
78.5066
77.7491
76.7097
76.3717
74.6599
68.8445
69.2835
69.6095
69.0281
70.1717
71.4544
71.43
69.7018
67.7036
68.844
67.8326
66.1841
67.1675
66.2866
65.0384
63.7165
61.1135
51.8603
49.0805
48.9122
44.864
42.2863
46.1683
41.3306
21.9804
9.56944
26.8373
25.8325
15.9941
30.5345
41.1966
40.6449
40.106
38.6966
30.9966
19.4951
19.8406
20.4588
22.9037
23.1122
25.6533
27.9991
28.0669
30.1583
29.7748
31.4317
32.9221
32.4617
32.9169
33.0783
30.3559
27.4094
24.4613
15.7656
6.21564
4.26352
6.05904
10.6882
9.35564
12.1898
20.6528
29.3045
35.4557
38.1153
38.5651
40.862
43.5513
43.1002
45.7786
48.7658
52.325
54.412
56.7601
58.2797
59.6524
59.6863
58.3735
54.9333
55.0416
59.1102
60.4288
60.7136
59.1915
55.8723
51.3487
46.8481
41.3351
32.0041
22.7967
16.9417
4.08655
0.195965
0.00138073
5.01441e-006
0.000202523
0.000371605
7.04694e-005
0.000143399
0.000337796
0.00125823
0.0205389
0.119097
0.360989
0.87658
0.9369
1.45146
2.48589
4.53913
6.03033
4.39445
4.33493
5.89552
9.32611
16.9366
24.6811
28.2421
33.2919
36.6497
40.6606
43.5299
46.3526
48.091
50.2253
51.8
52.9582
53.4645
53.41
55.4775
57.6543
59.1404
59.6549
59.8707
61.529
63.4245
64.982
65.5681
65.3784
65.5374
65.9092
66.4834
66.3336
65.8129
65.6719
64.9031
64.3291
63.1591
62.0239
60.3865
59.3364
57.812
56.054
54.907
52.1502
50.2496
48.997
47.8842
43.2891
39.5985
33.7883
26.0842
19.2266
10.7053
4.23635
0.885546
0.188771
0.0181429
0.000928766
3.89212e-005
1.30052e-006
2.49517e-007
8.04613e-007
2.82801e-006
8.1228e-006
3.69081e-005
2.50172e-005
5.0968e-005
7.33849e-005
2.25365e-005
1.84101e-006
1.03383e-005
4.78965e-005
0.000746979
0.00469368
0.0209826
0.0975517
0.303138
0.384232
0.695884
1.99244
4.04064
6.3513
8.89929
9.22524
7.02944
3.35319
3.75309
4.25649
7.118
12.169
15.7901
16.5062
14.5152
10.7059
10.7469
11.2175
13.0394
16.4362
18.168
18.9408
18.8867
19.6501
20.281
20.2339
20.6845
21.3005
21.6236
22.0337
20.8577
20.4696
20.1509
19.4466
19.9231
19.9831
18.3252
19.5747
19.0362
18.4314
18.6667
18.7872
18.4186
17.9203
17.0678
15.8979
14.8407
13.991
12.7986
11.9976
11.2718
10.8378
10.2988
9.73863
8.83792
8.75762
8.44065
7.92786
7.26778
7.3967
6.52854
5.61875
5.03199
4.44203
4.57357
4.08294
2.74078
2.35692
2.28567
2.34989
2.18113
1.50736
0.892682
1.1083
1.2994
0.874039
0.907523
0.796046
0.208945
0.488343
0.439317
0.257692
SNR of Target
9.46812
16.011
18.3619
19.9539
22.1387
24.0458
25.4977
26.9016
25.2185
31.8378
34.2546
38.2414
41.7998
44.1613
46.1705
47.5768
48.9466
50.6036
52.1585
53.5384
53.7866
54.4175
56.2568
57.2183
56.3677
57.6912
57.5424
56.0632
56.2495
57.8203
58.6387
58.4099
59.3752
59.2681
59.6253
60.1417
60.3676
60.6421
60.7747
61.1153
61.6426
62.1088
62.3979
60.1981
61.1722
62.3377
62.2389
61.3514
59.8229
58.5033
58.6618
57.8854
57.5879
57.6998
57.1594
56.2791
54.9623
54.7881
55.4903
56.4963
56.6939
56.6551
56.765
56.721
52.4338
53.1962
55.5498
55.8508
57.0441
57.5297
55.5482
48.7356
49.821
49.7319
54.213
55.2103
56.1542
55.9267
55.1106
51.3462
32.1159
46.3618
50.2293
49.4668
47.7539
45.831
43.3573
42.1686
40.6346
40.0729
37.7995
31.2408
31.5541
31.8124
31.1582
32.2169
33.4739
33.3683
31.4879
29.4517
30.5058
29.5136
27.9585
28.7812
27.9075
26.7983
25.6939
23.6501
17.5243
15.9927
15.9395
13.849
12.6663
14.5879
12.3359
5.27753
2.02558
6.76861
6.47851
3.48877
6.80201
9.82956
9.76172
9.78331
9.44589
7.19948
4.21269
4.18635
4.27746
4.82119
4.85037
5.42232
5.96183
5.96524
6.4766
6.38021
6.78081
7.15785
7.07488
7.27295
7.42331
6.80732
6.1114
5.39117
3.35297
1.28796
0.890109
1.28672
2.33992
2.06438
2.76319
4.89108
7.25501
8.98842
9.59681
9.52024
10.1057
10.9411
10.7852
11.6708
12.6993
14.0123
14.8321
15.8527
16.5867
17.2759
17.3209
16.7264
15.2436
15.3146
17.1553
17.8385
18.1608
17.7013
16.4622
14.8199
13.4482
11.9208
9.16485
6.54916
4.9076
1.17189
0.0577222
0.000441448
2.24317e-006
7.48681e-005
0.000144856
5.55109e-005
0.000131305
0.000200724
0.000723604
0.011696
0.0690911
0.217168
0.546427
0.605765
0.978228
1.70292
3.12468
4.15262
3.01563
2.94837
3.86279
5.72553
9.92148
14.2518
16.1149
18.889
20.6023
22.7108
24.015
25.2634
25.8161
26.7311
27.3668
27.7125
27.3571
26.5108
27.4286
28.8216
29.6655
29.4679
28.8948
29.6169
30.8571
31.9809
32.1512
31.4714
31.1229
31.1826
31.5544
31.3021
30.7306
30.5572
30.0149
29.7055
28.9847
28.3242
27.3722
26.9107
26.086
25.0792
24.4826
22.9947
22.2716
22.1065
21.9699
19.5935
17.7269
14.8761
11.4486
8.56481
4.9342
2.03728
0.467511
0.111327
0.0129099
0.000830673
5.10824e-005
1.67978e-006
3.44636e-007
1.27707e-006
5.03765e-006
1.10016e-005
3.70709e-005
2.28845e-005
4.48264e-005
7.71715e-005
2.73475e-005
2.40516e-006
1.33447e-005
7.7561e-005
0.00180773
0.0116104
0.0491994
0.212264
0.625214
0.751035
1.22669
3.27102
6.23831
9.19536
12.0531
11.8126
8.55894
3.84397
4.11492
4.5714
7.52138
12.6465
16.1607
16.6781
14.446
10.4093
10.3042
10.6207
12.3043
15.516
16.9904
17.3822
17.1285
17.7864
18.1983
17.7824
17.929
18.2856
18.4054
18.7249
17.5304
16.8751
16.4207
15.7363
15.9489
15.9036
14.093
14.7684
14.2556
13.7956
13.9504
13.8743
13.4938
13.3301
12.8935
12.1231
11.4265
10.8468
9.82763
9.16098
8.57946
8.38591
8.20901
8.04746
7.01961
6.75802
6.42345
6.05992
5.92447
6.57475
6.11149
5.53395
5.18617
4.47874
4.9115
4.6609
3.44093
3.50351
3.42957
3.65087
3.52019
2.67438
1.93006
2.49569
2.96217
2.11451
2.52302
2.29992
0.63377
1.52312
1.37805
0.824129
