SNR of Background 1
4.85155
8.71776
10.4289
12.0278
14.2471
16.4674
18.5376
20.5173
19.4697
25.5156
27.7968
31.9336
35.9994
38.9752
41.8584
43.9799
45.7001
47.601
49.6257
51.9301
52.7558
53.9464
57.1195
59.4999
59.3589
63.1379
65.4763
66.2054
70.0663
76.8295
82.2173
84.6164
88.5294
89.5523
91.5047
93.5512
94.3568
94.3163
92.9716
91.1792
89.6637
88.7072
88.2091
82.4115
83.4814
85.1201
84.2313
81.6069
77.5168
73.8983
73.3282
71.2369
70.2811
69.9271
67.9947
65.1726
61.7475
60.4971
60.5194
61.0802
60.5769
60.1819
60.5015
63.6681
66.0599
80.9684
99.9403
110.192
124.32
135.139
136.981
125.139
133.861
139.15
158.868
167.449
175.248
177.185
175.827
163.449
106.879
149.861
163.245
161.49
156.223
150.226
142.578
139.133
134.656
133.248
126.603
108.187
109.041
110.258
108.506
111.533
115.43
115.343
109.978
104.227
107.452
104.575
100.118
102.742
100.389
97.1686
93.9016
87.9078
69.8512
65.0675
64.8807
58.2127
54.2521
60.2261
52.7234
27.0511
11.94
33.3078
32.0129
19.9115
39.429
54.9489
54.0937
53.0878
50.7026
39.497
24.2233
24.6906
25.4948
28.6689
28.942
32.3001
35.4561
35.5459
38.4071
37.8721
40.1703
42.2672
41.6082
42.2458
42.4726
38.6745
34.7275
30.8524
19.6397
7.75764
5.32669
7.5368
13.2587
11.6333
15.1445
25.7677
37.095
45.8575
49.8161
50.4028
53.9339
58.2221
57.646
62.1251
67.0483
73.3976
77.3835
82.1087
85.3118
88.3234
88.3859
85.4858
78.3873
78.6139
87.0685
89.9985
90.6245
87.2671
80.3067
71.3074
63.2637
54.2346
40.4986
28.1879
20.7181
4.96452
0.238089
0.00165478
5.24606e-006
0.000222629
0.00040534
6.66032e-005
0.000129855
0.000343021
0.00133461
0.0229519
0.134326
0.406861
0.982978
1.04521
1.608
2.74553
5.003
6.64821
4.84645
4.78369
6.55286
10.4779
19.2829
28.5814
33.0753
39.706
44.3501
50.1544
54.5759
59.1521
62.1461
65.8999
68.7847
70.9982
72.1113
72.2116
76.2726
80.6706
83.8507
85.1042
85.7522
89.5874
94.1166
98.0314
99.615
99.2375
99.758
100.784
102.333
101.951
100.588
100.219
98.2005
96.717
93.8198
91.0766
87.4805
85.2228
81.6903
77.9597
75.6353
70.3928
66.9069
64.592
62.5816
55.1665
49.5827
41.3513
31.173
22.5887
12.3937
4.86365
1.00575
0.210868
0.0195072
0.00092785
3.09545e-005
9.52599e-007
1.68127e-007
4.95596e-007
1.64521e-006
3.84739e-006
1.40546e-005
1.34652e-005
4.26799e-005
5.93237e-005
1.70921e-005
1.31244e-006
7.41451e-006
3.28497e-005
0.000440626
0.00280135
0.0135191
0.0679751
0.221218
0.291981
0.564687
1.67728
3.49984
5.65597
8.14244
8.62764
6.69134
3.25889
3.69554
4.21529
7.07398
12.1884
15.9585
16.7594
14.7465
10.8923
10.9714
11.4911
13.398
16.9742
18.8531
19.7733
19.781
20.6175
21.3427
21.3921
21.9596
22.695
23.0866
23.552
22.2931
21.9463
21.6449
20.8972
21.4711
21.5552
19.824
21.3128
20.7369
20.0559
20.322
20.4923
20.0931
19.4749
18.4688
17.1372
15.9406
14.9885
13.7117
12.8526
12.071
11.5656
10.9223
10.2482
9.36397
9.32911
9.01661
8.46221
7.65109
7.64826
6.66796
5.67084
5.03327
4.45367
4.5041
3.94871
2.57129
2.07301
2.00119
2.02356
1.84382
1.21294
0.630987
0.755603
0.874992
0.558271
0.494153
0.411004
0.100384
0.222825
0.198491
0.112557
SNR of Background Average
4.85155
8.71776
10.4289
12.0278
14.2471
16.4674
18.5376
20.5173
19.4697
25.5156
27.7968
31.9336
35.9994
38.9752
41.8584
43.9799
45.7001
47.601
49.6257
51.9301
52.7558
53.9464
57.1195
59.4999
59.3589
63.1379
65.4763
66.2054
70.0663
76.8295
82.2173
84.6164
88.5294
89.5523
91.5047
93.5512
94.3568
94.3163
92.9716
91.1792
89.6637
88.7072
88.2091
82.4115
83.4814
85.1201
84.2313
81.6069
77.5168
73.8983
73.3282
71.2369
70.2811
69.9271
67.9947
65.1726
61.7475
60.4971
60.5194
61.0802
60.5769
60.1819
60.5015
63.6681
66.0599
80.9684
99.9403
110.192
124.32
135.139
136.981
125.139
133.861
139.15
158.868
167.449
175.248
177.185
175.827
163.449
106.879
149.861
163.245
161.49
156.223
150.226
142.578
139.133
134.656
133.248
126.603
108.187
109.041
110.258
108.506
111.533
115.43
115.343
109.978
104.227
107.452
104.575
100.118
102.742
100.389
97.1686
93.9016
87.9078
69.8512
65.0675
64.8807
58.2127
54.2521
60.2261
52.7234
27.0511
11.94
33.3078
32.0129
19.9115
39.429
54.9489
54.0937
53.0878
50.7026
39.497
24.2233
24.6906
25.4948
28.6689
28.942
32.3001
35.4561
35.5459
38.4071
37.8721
40.1703
42.2672
41.6082
42.2458
42.4726
38.6745
34.7275
30.8524
19.6397
7.75764
5.32669
7.5368
13.2587
11.6333
15.1445
25.7677
37.095
45.8575
49.8161
50.4028
53.9339
58.2221
57.646
62.1251
67.0483
73.3976
77.3835
82.1087
85.3118
88.3234
88.3859
85.4858
78.3873
78.6139
87.0685
89.9985
90.6245
87.2671
80.3067
71.3074
63.2637
54.2346
40.4986
28.1879
20.7181
4.96452
0.238089
0.00165478
5.24606e-006
0.000222629
0.00040534
6.66032e-005
0.000129855
0.000343021
0.00133461
0.0229519
0.134326
0.406861
0.982978
1.04521
1.608
2.74553
5.003
6.64821
4.84645
4.78369
6.55286
10.4779
19.2829
28.5814
33.0753
39.706
44.3501
50.1544
54.5759
59.1521
62.1461
65.8999
68.7847
70.9982
72.1113
72.2116
76.2726
80.6706
83.8507
85.1042
85.7522
89.5874
94.1166
98.0314
99.615
99.2375
99.758
100.784
102.333
101.951
100.588
100.219
98.2005
96.717
93.8198
91.0766
87.4805
85.2228
81.6903
77.9597
75.6353
70.3928
66.9069
64.592
62.5816
55.1665
49.5827
41.3513
31.173
22.5887
12.3937
4.86365
1.00575
0.210868
0.0195072
0.00092785
3.09545e-005
9.52599e-007
1.68127e-007
4.95596e-007
1.64521e-006
3.84739e-006
1.40546e-005
1.34652e-005
4.26799e-005
5.93237e-005
1.70921e-005
1.31244e-006
7.41451e-006
3.28497e-005
0.000440626
0.00280135
0.0135191
0.0679751
0.221218
0.291981
0.564687
1.67728
3.49984
5.65597
8.14244
8.62764
6.69134
3.25889
3.69554
4.21529
7.07398
12.1884
15.9585
16.7594
14.7465
10.8923
10.9714
11.4911
13.398
16.9742
18.8531
19.7733
19.781
20.6175
21.3427
21.3921
21.9596
22.695
23.0866
23.552
22.2931
21.9463
21.6449
20.8972
21.4711
21.5552
19.824
21.3128
20.7369
20.0559
20.322
20.4923
20.0931
19.4749
18.4688
17.1372
15.9406
14.9885
13.7117
12.8526
12.071
11.5656
10.9223
10.2482
9.36397
9.32911
9.01661
8.46221
7.65109
7.64826
6.66796
5.67084
5.03327
4.45367
4.5041
3.94871
2.57129
2.07301
2.00119
2.02356
1.84382
1.21294
0.630987
0.755603
0.874992
0.558271
0.494153
0.411004
0.100384
0.222825
0.198491
0.112557
SNR of Target
4.85155
8.71776
10.4289
12.0278
14.2471
16.4674
18.5376
20.5173
19.4697
25.5156
27.7968
31.9336
35.9994
38.9752
41.8584
43.9799
45.7001
47.601
49.6257
51.9301
52.7558
53.9464
57.1195
59.4999
59.3589
63.1379
65.4763
66.2054
70.0663
76.8295
82.2173
84.6164
88.5294
89.5523
91.5047
93.5512
94.3568
94.3163
92.9716
91.1792
89.6637
88.7072
88.2091
82.4115
83.4814
85.1201
84.2313
81.6069
77.5168
73.8983
73.3282
71.2369
70.2811
69.9271
67.9947
65.1726
61.7475
60.4971
60.5194
61.0802
60.5769
60.1819
60.5015
63.6681
66.0599
80.9684
99.9403
110.192
124.32
135.139
136.981
125.139
133.861
139.15
158.868
167.449
175.248
177.185
175.827
163.449
106.879
149.861
163.245
161.49
156.223
150.226
142.578
139.133
134.656
133.248
126.603
108.187
109.041
110.258
108.506
111.533
115.43
115.343
109.978
104.227
107.452
104.575
100.118
102.742
100.389
97.1686
93.9016
87.9078
69.8512
65.0675
64.8807
58.2127
54.2521
60.2261
52.7234
27.0511
11.94
33.3078
32.0129
19.9115
39.429
54.9489
54.0937
53.0878
50.7026
39.497
24.2233
24.6906
25.4948
28.6689
28.942
32.3001
35.4561
35.5459
38.4071
37.8721
40.1703
42.2672
41.6082
42.2458
42.4726
38.6745
34.7275
30.8524
19.6397
7.75764
5.32669
7.5368
13.2587
11.6333
15.1445
25.7677
37.095
45.8575
49.8161
50.4028
53.9339
58.2221
57.646
62.1251
67.0483
73.3976
77.3835
82.1087
85.3118
88.3234
88.3859
85.4858
78.3873
78.6139
87.0685
89.9985
90.6245
87.2671
80.3067
71.3074
63.2637
54.2346
40.4986
28.1879
20.7181
4.96452
0.238089
0.00165478
5.24606e-006
0.000222629
0.00040534
6.66032e-005
0.000129855
0.000343021
0.00133461
0.0229519
0.134326
0.406861
0.982978
1.04521
1.608
2.74553
5.003
6.64821
4.84645
4.78369
6.55286
10.4779
19.2829
28.5814
33.0753
39.706
44.3501
50.1544
54.5759
59.1521
62.1461
65.8999
68.7847
70.9982
72.1113
72.2116
76.2726
80.6706
83.8507
85.1042
85.7522
89.5874
94.1166
98.0314
99.615
99.2375
99.758
100.784
102.333
101.951
100.588
100.219
98.2005
96.717
93.8198
91.0766
87.4805
85.2228
81.6903
77.9597
75.6353
70.3928
66.9069
64.592
62.5816
55.1665
49.5827
41.3513
31.173
22.5887
12.3937
4.86365
1.00575
0.210868
0.0195072
0.00092785
3.09545e-005
9.52599e-007
1.68127e-007
4.95596e-007
1.64521e-006
3.84739e-006
1.40546e-005
1.34652e-005
4.26799e-005
5.93237e-005
1.70921e-005
1.31244e-006
7.41451e-006
3.28497e-005
0.000440626
0.00280135
0.0135191
0.0679751
0.221218
0.291981
0.564687
1.67728
3.49984
5.65597
8.14244
8.62764
6.69134
3.25889
3.69554
4.21529
7.07398
12.1884
15.9585
16.7594
14.7465
10.8923
10.9714
11.4911
13.398
16.9742
18.8531
19.7733
19.781
20.6175
21.3427
21.3921
21.9596
22.695
23.0866
23.552
22.2931
21.9463
21.6449
20.8972
21.4711
21.5552
19.824
21.3128
20.7369
20.0559
20.322
20.4923
20.0931
19.4749
18.4688
17.1372
15.9406
14.9885
13.7117
12.8526
12.071
11.5656
10.9223
10.2482
9.36397
9.32911
9.01661
8.46221
7.65109
7.64826
6.66796
5.67084
5.03327
4.45367
4.5041
3.94871
2.57129
2.07301
2.00119
2.02356
1.84382
1.21294
0.630987
0.755603
0.874992
0.558271
0.494153
0.411004
0.100384
0.222825
0.198491
0.112557
