L of Background 1
1.87626
2.85624
3.04196
3.06803
3.25434
3.264
3.12829
3.01737
2.49381
3.11837
3.15771
3.44672
3.62911
3.69732
3.77467
3.73373
3.715
3.70087
3.72616
3.70404
3.53267
3.42254
3.50182
3.46688
3.35484
3.52017
3.5844
3.4095
3.52491
3.80215
4.01794
4.02847
4.18722
4.17296
4.22911
4.24956
4.18262
4.10991
3.96475
3.83244
3.73513
3.62384
3.56005
3.27618
3.29988
3.26104
3.21479
3.16359
3.01086
2.95049
2.94033
2.83941
2.80398
2.7992
2.74304
2.65332
2.5461
2.43784
2.42893
2.44174
2.39813
2.35748
2.34015
2.40903
2.28536
2.91527
3.88382
4.40306
5.15859
5.84013
6.18227
5.9378
6.69805
7.29918
8.56752
9.22679
9.78865
10.1869
10.3466
9.33115
4.45704
8.72203
10.5068
10.6723
10.6544
10.5411
10.2461
10.2379
10.1964
10.2022
9.94074
8.60323
8.6669
8.95483
8.98369
9.43493
9.71822
9.70311
9.42285
8.81549
9.51491
9.34107
8.94736
9.29795
9.2524
9.10143
8.98229
8.7435
7.31944
6.86986
7.05362
6.60431
6.58658
7.23419
6.89905
4.40199
2.70472
3.66414
3.74852
4.06354
4.77981
5.69503
5.77856
6.16982
6.6228
6.80321
6.94955
6.98975
7.09723
7.0174
6.99677
6.93844
6.85758
6.78278
6.69309
6.5433
6.39707
6.28031
6.21955
5.99235
5.73493
5.36478
4.9657
4.56907
3.35801
2.01819
1.63187
1.76836
2.28189
2.07302
2.29886
2.95601
3.55712
3.87911
3.95918
3.92655
4.06213
4.18399
4.0074
4.07884
4.18398
4.28208
4.30895
4.33778
4.30282
4.22349
4.10498
3.84213
3.36744
3.303
3.66631
3.74548
3.80077
3.65861
3.39606
3.05561
2.7496
2.44302
2.00596
1.62843
1.38969
0.640031
0.10859
0.00647539
0.000804669
0.00704042
0.0123051
0.00473169
0.00865385
0.0111265
0.0177955
0.0421272
0.0823518
0.121611
0.166118
0.155706
0.19158
0.238659
0.321125
0.358656
0.302023
0.296708
0.357502
0.462157
0.648325
0.789945
0.841468
0.942347
1.00003
1.06122
1.09876
1.13352
1.16947
1.19929
1.21268
1.23085
1.21186
1.17014
1.22387
1.27044
1.29008
1.27396
1.259
1.30852
1.3671
1.39632
1.40274
1.37923
1.36698
1.38231
1.40395
1.39528
1.36649
1.35863
1.32008
1.30265
1.26867
1.22409
1.17284
1.13882
1.09447
1.04849
1.0163
0.958417
0.92335
0.90257
0.867874
0.80208
0.778234
0.682838
0.574372
0.48462
0.354049
0.198744
0.0974481
0.0427088
0.0130605
0.00337414
0.000755128
7.60777e-005
4.00448e-005
8.47619e-005
0.000150716
0.000214983
7.61783e-005
0.000298302
0.000975942
0.00122566
0.000445683
9.42617e-005
0.000350392
0.000705451
0.00156086
0.00332091
0.00578347
0.0104891
0.0165218
0.015839
0.019966
0.0378241
0.0665408
0.0978436
0.12837
0.134875
0.105634
0.0451215
0.0464284
0.0553182
0.094305
0.157032
0.194635
0.196271
0.169736
0.122992
0.123376
0.129442
0.153504
0.194756
0.213323
0.22287
0.227289
0.232931
0.235562
0.237491
0.24104
0.24517
0.247409
0.247936
0.243037
0.242325
0.238611
0.232593
0.238597
0.242683
0.235727
0.245057
0.238096
0.235569
0.240991
0.243254
0.242576
0.2373
0.230022
0.220213
0.211324
0.201646
0.18779
0.179207
0.171035
0.16454
0.158517
0.151799
0.142717
0.141604
0.136918
0.12936
0.119041
0.117532
0.104757
0.0914018
0.0807398
0.0737194
0.0752874
0.0690989
0.0500066
0.045806
0.0438413
0.043667
0.0409769
0.0320583
0.0213527
0.0235103
0.0255074
0.0191869
0.0171314
0.0149197
0.007059
0.0114883
0.0112326
0.00894249
L of Background 2
16.3843
25.1712
26.9463
27.1733
28.7187
28.6547
27.2964
26.2256
21.7335
27.4246
28.0696
30.8849
32.7236
33.51
34.3077
34.0735
34.2028
34.4573
34.9928
34.9046
33.3614
32.4636
33.3075
32.8835
31.6084
32.7948
32.6571
30.1009
30.0225
31.1175
31.6119
30.7584
31.3881
30.9059
30.9829
30.9134
30.4433
30.2674
29.8695
29.8468
30.1199
30.0046
29.9661
27.9814
28.6217
28.6627
28.557
28.43
27.4595
27.3489
27.64
26.989
26.873
27.0975
26.9615
26.5979
26.0288
25.3353
25.7099
26.3065
26.2061
25.954
25.7831
25.452
21.2159
21.9757
23.8608
23.6152
23.8108
23.7537
22.5393
19.3622
20.0073
20.0269
21.7689
21.8815
21.9527
22.0254
21.8686
19.3929
9.04274
17.4263
20.7115
20.7824
20.5811
20.2317
19.5532
19.4345
19.2509
19.1692
18.5818
15.9765
16.0149
16.471
16.4414
17.1849
17.6327
17.5601
16.9996
15.8396
17.042
16.7397
16.0145
16.5617
16.3855
16.0871
15.8924
15.4991
12.9827
12.1995
12.5472
11.7594
11.7439
12.9247
12.3312
7.86331
4.85372
6.64148
6.84909
7.48329
8.85716
10.6268
10.8517
11.6655
12.572
12.7657
12.6404
12.3125
12.2987
12.1001
11.9978
11.8316
11.6424
11.475
11.3043
11.0402
10.7712
10.5717
10.5303
10.2791
10.0021
9.48681
8.84014
8.13926
5.98259
3.61507
2.9656
3.26922
4.29468
3.96763
4.48991
5.85354
7.0614
7.58464
7.5037
7.2082
7.2919
7.40597
6.97322
6.95521
7.04375
7.22205
7.36958
7.54821
7.59436
7.51405
7.33293
6.88651
6.06514
5.97634
6.64037
6.79042
6.94908
6.80107
6.44385
5.94697
5.5575
5.19497
4.49961
3.83043
3.3667
1.57943
0.271767
0.0153393
0.000918261
0.0159375
0.0392537
0.0164768
0.02908
0.0520498
0.0836599
0.20303
0.414982
0.649459
0.927927
0.903615
1.15862
1.48142
2.00639
2.23091
1.87328
1.83133
2.12208
2.54622
3.33023
3.89832
4.0312
4.38484
4.52219
4.65629
4.66388
4.64784
4.64228
4.636
4.5862
4.54803
4.32639
4.01768
4.09615
4.20861
4.21597
4.05345
3.8699
3.92123
4.04564
4.09292
4.04489
3.8866
3.77057
3.76467
3.79464
3.73858
3.62804
3.58397
3.48299
3.46161
3.39579
3.25752
3.04072
2.83156
2.57528
2.32001
2.18853
2.16991
2.28539
2.39886
2.37043
2.18443
2.13554
1.94477
1.73035
1.53528
1.1686
0.688087
0.381376
0.196096
0.0741668
0.0263657
0.00711594
0.000663097
0.000328018
0.000878573
0.00172929
0.00238884
0.00099559
0.00594115
0.019429
0.0225964
0.00752187
0.00134667
0.00590405
0.0124953
0.0326996
0.0716121
0.129561
0.238912
0.356936
0.31802
0.35129
0.586406
0.919681
1.22871
1.47805
1.42932
1.03436
0.416182
0.410675
0.4788
0.794107
1.2826
1.54477
1.51602
1.28037
0.906509
0.896366
0.930913
1.09485
1.3783
1.49218
1.53395
1.53242
1.54822
1.55145
1.54079
1.53647
1.53863
1.54431
1.53388
1.47914
1.44572
1.39907
1.34286
1.35558
1.34515
1.28588
1.30763
1.24916
1.22195
1.24161
1.24738
1.23627
1.19963
1.16465
1.12439
1.08913
1.05066
0.994264
0.953371
0.884945
0.826995
0.770211
0.699035
0.586068
0.496024
0.44482
0.434464
0.528299
0.599179
0.559543
0.495637
0.42415
0.371345
0.419628
0.422692
0.33901
0.335362
0.314597
0.323713
0.325765
0.309216
0.251456
0.287958
0.318035
0.259518
0.288863
0.276955
0.172121
0.325295
0.334762
0.301174
L of Background Average
14.8103
22.753
24.3586
24.5671
25.9689
25.9163
24.6934
23.7291
19.6666
24.8165
25.3996
27.9477
29.6125
30.3258
31.0504
30.8405
30.9575
31.1869
31.6718
31.594
30.1998
29.3887
30.1547
29.775
28.6265
29.7086
29.595
27.2926
27.2379
28.2504
28.719
27.959
28.542
28.1114
28.1885
28.1305
27.7045
27.5412
27.1713
27.1386
27.3743
27.2605
27.2211
25.4168
25.9945
26.0273
25.9285
25.8107
24.9261
24.8216
25.0828
24.4908
24.3843
24.5849
24.4583
24.1246
23.6045
22.9721
23.308
23.8447
23.7505
23.5218
23.3673
23.0794
19.2742
20.0225
21.8125
21.6468
21.902
21.9224
20.8697
17.9972
18.6546
18.7341
20.4276
20.5966
20.7179
20.8247
20.701
18.3737
8.58129
16.5459
19.6784
19.7587
19.5766
19.2515
18.6128
18.5047
18.3358
18.2629
17.7087
15.2329
15.2732
15.7127
15.6889
16.4029
16.8341
16.767
16.2352
15.131
16.2824
15.9934
15.3015
15.8286
15.6658
15.3824
15.1959
14.8179
12.4125
11.6631
11.9944
11.2408
11.2249
12.3518
11.7844
7.5158
4.6384
6.34279
6.53802
7.14002
8.44748
10.1307
10.3412
11.1124
11.9728
12.1652
12.0674
11.7766
11.7753
11.5889
11.4947
11.3392
11.1611
11.0031
10.8404
10.5878
10.3314
10.1403
10.097
9.84813
9.57309
9.07217
8.45079
7.78072
5.71926
3.45511
2.83203
3.11885
4.09289
3.77777
4.27028
5.56279
6.70949
7.2124
7.14769
6.87872
6.96753
7.08231
6.67552
6.66656
6.75678
6.92686
7.06234
7.22581
7.26355
7.18354
7.00887
6.5809
5.79441
5.70802
6.34178
6.48465
6.63287
6.4857
6.13798
5.65669
5.27566
4.91881
4.24946
3.60963
3.16851
1.48537
0.255448
0.0144529
0.000906899
0.0150475
0.0365574
0.0153021
0.0270371
0.0479556
0.0770707
0.186934
0.381708
0.596647
0.851689
0.828752
1.06182
1.35698
1.83755
2.04327
1.71586
1.67757
1.94527
2.33726
3.06107
3.58617
3.71085
4.03906
4.16828
4.29492
4.30561
4.29473
4.29339
4.29075
4.24735
4.21476
4.01347
3.73174
3.80772
3.91347
3.92206
3.77437
3.60786
3.65893
3.77669
3.82228
3.77975
3.63506
3.52938
3.52554
3.55473
3.50346
3.40119
3.3608
3.26602
3.24503
3.18243
3.05359
2.85343
2.66188
2.42689
2.19263
2.0711
2.04853
2.1489
2.24889
2.21985
2.04591
1.99954
1.81836
1.61457
1.43006
1.08705
0.639116
0.352982
0.180757
0.0680562
0.0240666
0.00647986
0.000604398
0.00029922
0.000799187
0.00157144
0.00217146
0.000903644
0.00537682
0.0175835
0.0204592
0.00681418
0.00122142
0.00534863
0.0113162
0.0295852
0.0647818
0.117181
0.21606
0.322874
0.287786
0.318144
0.531502
0.834253
1.11542
1.34278
1.2996
0.941346
0.379049
0.374232
0.436426
0.724035
1.16982
1.40944
1.38374
1.16908
0.828033
0.818941
0.850637
1.00054
1.25969
1.36399
1.40254
1.40162
1.41638
1.41956
1.41015
1.40663
1.40898
1.41431
1.40499
1.35525
1.32512
1.28278
1.23158
1.24364
1.23469
1.18066
1.20117
1.14786
1.12314
1.14136
1.14678
1.13671
1.10321
1.07101
1.03381
1.0012
0.965611
0.913482
0.875843
0.813454
0.760658
0.708961
0.644246
0.541687
0.460551
0.414009
0.403937
0.487334
0.550965
0.514025
0.455184
0.389782
0.341555
0.385158
0.387299
0.310094
0.306383
0.287502
0.295691
0.29727
0.281488
0.228438
0.2615
0.288765
0.235476
0.261675
0.250737
0.155607
0.29389
0.302383
0.27193
L of Target
16.3843
25.1712
26.9463
27.1733
28.7187
28.6547
27.2964
26.2256
21.7335
27.4246
28.0696
30.8849
32.7236
33.51
34.3077
34.0735
34.2028
34.4573
34.9928
34.9046
33.3614
32.4636
33.3075
32.8835
31.6084
32.7948
32.6571
30.1009
30.0225
31.1175
31.6119
30.7584
31.3881
30.9059
30.9829
30.9134
30.4433
30.2674
29.8695
29.8468
30.1199
30.0046
29.9661
27.9814
28.6217
28.6627
28.557
28.43
27.4595
27.3489
27.64
26.989
26.873
27.0975
26.9615
26.5979
26.0288
25.3353
25.7099
26.3065
26.2061
25.954
25.7831
25.452
21.2159
21.9757
23.8608
23.6152
23.8108
23.7537
22.5393
19.3622
20.0073
20.0269
21.7689
21.8815
21.9527
22.0254
21.8686
19.3929
9.04274
17.4263
20.7115
20.7824
20.5811
20.2317
19.5532
19.4345
19.2509
19.1692
18.5818
15.9765
16.0149
16.471
16.4414
17.1849
17.6327
17.5601
16.9996
15.8396
17.042
16.7397
16.0145
16.5617
16.3855
16.0871
15.8924
15.4991
12.9827
12.1995
12.5472
11.7594
11.7439
12.9247
12.3312
7.86331
4.85372
6.64148
6.84909
7.48329
8.85716
10.6268
10.8517
11.6655
12.572
12.7657
12.6404
12.3125
12.2987
12.1001
11.9978
11.8316
11.6424
11.475
11.3043
11.0402
10.7712
10.5717
10.5303
10.2791
10.0021
9.48681
8.84014
8.13926
5.98259
3.61507
2.9656
3.26922
4.29468
3.96763
4.48991
5.85354
7.0614
7.58464
7.5037
7.2082
7.2919
7.40597
6.97322
6.95521
7.04375
7.22205
7.36958
7.54821
7.59436
7.51405
7.33293
6.88651
6.06514
5.97634
6.64037
6.79042
6.94908
6.80107
6.44385
5.94697
5.5575
5.19497
4.49961
3.83043
3.3667
1.57943
0.271767
0.0153393
0.000918261
0.0159375
0.0392537
0.0164768
0.02908
0.0520498
0.0836599
0.20303
0.414982
0.649459
0.927927
0.903615
1.15862
1.48142
2.00639
2.23091
1.87328
1.83133
2.12208
2.54622
3.33023
3.89832
4.0312
4.38484
4.52219
4.65629
4.66388
4.64784
4.64228
4.636
4.5862
4.54803
4.32639
4.01768
4.09615
4.20861
4.21597
4.05345
3.8699
3.92123
4.04564
4.09292
4.04489
3.8866
3.77057
3.76467
3.79464
3.73858
3.62804
3.58397
3.48299
3.46161
3.39579
3.25752
3.04072
2.83156
2.57528
2.32001
2.18853
2.16991
2.28539
2.39886
2.37043
2.18443
2.13554
1.94477
1.73035
1.53528
1.1686
0.688087
0.381376
0.196096
0.0741668
0.0263657
0.00711594
0.000663097
0.000328018
0.000878573
0.00172929
0.00238884
0.00099559
0.00594115
0.019429
0.0225964
0.00752187
0.00134667
0.00590405
0.0124953
0.0326996
0.0716121
0.129561
0.238912
0.356936
0.31802
0.35129
0.586406
0.919681
1.22871
1.47805
1.42932
1.03436
0.416182
0.410675
0.4788
0.794107
1.2826
1.54477
1.51602
1.28037
0.906509
0.896366
0.930913
1.09485
1.3783
1.49218
1.53395
1.53242
1.54822
1.55145
1.54079
1.53647
1.53863
1.54431
1.53388
1.47914
1.44572
1.39907
1.34286
1.35558
1.34515
1.28588
1.30763
1.24916
1.22195
1.24161
1.24738
1.23627
1.19963
1.16465
1.12439
1.08913
1.05066
0.994264
0.953371
0.884945
0.826995
0.770211
0.699035
0.586068
0.496024
0.44482
0.434464
0.528299
0.599179
0.559543
0.495637
0.42415
0.371345
0.419628
0.422692
0.33901
0.335362
0.314597
0.323713
0.325765
0.309216
0.251456
0.287958
0.318035
0.259518
0.288863
0.276955
0.172121
0.325295
0.334762
0.301174
