SNR of Background 1
17.7618
28.2012
31.6593
34.0146
37.1552
39.827
41.8447
43.7398
41.5566
49.4495
51.9871
56.1538
59.6305
61.8116
63.6392
64.8464
65.925
67.1948
68.3503
69.4303
69.5747
70.0068
71.463
72.2429
71.6722
72.9288
73.0232
72.2576
72.9348
74.7375
75.8841
76.0992
77.0443
77.1404
77.481
77.854
77.9585
77.9427
77.6933
77.5242
77.3118
77.1507
77.1199
76.0062
76.4198
76.5737
75.8945
74.9164
73.402
71.9995
71.8444
71.0341
70.6034
70.4292
69.5898
68.6893
67.5224
66.7769
66.6734
66.9318
66.7264
66.4764
66.4937
67.2533
65.9991
71.3718
76.9437
79.1442
81.4865
82.9745
83.6529
82.8346
84.0987
85.0404
86.6227
87.1164
87.5776
87.6597
87.468
85.8819
73.4099
83.8829
85.8129
85.5191
84.7358
84.0221
83.011
82.3247
81.539
80.9693
80.193
77.5707
76.9063
77.1116
76.2801
76.7432
76.8406
76.3635
74.736
72.9036
73.8189
72.8568
71.344
72.2335
71.4521
70.384
69.3251
67.9048
62.9624
60.4399
59.9709
57.1928
55.8521
56.7956
54.1607
41.4356
28.873
50.0279
48.5923
33.179
52.6154
57.7045
56.1537
53.5514
48.6176
38.2478
24.3487
24.7617
25.4272
28.249
28.4983
31.3497
33.9844
34.0357
36.4055
35.954
37.8612
39.7733
39.6888
40.9354
41.8027
39.9331
39.5929
39.005
31.9094
21.4164
18.5334
21.8201
28.6259
27.4175
30.9885
39.2549
46.2801
50.3027
50.9485
51.8086
54.0229
56.0524
55.8115
57.6006
60.6002
62.4508
63.6996
64.9242
65.6406
66.76
66.7636
65.5056
62.1054
62.3548
66.543
68.0227
69.2146
69.4199
67.793
65.1253
62.4106
59.1517
53.1531
46.8488
42.3275
22.3942
4.12996
0.25367
0.032202
0.287844
0.51315
0.201447
0.375643
0.492365
0.803433
1.91142
3.79772
5.69606
7.90241
7.45903
9.32438
11.7259
15.637
17.6252
15.2241
15.0327
18.1917
23.1276
31.5623
37.8524
40.117
44.4659
47.1863
49.5298
51.4817
53.3139
54.7354
56.6627
58.0961
59.2799
59.7848
59.6232
61.7324
63.9335
65.3759
65.8272
65.9366
67.5936
69.3994
70.7799
71.3482
71.2471
71.4098
71.8459
72.4336
72.3685
71.9105
71.8544
71.1582
70.8802
70.2401
69.3093
68.1114
67.3374
66.2286
65.0014
63.7414
61.9626
60.8737
59.9895
59.35
56.9498
56.1886
52.4215
46.8661
41.9891
32.8926
19.6838
9.95521
4.46541
1.37146
0.353722
0.0789903
0.00802301
0.00420645
0.00879241
0.0155984
0.0219593
0.0076685
0.0299325
0.0975654
0.120768
0.0437305
0.00924729
0.0347564
0.0700219
0.155021
0.332892
0.579876
1.05136
1.67167
1.5999
2.01134
3.75033
6.54751
9.52902
12.2472
12.8336
10.1172
4.37527
4.53194
5.42554
9.21833
15.1617
18.6722
18.9389
16.479
12.1449
12.2025
12.8003
15.0873
18.8774
20.569
21.2415
21.6607
22.3138
22.6827
22.798
23.2471
23.777
23.8858
24.1018
23.585
23.4543
23.0589
22.4623
22.9163
22.969
22.2737
22.9965
22.3297
21.8022
21.911
21.5342
20.9028
19.8834
18.9749
17.6572
16.4125
15.4203
14.1305
13.2434
12.4225
11.8945
11.236
10.5607
9.73313
9.78633
9.5951
9.19665
8.58947
8.59115
7.77422
6.88695
6.17253
5.57502
5.62178
5.02172
3.60005
3.26159
3.08152
3.02806
2.80364
2.12843
1.39789
1.4884
1.58798
1.15425
0.993871
0.850115
0.387803
0.619532
0.582037
0.454572
SNR of Background 2
65.3207
77.5622
80.385
82.0131
83.8987
85.3014
86.2463
87.0955
86.0904
89.5763
90.5793
91.9773
93.0104
93.6131
94.0808
94.3885
94.6803
95.0141
95.2976
95.5332
95.5713
95.6755
95.9682
96.1045
95.9713
96.1659
96.1008
95.8298
95.8225
96.0315
96.1155
96.047
96.1753
96.1508
96.1823
96.235
96.259
96.2977
96.3271
96.4091
96.4868
96.5448
96.5936
96.4337
96.5629
96.6346
96.546
96.406
96.1763
95.9708
95.9953
95.8838
95.8337
95.8403
95.7404
95.6475
95.5032
95.428
95.4873
95.612
95.6326
95.6166
95.6231
95.5911
94.7384
94.9446
95.3472
95.3149
95.307
95.1959
94.9111
94.023
94.0453
93.9735
94.2692
94.1289
94.0504
93.8861
93.6506
92.6687
84.8474
91.2253
92.2609
91.9988
91.4686
90.9837
90.3126
89.837
89.2901
88.8796
88.3266
86.5245
86.018
86.102
85.4735
85.7323
85.7519
85.3916
84.2158
82.8562
83.4675
82.7849
81.6678
82.2459
81.588
80.7671
79.9898
78.9443
75.0887
73.0613
72.708
70.3973
69.2767
70.1295
67.8566
55.8178
42.1364
64.4617
63.3214
49.718
72.535
76.7894
75.7652
73.8775
69.765
58.9714
40.2733
39.8624
40.2765
43.914
44.0616
47.5319
50.6205
50.5634
53.303
52.7443
54.8658
56.9891
57.0929
58.8903
60.372
58.8303
58.6846
58.0588
49.6999
35.562
31.6069
37.0858
47.2874
46.205
51.6353
61.8767
68.9896
72.1154
71.7671
71.5782
72.8101
74.0885
73.4164
74.3172
76.3555
77.8173
79.0816
80.3594
81.1728
82.1011
82.1888
81.4166
79.1577
79.4436
82.3312
83.312
84.228
84.6644
84.0547
82.8952
81.9521
80.935
78.0471
74.409
71.304
47.1161
10.1687
0.600492
0.0367474
0.651119
1.63317
0.700783
1.26001
2.29455
3.75269
9.04734
18.2879
27.9405
38.2973
37.672
46.1927
55.0346
65.2901
69.1325
64.1415
63.5478
68.7371
74.1732
81.2106
84.8504
85.6451
87.4137
88.2259
88.7927
89.1301
89.3885
89.5114
89.8974
90.1506
90.295
90.0585
89.5027
89.9819
90.6642
91.018
90.8758
90.5158
90.831
91.3429
91.7279
91.7579
91.4818
91.3122
91.3366
91.4735
91.3563
91.0825
90.9888
90.7197
90.6931
90.526
90.0838
89.2483
88.3234
86.9515
85.2644
84.0451
83.9677
85.0178
85.8085
85.9497
84.6345
84.357
82.9201
80.5914
78.2483
71.0783
53.7857
34.8029
19.5262
7.66997
2.74997
0.743372
0.0699205
0.0344541
0.0911202
0.178916
0.243899
0.100203
0.59548
1.93495
2.21679
0.73702
0.132079
0.584997
1.23732
3.22639
7.06612
12.5841
22.3587
32.1073
29.0517
31.5817
46.7178
61.8612
70.9307
75.7632
74.8473
65.1466
35.3785
35.197
39.9893
56.9595
72.4622
77.6373
77.339
72.7079
62.0443
61.7315
63.038
68.271
74.9647
77.0898
77.5659
77.5844
78.0394
78.2582
78.0258
78.1224
78.3525
78.3444
78.3716
77.3689
76.7055
75.7634
74.573
74.7364
74.1304
72.7344
73.1071
71.6926
70.5875
70.5477
69.8383
68.6637
66.7215
65.1631
62.9267
60.6579
58.8093
56.2407
54.097
50.8901
48.3954
45.3193
41.5305
35.5171
31.2675
28.8083
28.5506
34.0715
38.1192
36.4651
33.3671
29.5617
26.0383
28.6647
28.1384
22.8632
22.3992
20.8725
21.1602
21.0132
19.4528
15.7967
17.3922
18.7898
15.0158
16.0523
15.1606
9.25193
16.7469
16.5696
14.7193
SNR of Background Average
63.0003
75.7566
78.7449
80.4781
82.4928
83.9973
85.0142
85.9293
84.8505
88.6059
89.6912
91.2084
92.3325
92.9896
93.5004
93.8366
94.1553
94.5199
94.8301
95.0881
95.1303
95.2446
95.5654
95.7152
95.5703
95.7844
95.7147
95.4204
95.4151
95.6463
95.7409
95.6684
95.8099
95.7844
95.8197
95.8779
95.9043
95.9461
95.9771
96.065
96.1481
96.2102
96.263
96.088
96.2286
96.3065
96.2091
96.0557
95.8041
95.5788
95.605
95.4829
95.428
95.4346
95.3249
95.2226
95.0642
94.9813
95.0453
95.1808
95.2028
95.1853
95.1924
95.1599
94.239
94.4788
94.9325
94.9106
94.9189
94.8155
94.5264
93.5988
93.6411
93.5844
93.9158
93.7855
93.7182
93.5564
93.3165
92.2934
84.1619
90.8015
91.8876
91.6191
91.0701
90.5681
89.8727
89.3807
88.8155
88.392
87.8212
85.9593
85.4381
85.5286
84.8823
85.1534
85.1764
84.8058
83.5948
82.1965
82.8289
82.1254
80.9764
81.5754
80.9039
80.0621
79.2632
78.1877
74.2396
72.1677
71.8052
69.4493
68.3071
69.1718
66.8599
54.7011
41.0349
63.4013
62.236
48.3798
71.1625
75.5417
74.4712
72.5099
68.275
57.3438
38.8461
38.5002
38.9374
42.5271
42.6832
46.124
49.1984
49.1492
51.8807
51.3254
53.4486
55.5751
55.6669
57.4437
58.9004
57.3203
57.1619
56.533
48.1903
34.2691
30.3934
35.7051
45.6972
44.5981
49.9405
60.18
67.4101
70.6433
70.3361
70.1965
71.4996
72.8381
72.1771
73.1385
75.259
76.7643
78.0511
79.3513
80.1769
81.1345
81.2212
80.4114
78.0542
78.3446
81.3523
82.3763
83.3257
83.7658
83.1028
81.8561
80.8226
79.6959
76.6056
72.7524
69.4963
45.0932
9.5751
0.56583
0.0362928
0.614805
1.52135
0.650884
1.17171
2.11489
3.45948
8.34683
16.9115
25.9329
35.7576
35.1363
43.3491
52.0536
62.4282
66.4014
61.2544
60.6497
66.018
71.7507
79.295
83.258
84.1374
86.0834
86.9849
87.6182
88.0016
88.2986
88.4462
88.8798
89.1661
89.3332
89.0878
88.4978
89.0321
89.7811
90.1732
90.0293
89.6525
90.0066
90.5691
90.9925
91.032
90.742
90.5672
90.5993
90.7514
90.6285
90.3365
90.2385
89.947
89.9146
89.7303
89.2553
88.3685
87.4001
85.971
84.2271
82.9614
82.8307
83.8671
84.656
84.7875
83.3811
83.0786
81.5146
78.9884
76.4609
68.9075
51.2803
32.6431
18.1023
7.04993
2.51151
0.677015
0.0637317
0.0314294
0.082888
0.162589
0.221714
0.0909506
0.538979
1.75185
2.00803
0.667773
0.119798
0.530023
1.12084
2.92114
6.40342
11.4243
20.3937
29.4802
26.6258
29.0161
43.505
58.6
68.0023
73.1423
72.1899
62.0718
32.7523
32.5943
37.1779
53.8212
69.7565
75.2659
74.9565
70.0487
59.0204
58.7092
60.0458
65.4357
72.4627
74.73
75.2461
75.275
75.768
76.0066
75.764
75.8755
76.129
76.1228
76.156
75.0915
74.3941
73.4011
72.1478
72.3296
71.7037
70.2433
70.6482
69.175
68.0277
67.9905
67.2545
66.0386
64.0364
62.4326
60.1396
57.8273
55.9517
53.3607
51.2184
48.0587
45.6232
42.6378
38.9963
33.2895
29.3458
27.06
26.7893
31.8529
35.64
34.0271
31.0637
27.4711
24.1676
26.595
26.0587
21.0789
20.623
19.208
19.4668
19.3124
17.8243
14.4216
15.8841
17.1693
13.6881
14.617
13.7915
8.38512
15.2157
15.0505
13.3529
SNR of Target
65.3207
77.5622
80.385
82.0131
83.8987
85.3014
86.2463
87.0955
86.0904
89.5763
90.5793
91.9773
93.0104
93.6131
94.0808
94.3885
94.6803
95.0141
95.2976
95.5332
95.5713
95.6755
95.9682
96.1045
95.9713
96.1659
96.1008
95.8298
95.8225
96.0315
96.1155
96.047
96.1753
96.1508
96.1823
96.235
96.259
96.2977
96.3271
96.4091
96.4868
96.5448
96.5936
96.4337
96.5629
96.6346
96.546
96.406
96.1763
95.9708
95.9953
95.8838
95.8337
95.8403
95.7404
95.6475
95.5032
95.428
95.4873
95.612
95.6326
95.6166
95.6231
95.5911
94.7384
94.9446
95.3472
95.3149
95.307
95.1959
94.9111
94.023
94.0453
93.9735
94.2692
94.1289
94.0504
93.8861
93.6506
92.6687
84.8474
91.2253
92.2609
91.9988
91.4686
90.9837
90.3126
89.837
89.2901
88.8796
88.3266
86.5245
86.018
86.102
85.4735
85.7323
85.7519
85.3916
84.2158
82.8562
83.4675
82.7849
81.6678
82.2459
81.588
80.7671
79.9898
78.9443
75.0887
73.0613
72.708
70.3973
69.2767
70.1295
67.8566
55.8178
42.1364
64.4617
63.3214
49.718
72.535
76.7894
75.7652
73.8775
69.765
58.9714
40.2733
39.8624
40.2765
43.914
44.0616
47.5319
50.6205
50.5634
53.303
52.7443
54.8658
56.9891
57.0929
58.8903
60.372
58.8303
58.6846
58.0588
49.6999
35.562
31.6069
37.0858
47.2874
46.205
51.6353
61.8767
68.9896
72.1154
71.7671
71.5782
72.8101
74.0885
73.4164
74.3172
76.3555
77.8173
79.0816
80.3594
81.1728
82.1011
82.1888
81.4166
79.1577
79.4436
82.3312
83.312
84.228
84.6644
84.0547
82.8952
81.9521
80.935
78.0471
74.409
71.304
47.1161
10.1687
0.600492
0.0367474
0.651119
1.63317
0.700783
1.26001
2.29455
3.75269
9.04734
18.2879
27.9405
38.2973
37.672
46.1927
55.0346
65.2901
69.1325
64.1415
63.5478
68.7371
74.1732
81.2106
84.8504
85.6451
87.4137
88.2259
88.7927
89.1301
89.3885
89.5114
89.8974
90.1506
90.295
90.0585
89.5027
89.9819
90.6642
91.018
90.8758
90.5158
90.831
91.3429
91.7279
91.7579
91.4818
91.3122
91.3366
91.4735
91.3563
91.0825
90.9888
90.7197
90.6931
90.526
90.0838
89.2483
88.3234
86.9515
85.2644
84.0451
83.9677
85.0178
85.8085
85.9497
84.6345
84.357
82.9201
80.5914
78.2483
71.0783
53.7857
34.8029
19.5262
7.66997
2.74997
0.743372
0.0699205
0.0344541
0.0911202
0.178916
0.243899
0.100203
0.59548
1.93495
2.21679
0.73702
0.132079
0.584997
1.23732
3.22639
7.06612
12.5841
22.3587
32.1073
29.0517
31.5817
46.7178
61.8612
70.9307
75.7632
74.8473
65.1466
35.3785
35.197
39.9893
56.9595
72.4622
77.6373
77.339
72.7079
62.0443
61.7315
63.038
68.271
74.9647
77.0898
77.5659
77.5844
78.0394
78.2582
78.0258
78.1224
78.3525
78.3444
78.3716
77.3689
76.7055
75.7634
74.573
74.7364
74.1304
72.7344
73.1071
71.6926
70.5875
70.5477
69.8383
68.6637
66.7215
65.1631
62.9267
60.6579
58.8093
56.2407
54.097
50.8901
48.3954
45.3193
41.5305
35.5171
31.2675
28.8083
28.5506
34.0715
38.1192
36.4651
33.3671
29.5617
26.0383
28.6647
28.1384
22.8632
22.3992
20.8725
21.1602
21.0132
19.4528
15.7967
17.3922
18.7898
15.0158
16.0523
15.1606
9.25193
16.7469
16.5696
14.7193
