L of Background 1
1.65518
1.66476
1.60932
1.55549
1.59823
1.77148
1.93552
1.96171
1.78328
1.57522
1.45967
1.38312
1.29511
1.19598
1.10373
1.10557
1.13594
1.86886
2.4866
3.82807
6.1739
5.03555
6.56212
6.87857
6.41146
4.78499
5.11603
6.37854
6.48018
6.45374
6.41603
5.02637
3.04383
2.47016
0.715236
0.885211
2.21251
3.71296
4.72403
4.79437
4.82358
4.73923
4.49218
4.17184
3.46236
1.98895
0.451244
0.209183
0.374596
1.0759
1.69469
1.78144
1.85365
2.16334
2.49751
2.5638
2.18045
2.07216
2.14413
1.64554
1.04367
0.471971
3.46622e-007
2.45202e-005
0.000384811
0.00173836
0.010944
0.0243316
0.0316497
0.108271
0.235345
0.349737
0.453161
0.518772
0.550425
0.527738
0.569854
0.574674
0.594797
0.643248
0.613506
0.597041
0.580648
0.557726
0.532996
0.495152
0.447038
0.394004
0.334396
0.296709
0.226561
0.140733
0.0622747
0.0118214
0.000352707
0.0120267
0.0221161
0.0114713
0.0399971
0.0463714
0.0423696
0.0691336
0.0797599
0.0857618
0.0907128
0.0841302
0.0815539
0.0795785
0.08294
0.0844058
0.0775412
0.0682061
0.0598093
0.0509906
0.0430444
0.0347638
0.0245225
0.020044
0.0141324
0.0122281
0.0072981
0.00814031
0.00417102
0.00191865
0.000169278
4.97532e-005
L of Background Average
1.65518
1.66476
1.60932
1.55549
1.59823
1.77148
1.93552
1.96171
1.78328
1.57522
1.45967
1.38312
1.29511
1.19598
1.10373
1.10557
1.13594
1.86886
2.4866
3.82807
6.1739
5.03555
6.56212
6.87857
6.41146
4.78499
5.11603
6.37854
6.48018
6.45374
6.41603
5.02637
3.04383
2.47016
0.715236
0.885211
2.21251
3.71296
4.72403
4.79437
4.82358
4.73923
4.49218
4.17184
3.46236
1.98895
0.451244
0.209183
0.374596
1.0759
1.69469
1.78144
1.85365
2.16334
2.49751
2.5638
2.18045
2.07216
2.14413
1.64554
1.04367
0.471971
3.46622e-007
2.45202e-005
0.000384811
0.00173836
0.010944
0.0243316
0.0316497
0.108271
0.235345
0.349737
0.453161
0.518772
0.550425
0.527738
0.569854
0.574674
0.594797
0.643248
0.613506
0.597041
0.580648
0.557726
0.532996
0.495152
0.447038
0.394004
0.334396
0.296709
0.226561
0.140733
0.0622747
0.0118214
0.000352707
0.0120267
0.0221161
0.0114713
0.0399971
0.0463714
0.0423696
0.0691336
0.0797599
0.0857618
0.0907128
0.0841302
0.0815539
0.0795785
0.08294
0.0844058
0.0775412
0.0682061
0.0598093
0.0509906
0.0430444
0.0347638
0.0245225
0.020044
0.0141324
0.0122281
0.0072981
0.00814031
0.00417102
0.00191865
0.000169278
4.97532e-005
L of Target
1.7691
1.79335
1.74819
1.69608
1.73295
1.89368
2.04202
2.04819
1.85586
1.63783
1.51503
1.43616
1.348
1.25129
1.1642
1.17321
1.18723
1.89206
2.47008
3.75821
6.04457
4.93068
6.42836
6.74269
6.29012
4.69828
5.02505
6.2668
6.36952
6.34754
6.31138
4.95023
3.00205
2.44151
0.708534
0.877475
2.1927
3.67954
4.68286
4.75174
4.7793
4.69643
4.45323
4.1372
3.43684
1.97833
0.449924
0.209383
0.375211
1.0789
1.70209
1.79128
1.86425
2.17428
2.50866
2.57516
2.19062
2.08237
2.15688
1.65889
1.05751
0.484243
3.49153e-007
2.92785e-005
0.00057146
0.00243106
0.0137545
0.0296875
0.0375704
0.126799
0.273304
0.401663
0.514821
0.583378
0.613308
0.583503
0.626086
0.628056
0.646505
0.696773
0.66392
0.646141
0.628675
0.603814
0.576725
0.535831
0.484552
0.428206
0.364806
0.325553
0.250217
0.156475
0.0699304
0.0135572
0.00179264
0.0189046
0.0338017
0.0174988
0.0563815
0.0643344
0.0577703
0.0931605
0.106383
0.11294
0.11802
0.108203
0.10405
0.10075
0.104706
0.106301
0.0966307
0.0845755
0.0747034
0.0647294
0.0558932
0.0459045
0.0331802
0.0276809
0.0196944
0.0175102
0.0107447
0.0116792
0.00621199
0.00355982
0.000645929
0.000116836
