SNR of Background 1
84.0284
84.8477
84.7939
85.1853
86.3577
88.0795
89.5805
89.8839
88.9253
87.6716
87.2539
86.7438
85.7057
84.9162
84.5297
84.8075
85.3597
91.7922
94.1667
96.3375
97.8379
97.4102
98.1304
98.2042
98.0894
97.5025
97.7621
98.2306
98.2529
98.3213
98.5006
98.0696
96.4154
95.9958
84.5894
87.2853
95.4255
97.5302
98.0504
98.0449
98.1381
98.1569
97.9436
97.9407
97.6103
95.6327
77.2688
56.3209
75.4855
91.7091
94.9784
95.4013
95.3275
96.2314
96.7137
96.8652
96.4464
96.0121
96.3626
95.3204
92.3533
82.289
0.000164002
0.0134718
0.208284
0.906084
5.66275
12.7431
15.8549
44.0512
68.975
78.8333
83.7532
86.0693
87.2403
86.2801
87.392
87.7093
88.4384
89.076
88.5957
88.353
88.1853
87.3791
86.7485
85.8784
84.2517
81.4498
78.0506
75.4614
68.1974
52.9498
29.2769
6.71916
0.353857
11.7058
20.3176
11.0435
33.4946
38.394
36.1014
50.3917
54.2493
56.1656
57.7028
56.0916
55.2065
53.8506
55.9315
54.3166
52.935
48.6021
45.4333
39.5112
34.1397
28.5876
21.2684
17.9389
13.0545
11.5234
6.89764
7.71866
3.94282
1.80537
0.163222
0.0437911
SNR of Background Average
84.0284
84.8477
84.7939
85.1853
86.3577
88.0795
89.5805
89.8839
88.9253
87.6716
87.2539
86.7438
85.7057
84.9162
84.5297
84.8075
85.3597
91.7922
94.1667
96.3375
97.8379
97.4102
98.1304
98.2042
98.0894
97.5025
97.7621
98.2306
98.2529
98.3213
98.5006
98.0696
96.4154
95.9958
84.5894
87.2853
95.4255
97.5302
98.0504
98.0449
98.1381
98.1569
97.9436
97.9407
97.6103
95.6327
77.2688
56.3209
75.4855
91.7091
94.9784
95.4013
95.3275
96.2314
96.7137
96.8652
96.4464
96.0121
96.3626
95.3204
92.3533
82.289
0.000164002
0.0134718
0.208284
0.906084
5.66275
12.7431
15.8549
44.0512
68.975
78.8333
83.7532
86.0693
87.2403
86.2801
87.392
87.7093
88.4384
89.076
88.5957
88.353
88.1853
87.3791
86.7485
85.8784
84.2517
81.4498
78.0506
75.4614
68.1974
52.9498
29.2769
6.71916
0.353857
11.7058
20.3176
11.0435
33.4946
38.394
36.1014
50.3917
54.2493
56.1656
57.7028
56.0916
55.2065
53.8506
55.9315
54.3166
52.935
48.6021
45.4333
39.5112
34.1397
28.5876
21.2684
17.9389
13.0545
11.5234
6.89764
7.71866
3.94282
1.80537
0.163222
0.0437911
SNR of Target
85.1216
86.0085
86.0843
86.5
87.4998
88.9139
90.1726
90.3497
89.3967
88.1824
87.7578
87.2722
86.3077
85.6287
85.3864
85.7429
86.0374
91.9023
94.1242
96.2645
97.7892
97.3519
98.0897
98.1664
98.0508
97.4538
97.7195
98.1977
98.2213
98.292
98.4748
98.0385
96.362
95.9453
84.4342
87.1639
95.3808
97.5065
98.0324
98.0265
98.12
98.1394
97.9248
97.9226
97.5916
95.6074
77.2023
56.351
75.5247
91.7343
95.002
95.4286
95.3562
96.2518
96.7293
96.8799
96.4641
96.0331
96.3856
95.361
92.4627
82.7594
0.000165199
0.016086
0.309206
1.26558
7.07712
15.3527
18.5563
48.9602
72.9688
81.6402
85.8204
87.7282
88.654
87.6916
88.6167
88.8405
89.4422
89.9885
89.5363
89.3136
89.1644
88.4212
87.8326
87.0304
85.5499
82.9969
79.9064
77.6116
70.9263
56.3028
32.1911
7.67586
1.78966
17.8502
29.3388
16.4162
43.3367
48.3098
45.2489
59.7872
63.1979
64.6285
65.7107
63.8555
62.771
61.2317
63.1451
61.5212
59.8541
55.4025
52.4154
46.7362
41.5863
35.7726
27.654
23.9363
17.7673
16.1379
10.0226
10.9227
5.82995
3.33142
0.621861
0.102815
