L of Background 1
0.916141
0.921296
0.89259
0.892783
1.00464
1.25536
1.47093
1.53583
1.36139
1.16475
1.06149
0.989465
0.916477
0.83091
0.74845
0.750883
0.894206
1.76718
2.64871
4.252
6.78931
5.71332
7.32583
7.6211
7.12265
5.53298
5.8576
7.07343
7.16332
7.12966
7.08846
5.67649
3.66618
2.91728
0.887981
1.1145
2.65687
4.18104
5.17893
5.24877
5.27586
5.17801
4.90394
4.56138
3.82906
2.28359
0.543172
0.255098
0.453906
1.26474
1.94981
2.01271
2.08085
2.37556
2.70599
2.76869
2.36088
2.24434
2.32022
1.83046
1.20052
0.545616
9.0184e-008
5.80275e-006
9.22718e-005
0.00106047
0.0104706
0.0248003
0.0333203
0.116867
0.253981
0.368479
0.471663
0.54006
0.57389
0.551029
0.595097
0.600466
0.621455
0.671678
0.640212
0.622476
0.604808
0.580417
0.555728
0.517627
0.471124
0.418965
0.360098
0.320897
0.242798
0.151405
0.0668532
0.0125806
9.25638e-005
0.0116
0.0216876
0.0113204
0.0399095
0.0466741
0.0430389
0.0690664
0.0798337
0.0859507
0.0909115
0.0847651
0.0825797
0.0808264
0.0838664
0.0848239
0.0778138
0.0683274
0.0597817
0.0508557
0.0432155
0.0349152
0.0248191
0.0202834
0.0141871
0.0122486
0.00723078
0.0081134
0.004101
0.0017113
6.03274e-005
2.31513e-005
L of Background 2
0.9943
1.02246
1.02238
1.06007
1.20944
1.50171
1.75014
1.82902
1.68311
1.50595
1.42312
1.38947
1.32466
1.22211
1.0927
1.08187
1.1985
2.01183
2.57459
3.48362
5.18514
4.25601
5.24074
5.47941
5.17708
4.0282
4.17553
5.01156
5.07322
5.08587
5.07381
4.17584
2.74149
2.2294
0.685511
0.825789
1.96811
3.1392
3.89895
3.94363
3.94507
3.8622
3.67012
3.4453
2.953
1.82311
0.443818
0.205811
0.359457
1.01399
1.6237
1.70714
1.76897
2.00835
2.2784
2.34091
2.0042
1.90977
1.99876
1.61055
1.08577
0.50452
9.0184e-008
5.80275e-006
9.22718e-005
0.000884707
0.0100894
0.0255797
0.0350458
0.128001
0.290719
0.42551
0.542158
0.615482
0.648878
0.618782
0.664743
0.668079
0.685916
0.738449
0.708511
0.695956
0.68042
0.654049
0.627495
0.588531
0.540986
0.484409
0.416647
0.371266
0.280345
0.172145
0.0740898
0.0138382
9.25642e-005
0.0102352
0.0209534
0.00816324
0.0413354
0.0513261
0.0460042
0.0749186
0.0875481
0.0948285
0.101687
0.0948487
0.0916366
0.0877221
0.0886259
0.087389
0.0775731
0.066169
0.0570013
0.0466158
0.0370217
0.0264753
0.0130336
0.00661537
0.00155925
0.000396098
0.00027688
0.000289933
0.000185201
0.000162008
6.03888e-005
2.31518e-005
L of Background 3
2.33929
2.42711
2.45182
2.42708
2.41549
2.44868
2.51779
2.52654
2.48207
2.38378
2.35773
2.37865
2.33379
2.2766
2.2532
2.35151
2.03703
2.05057
1.80499
1.83413
2.39157
1.84635
2.24188
2.28734
2.10796
1.63035
1.70651
2.04199
2.06471
2.06063
2.04571
1.6151
1.05203
0.882151
0.28578
0.356509
0.821699
1.25997
1.54224
1.54084
1.53989
1.49692
1.40952
1.30674
1.11258
0.690706
0.172794
0.0882083
0.156034
0.438403
0.690607
0.727878
0.758075
0.855504
0.963414
0.981304
0.835214
0.793023
0.83053
0.680004
0.491681
0.271179
1.00783e-007
3.65771e-005
0.0013124
0.00621428
0.0265373
0.05075
0.0555236
0.169065
0.341971
0.461746
0.550503
0.586512
0.580577
0.52257
0.534149
0.514918
0.509068
0.533688
0.502033
0.487729
0.477223
0.458528
0.439485
0.412589
0.381707
0.346117
0.305697
0.283448
0.22396
0.147026
0.0716017
0.016791
0.00616441
0.0542188
0.0908727
0.0458464
0.122116
0.131442
0.109354
0.163374
0.178818
0.185615
0.189168
0.168002
0.156537
0.147584
0.150881
0.155318
0.148571
0.137763
0.125847
0.112438
0.102057
0.0877257
0.0700907
0.0618984
0.0442099
0.0419614
0.026706
0.0272667
0.0156081
0.0114351
0.00192649
0.00111813
L of Background Average
1.0887
1.11129
1.09934
1.11209
1.22679
1.47263
1.68685
1.75179
1.60166
1.42258
1.33515
1.28767
1.22076
1.13122
1.03586
1.0425
1.12974
1.89325
2.53439
3.70068
5.70123
4.73783
5.97408
6.22133
5.83449
4.53575
4.76384
5.73659
5.80807
5.79613
5.76937
4.66434
3.03282
2.43717
0.746596
0.923057
2.19675
3.46924
4.29867
4.35112
4.36504
4.27876
4.05657
3.7857
3.20439
1.93918
0.466307
0.21868
0.386308
1.08158
1.69297
1.76148
1.82327
2.0759
2.35964
2.41771
2.06479
1.96461
2.04188
1.62702
1.08357
0.501699
9.17349e-008
9.0487e-006
0.000238493
0.00150552
0.0119247
0.027707
0.0362308
0.12654
0.277473
0.40061
0.50774
0.574869
0.604551
0.575283
0.616854
0.618949
0.635985
0.68456
0.653694
0.638374
0.622268
0.597669
0.572795
0.53547
0.490117
0.437845
0.377273
0.337292
0.25593
0.159262
0.0702224
0.0135047
0.0012912
0.0153151
0.0283107
0.0135093
0.048697
0.057008
0.0508538
0.0808332
0.0928133
0.0994629
0.105042
0.097118
0.0935948
0.0902584
0.0924697
0.0928966
0.0847904
0.0744043
0.0652735
0.0553157
0.0466201
0.0368185
0.0246299
0.0189759
0.0121374
0.010532
0.00640487
0.00690719
0.00368992
0.00206758
0.000303351
0.000133109
L of Target
2.92952
3.10866
3.19396
3.17812
3.13917
3.11621
3.08897
2.9477
2.75702
2.55326
2.44847
2.42457
2.36813
2.31845
2.31425
2.43682
2.1211
2.14469
1.89543
1.95077
2.61592
2.09021
2.61406
2.71961
2.55892
2.0124
2.13112
2.57352
2.62535
2.64552
2.63423
2.13281
1.41537
1.19559
0.388609
0.490305
1.14433
1.77451
2.19237
2.20099
2.19835
2.15169
2.04206
1.9062
1.63255
1.02058
0.256545
0.131243
0.234521
0.663722
1.05072
1.10849
1.15233
1.299
1.46199
1.49168
1.27391
1.21339
1.27516
1.04679
0.754769
0.416808
1.12333e-007
5.88926e-005
0.00204347
0.00937131
0.0401829
0.0776206
0.0867068
0.269279
0.549031
0.742042
0.884604
0.943571
0.93646
0.845984
0.867161
0.837274
0.827798
0.868078
0.818467
0.795408
0.776622
0.745365
0.712051
0.665807
0.615039
0.558375
0.49401
0.459292
0.363943
0.238596
0.114452
0.0258601
0.00932731
0.0821628
0.13878
0.0708745
0.191638
0.209181
0.177895
0.269864
0.297969
0.307306
0.311508
0.277073
0.259787
0.245632
0.25147
0.255033
0.23309
0.208034
0.189054
0.170643
0.156832
0.134961
0.106358
0.093616
0.0672177
0.0636824
0.04087
0.0420049
0.0240497
0.018084
0.00358074
0.00121826
