SNR of Background 1
71.1027
72.4
72.3714
73.8658
77.8301
82.7606
85.9674
86.8004
85.1725
82.9679
82.0997
81.0906
79.4502
77.9727
76.892
77.315
81.1551
91.2741
94.5537
96.7264
98.0428
97.733
98.3332
98.3861
98.288
97.8566
98.0583
98.4112
98.426
98.4864
98.6477
98.2998
97.0602
96.6493
87.7901
90.1049
96.2431
97.8204
98.2289
98.2213
98.3042
98.3195
98.124
98.1244
97.8504
96.2354
81.1774
62.4728
79.7719
93.0529
95.6844
95.9681
95.8752
96.5905
96.9826
97.1112
96.7357
96.3393
96.6569
95.8281
93.438
84.8065
4.267e-005
0.00318824
0.0499696
0.55341
5.42291
12.9745
16.626
46.4081
71.0517
79.9299
84.4289
86.6599
87.8046
86.9045
87.9709
88.2814
88.9773
89.5793
89.1129
88.87
88.6977
87.9132
87.3335
86.5373
85.1085
82.6024
79.6376
77.2872
70.1139
55.2634
31.0375
7.13856
0.0929465
11.3108
19.9636
10.905
33.4362
38.5816
36.5394
50.3609
54.2786
56.2349
57.7714
56.3285
55.6013
54.3432
56.2817
54.4729
53.0462
48.6579
45.419
39.4339
34.2467
28.6916
21.4971
18.1342
13.1021
11.5418
6.83572
7.69393
3.87757
1.61136
0.0581894
0.0203786
SNR of Background 2
73.2354
75.015
75.7466
77.9192
81.6623
85.7502
88.3724
89.0805
88.2063
87.0565
86.8996
86.8092
86.048
85.2607
84.3634
84.4525
86.1786
92.4281
94.3831
95.9476
97.4014
96.9045
97.633
97.7211
97.6085
97.003
97.227
97.7221
97.7426
97.8466
98.0854
97.655
95.9898
95.5283
83.8784
86.2947
94.8077
97.0499
97.615
97.5997
97.7012
97.716
97.4564
97.4815
97.1726
95.2022
76.8905
55.8086
74.4841
91.1536
94.74
95.1846
95.0852
95.9183
96.3749
96.5458
96.1105
95.646
96.0783
95.2104
92.6769
83.4888
4.267e-005
0.00318824
0.0499696
0.46183
5.22938
13.3579
17.4152
49.2573
74.5186
82.7148
86.5883
88.4218
89.3301
88.4518
89.3361
89.5675
90.1028
90.6045
90.2535
90.146
90.0607
89.3866
88.8991
88.2846
87.1668
85.0827
82.4926
80.4076
73.8713
59.2913
33.7129
7.82997
0.092947
10.0368
19.3533
7.96408
34.3778
41.372
38.4338
52.9352
57.1888
59.313
61.2453
59.8427
58.8677
56.927
58.0154
55.4148
52.948
47.6512
43.9553
36.9348
30.2334
22.6198
11.8666
6.24964
1.50985
0.390009
0.268159
0.282645
0.177408
0.153307
0.0582486
0.020379
SNR of Background 3
89.0001
89.9258
90.3639
90.8596
91.2978
91.6286
92.1849
92.3297
92.2844
92.1568
92.4467
92.6616
92.4719
92.5097
92.8786
93.316
92.2448
92.5844
91.7236
91.8633
94.0362
92.3654
94.121
94.1947
93.73
92.0326
92.7236
94.0423
94.0904
94.3444
94.966
93.5019
88.6264
87.7209
62.7449
68.2123
86.5465
92.0891
93.547
93.4163
93.6975
93.6913
92.8764
92.8522
91.8854
86.1915
49.6593
30.7507
49.8987
78.3532
86.6421
87.8024
87.6182
89.6663
90.7686
91.1298
89.9223
88.6569
89.8049
87.7381
82.7282
69.4568
4.76847e-005
0.0200957
0.70916
3.21283
13.2863
24.8755
26.2061
58.0435
78.2922
84.1445
86.8076
87.7993
87.957
86.134
86.479
86.1613
86.3162
86.6227
85.8327
85.5089
85.3984
84.4236
83.7107
82.8544
81.4058
78.8103
76.0031
74.349
67.8714
54.3352
32.8078
9.43644
6.05726
42.7331
58.4671
37.3963
67.1994
70.0582
65.0997
75.4816
77.0983
77.6714
77.9326
75.7621
74.1189
72.1522
73.3487
72.3318
72.2484
69.9994
68.3182
63.9738
60.3743
55.4993
48.6283
45.1582
35.4816
34.4074
23.2593
23.8228
14.1256
10.4006
1.84691
0.98104
SNR of Background Average
75.4743
76.9781
77.4264
78.9615
81.9325
85.4482
87.8977
88.5552
87.5539
86.2363
85.9671
85.6833
84.7722
83.9956
83.4523
83.8284
85.2738
91.9078
94.2862
96.2022
97.649
97.2377
97.9373
98.0055
97.891
97.3573
97.5876
98.0232
98.0413
98.1221
98.3256
97.9124
96.4015
95.9375
85.2796
87.8493
95.39
97.3465
97.8477
97.8356
97.9329
97.9489
97.7111
97.7196
97.4069
95.5117
78.0035
57.7163
76.2145
91.7567
94.9729
95.345
95.2433
96.0608
96.5083
96.6629
96.2328
95.7768
96.1671
95.2627
92.6607
83.3908
4.34038e-005
0.00497165
0.129122
0.785043
6.15825
14.3965
17.9528
48.8959
73.3542
81.59
85.6081
87.5312
88.4751
87.5008
88.4312
88.6616
89.2515
89.7932
89.3576
89.1717
89.0427
88.2917
87.742
87.0209
85.7258
83.3913
80.5885
78.3942
71.5268
56.8585
32.2994
7.647
1.29129
14.6963
25.2512
12.8952
38.9779
44.5527
41.3747
55.3401
59.0153
60.7883
62.236
60.5729
59.525
57.8215
59.3393
57.3398
55.7626
51.3464
48.1564
41.923
36.3302
29.9836
21.3513
17.0618
11.3029
9.99309
6.07337
6.57978
3.49384
1.94456
0.292372
0.117129
SNR of Target
91.3976
92.315
92.7843
93.1936
93.4656
93.5677
93.7491
93.5187
93.1214
92.7243
92.7522
92.8134
92.5912
92.6574
93.0836
93.5709
92.5803
92.9394
92.1547
92.394
94.5902
93.3332
95.024
95.1887
94.9213
93.6697
94.2894
95.3645
95.4454
95.6847
96.1672
95.1963
91.7751
91.1867
71.5035
76.4352
90.6168
94.5549
95.5943
95.5295
95.7156
95.7429
95.2402
95.2596
94.659
90.9695
62.0515
41.7688
62.6541
85.9737
91.5437
92.2942
92.1608
93.4544
94.147
94.3851
93.6477
92.8739
93.6199
92.3439
89.1019
79.8558
5.31496e-005
0.0323546
1.10271
4.81616
19.4872
35.3157
37.5948
71.6497
86.7936
90.5111
92.1346
92.741
92.8558
91.7938
92.0257
91.8495
91.9427
92.1282
91.6764
91.4854
91.3991
90.7989
90.3299
89.7584
88.8355
87.1974
85.3856
84.322
79.8336
68.9675
46.405
14.2179
9.05313
55.7391
70.8928
50.6199
78.5968
80.9989
77.7993
85.3851
86.5595
86.8316
86.9217
85.5438
84.5642
83.2978
84.1242
83.1808
82.2966
79.8994
78.5054
75.3122
72.6704
68.5049
61.7181
58.1718
47.9425
46.6571
33.2484
34.1565
20.9897
16.0151
3.41358
1.06857
