L of Background 1
1.37532
2.10468
2.25374
2.291
2.44984
2.47734
2.39519
2.32716
1.93351
2.42528
2.46204
2.69594
2.84861
2.9124
2.98555
2.96378
2.95558
2.9489
2.97561
2.96758
2.83988
2.75936
2.83187
2.81528
2.73819
2.8895
2.96455
2.84506
2.96877
3.23254
3.44577
3.47793
3.63182
3.63271
3.69383
3.72212
3.67039
3.60815
3.47704
3.35308
3.259
3.15646
3.1
2.85412
2.87414
2.83938
2.79977
2.75602
2.62261
2.56887
2.5593
2.47246
2.44321
2.43935
2.38946
2.30926
2.21428
2.11848
2.10852
2.11751
2.07892
2.04479
2.0328
2.10759
2.02109
2.63964
3.59459
4.11336
4.86145
5.5391
5.89111
5.67047
6.42112
7.02429
8.27112
8.92554
9.4833
9.87905
10.0407
9.04545
4.22772
8.39107
10.2164
10.3826
10.3683
10.2608
9.97606
9.97051
9.93259
9.94045
9.68718
8.35494
8.41974
8.70857
8.74488
9.20255
9.4832
9.4701
9.19817
8.60689
9.29136
9.12267
8.73939
9.08355
9.04091
8.89469
8.7791
8.54517
7.12489
6.64947
6.84034
6.4181
6.41277
7.06718
6.73875
4.24777
2.5908
3.52828
3.61768
3.93467
4.63798
5.54333
5.63241
6.02809
6.48062
6.65992
6.80676
6.84977
6.95735
6.88034
6.86142
6.80549
6.72731
6.65504
6.56794
6.42175
6.27904
6.16505
6.10555
5.88202
5.62834
5.26367
4.86964
4.4762
3.2766
1.95386
1.57594
1.7121
2.21692
2.00963
2.23293
2.88411
3.48181
3.80223
3.87751
3.8397
3.98497
4.10994
3.93517
4.00816
4.11449
4.21232
4.23894
4.26719
4.23264
4.15472
4.03826
3.77892
3.30737
3.2431
3.60621
3.68571
3.74024
3.59976
3.33857
2.99819
2.69543
2.39167
1.95874
1.5917
1.35717
0.622027
0.104805
0.00623413
0.000782852
0.0067951
0.0118514
0.00456447
0.00835528
0.0107257
0.0171498
0.040597
0.0793267
0.117235
0.160306
0.150242
0.185008
0.230523
0.310669
0.347231
0.292271
0.28728
0.346548
0.449267
0.631613
0.770718
0.821047
0.921188
0.978707
1.03931
1.07662
1.11127
1.14708
1.17684
1.19044
1.20879
1.19073
1.15032
1.20369
1.24982
1.26948
1.25403
1.23982
1.28916
1.34723
1.3763
1.38302
1.36027
1.34859
1.36405
1.38565
1.37735
1.34918
1.34165
1.30376
1.28665
1.25317
1.20935
1.15899
1.12574
1.08204
1.03611
1.00245
0.946237
0.911301
0.88858
0.8559
0.792194
0.768987
0.674094
0.566209
0.47744
0.348323
0.195145
0.0953923
0.0417564
0.012764
0.00330202
0.000741623
7.58719e-005
4.06856e-005
8.50201e-005
0.000149863
0.000213792
7.59706e-005
0.000291563
0.000949511
0.00119491
0.000437776
9.43492e-005
0.00034649
0.000694057
0.00152126
0.00322483
0.00559609
0.0101086
0.0159002
0.0152629
0.019293
0.0366429
0.064563
0.0951646
0.125152
0.131706
0.103289
0.0441113
0.0454072
0.0541135
0.0923656
0.153953
0.19118
0.192887
0.16685
0.120897
0.121293
0.1273
0.151001
0.191613
0.209982
0.219419
0.223812
0.229415
0.232049
0.233998
0.237534
0.241639
0.243866
0.24441
0.239663
0.239043
0.235417
0.229505
0.23548
0.239594
0.232692
0.24202
0.235214
0.232744
0.238118
0.240376
0.239732
0.234562
0.227385
0.217682
0.208894
0.199331
0.185617
0.177141
0.169121
0.16275
0.156856
0.150314
0.14147
0.140535
0.135871
0.128268
0.117879
0.116323
0.103618
0.0903854
0.079889
0.0726711
0.074314
0.0682607
0.0493175
0.0452062
0.0432891
0.043128
0.0404517
0.0315667
0.0209663
0.0230866
0.0250523
0.0188188
0.0167393
0.0145392
0.00676864
0.0106103
0.0102565
0.00794204
L of Background 2
14.4986
22.3134
23.924
24.1684
25.5848
25.5694
24.4004
23.481
19.4895
24.6284
25.2426
27.8129
29.5094
30.2584
31.0203
30.8484
31.0033
31.2705
31.7945
31.7515
30.3825
29.5988
30.4013
30.0474
28.916
30.0352
29.9443
27.6336
27.5962
28.6396
29.1313
28.3772
28.9876
28.5698
28.6678
28.6307
28.2217
28.0821
27.7326
27.7292
27.9999
27.911
27.8953
26.0671
26.682
26.7382
26.6586
26.5591
25.6699
25.5823
25.8699
25.2764
25.1841
25.4094
25.2968
24.9693
24.4476
23.809
24.175
24.7486
24.667
24.4434
24.2958
24.0006
19.8432
20.6275
22.6021
22.4023
22.6289
22.6128
21.4827
18.4319
19.0913
19.1612
20.8829
21.0234
21.1185
21.2084
21.0714
18.6654
8.50691
16.639
20.0001
20.0797
19.8931
19.5624
18.9122
18.8033
18.6315
18.5586
17.993
15.4137
15.4577
15.9169
15.9048
16.6615
17.1058
17.0399
16.4998
15.378
16.5497
16.2587
15.5577
16.0934
15.9261
15.6397
15.4528
15.0688
12.5674
11.7406
12.1002
11.3654
11.3725
12.5622
11.9831
7.54313
4.62049
6.35682
6.5712
7.20537
8.5482
10.2924
10.5262
11.3455
12.2489
12.4443
12.3293
12.0167
12.0081
11.8171
11.7198
11.5603
11.378
11.217
11.0518
10.7953
10.5341
10.3407
10.3006
10.0539
9.78113
9.27439
8.63718
7.94362
5.8135
3.48393
2.85073
3.15111
4.15425
3.829
4.3422
5.68852
6.88717
7.40896
7.32388
7.02396
7.12949
7.25139
6.82535
6.81307
6.90536
7.08294
7.22858
7.40413
7.4493
7.37117
7.19384
6.75403
5.93954
5.85095
6.51354
6.66424
6.82032
6.67401
6.31748
5.81843
5.43209
5.07029
4.37973
3.73214
3.27726
1.52927
0.26113
0.0146745
0.000891164
0.0152794
0.0375508
0.0157556
0.0278388
0.0498562
0.0801332
0.194725
0.398247
0.624471
0.894168
0.870963
1.11878
1.43193
1.94467
2.16458
1.81566
1.77611
2.06037
2.47922
3.25057
3.81142
3.9413
4.29494
4.43393
4.56805
4.57675
4.5622
4.55781
4.55269
4.50501
4.46847
4.25138
3.94865
4.02728
4.13909
4.14728
3.98777
3.80794
3.85989
3.98353
4.03094
3.9845
3.82945
3.71574
3.71052
3.74079
3.68615
3.57772
3.53492
3.43567
3.41483
3.35003
3.214
3.00027
2.7941
2.54091
2.28746
2.15362
2.13754
2.25073
2.35687
2.33354
2.15355
2.10634
1.91635
1.7027
1.50991
1.1476
0.67422
0.372467
0.191206
0.0722172
0.02565
0.00692104
0.000645498
0.000319988
0.000855196
0.00168226
0.00232396
0.000969049
0.00577812
0.0189142
0.0220187
0.00732631
0.00131273
0.00575365
0.0121721
0.0318656
0.0697997
0.126403
0.23344
0.349449
0.31127
0.344023
0.576068
0.904771
1.21082
1.45864
1.41044
1.01975
0.408854
0.403287
0.470381
0.782017
1.26548
1.52715
1.49894
1.2654
0.894903
0.884866
0.919286
1.08176
1.36263
1.47605
1.51752
1.51601
1.5318
1.5352
1.5247
1.5205
1.52266
1.52844
1.5182
1.46398
1.43097
1.38478
1.32905
1.34178
1.33154
1.27239
1.29436
1.23656
1.20966
1.22927
1.23509
1.2242
1.18795
1.15334
1.11347
1.07856
1.04043
0.98449
0.943996
0.876226
0.81883
0.76263
0.692265
0.580496
0.491451
0.440512
0.429936
0.522846
0.593278
0.553785
0.490334
0.419606
0.365748
0.414304
0.417889
0.33473
0.331437
0.310945
0.3201
0.322127
0.305498
0.248018
0.284379
0.314345
0.256149
0.285316
0.273523
0.169525
0.321155
0.330412
0.296891
L of Background Average
6.36156
9.78738
10.4965
10.6178
11.2608
11.2778
10.7876
10.4004
8.63813
10.9099
11.1726
12.306
13.0557
13.3881
13.732
13.6593
13.7199
13.8245
14.0486
14.0336
13.4349
13.0899
13.4492
13.3088
12.8327
13.3639
13.3806
12.4213
12.4894
13.0618
13.3898
13.1236
13.4598
13.3039
13.384
13.391
13.2045
13.1158
12.9027
12.8287
12.8783
12.7829
12.7455
11.8922
12.1466
12.1468
12.0926
12.0297
11.6043
11.5395
11.648
11.3679
11.3168
11.4027
11.3304
11.1568
10.8992
10.5922
10.7296
10.9601
10.9065
10.8001
10.7374
10.6707
9.01331
9.70111
11.0528
11.2946
11.843
12.253
12.0299
10.7091
11.4255
11.8203
13.2535
13.707
14.0842
14.3609
14.406
12.8547
5.93074
11.6623
14.0927
14.2253
14.1433
13.9479
13.5192
13.4731
13.3828
13.3587
12.9825
11.1589
11.2151
11.5714
11.5887
12.1641
12.5093
12.4753
12.0973
11.2956
12.1736
11.9566
11.4473
11.8679
11.776
11.5742
11.4306
11.1376
9.29002
8.6753
8.93302
8.3871
8.38662
9.25253
8.82492
5.56137
3.40134
4.65663
4.79586
5.23871
6.19573
7.43351
7.57991
8.14316
8.77394
8.95959
9.00294
8.90509
8.9668
8.84467
8.79477
8.69774
8.57832
8.47081
8.35282
8.16286
7.97307
7.82751
7.77576
7.54297
7.28176
6.86065
6.37016
5.8577
4.28833
2.5649
2.08522
2.28676
2.99014
2.73608
3.07481
4.00235
4.83864
5.23903
5.25065
5.10882
5.23825
5.36197
5.08738
5.12645
5.22726
5.35679
5.43064
5.51737
5.51453
5.43642
5.29577
4.96472
4.35682
4.2829
4.76506
4.8728
4.96778
4.825
4.52596
4.1226
3.78657
3.45974
2.92436
2.44575
2.12348
0.984459
0.167309
0.00960976
0.000826164
0.0101883
0.0221292
0.00904034
0.0161477
0.026374
0.0423371
0.10223
0.206852
0.32003
0.453642
0.438322
0.558176
0.710534
0.96315
1.07274
0.900645
0.881773
1.03079
1.25926
1.67573
1.98228
2.06416
2.26481
2.35459
2.44427
2.47027
2.48538
2.50529
2.52128
2.51055
2.50716
2.41006
2.26537
2.32881
2.40104
2.41615
2.34353
2.26349
2.31386
2.39804
2.43447
2.42003
2.34464
2.29239
2.29966
2.32474
2.298
2.2379
2.21634
2.15402
2.13545
2.08954
2.00903
1.89364
1.79157
1.66443
1.5358
1.46218
1.42196
1.44606
1.47472
1.44575
1.33566
1.30291
1.17014
1.02011
0.889851
0.667701
0.386636
0.206182
0.101522
0.0365422
0.0122405
0.00321321
0.000303712
0.000152402
0.000393076
0.000762794
0.00105783
0.00043318
0.00248599
0.0081344
0.00952304
0.00319287
0.000581671
0.00250919
0.00528487
0.0136576
0.0298511
0.0539099
0.0994176
0.149262
0.133612
0.149115
0.252204
0.400208
0.54066
0.657415
0.642146
0.469262
0.189888
0.188471
0.220498
0.367874
0.597722
0.724354
0.714136
0.605368
0.430016
0.426256
0.443596
0.522638
0.659043
0.715282
0.737489
0.73953
0.749199
0.752136
0.749119
0.74956
0.752901
0.756527
0.752779
0.728325
0.714799
0.694202
0.668422
0.677088
0.675489
0.647779
0.662146
0.635004
0.622796
0.633847
0.637531
0.632797
0.615217
0.597101
0.57537
0.556162
0.535202
0.50465
0.483401
0.451548
0.424825
0.398861
0.366843
0.316916
0.280791
0.257647
0.248859
0.279727
0.306912
0.283517
0.250234
0.21568
0.189828
0.210212
0.20801
0.163413
0.159628
0.150292
0.153851
0.153053
0.141077
0.111754
0.127548
0.140696
0.113707
0.124109
0.118075
0.0718534
0.134746
0.138236
0.123461
L of Target
14.4986
22.3134
23.924
24.1684
25.5848
25.5694
24.4004
23.481
19.4895
24.6284
25.2426
27.8129
29.5094
30.2584
31.0203
30.8484
31.0033
31.2705
31.7945
31.7515
30.3825
29.5988
30.4013
30.0474
28.916
30.0352
29.9443
27.6336
27.5962
28.6396
29.1313
28.3772
28.9876
28.5698
28.6678
28.6307
28.2217
28.0821
27.7326
27.7292
27.9999
27.911
27.8953
26.0671
26.682
26.7382
26.6586
26.5591
25.6699
25.5823
25.8699
25.2764
25.1841
25.4094
25.2968
24.9693
24.4476
23.809
24.175
24.7486
24.667
24.4434
24.2958
24.0006
19.8432
20.6275
22.6021
22.4023
22.6289
22.6128
21.4827
18.4319
19.0913
19.1612
20.8829
21.0234
21.1185
21.2084
21.0714
18.6654
8.50691
16.639
20.0001
20.0797
19.8931
19.5624
18.9122
18.8033
18.6315
18.5586
17.993
15.4137
15.4577
15.9169
15.9048
16.6615
17.1058
17.0399
16.4998
15.378
16.5497
16.2587
15.5577
16.0934
15.9261
15.6397
15.4528
15.0688
12.5674
11.7406
12.1002
11.3654
11.3725
12.5622
11.9831
7.54313
4.62049
6.35682
6.5712
7.20537
8.5482
10.2924
10.5262
11.3455
12.2489
12.4443
12.3293
12.0167
12.0081
11.8171
11.7198
11.5603
11.378
11.217
11.0518
10.7953
10.5341
10.3407
10.3006
10.0539
9.78113
9.27439
8.63718
7.94362
5.8135
3.48393
2.85073
3.15111
4.15425
3.829
4.3422
5.68852
6.88717
7.40896
7.32388
7.02396
7.12949
7.25139
6.82535
6.81307
6.90536
7.08294
7.22858
7.40413
7.4493
7.37117
7.19384
6.75403
5.93954
5.85095
6.51354
6.66424
6.82032
6.67401
6.31748
5.81843
5.43209
5.07029
4.37973
3.73214
3.27726
1.52927
0.26113
0.0146745
0.000891164
0.0152794
0.0375508
0.0157556
0.0278388
0.0498562
0.0801332
0.194725
0.398247
0.624471
0.894168
0.870963
1.11878
1.43193
1.94467
2.16458
1.81566
1.77611
2.06037
2.47922
3.25057
3.81142
3.9413
4.29494
4.43393
4.56805
4.57675
4.5622
4.55781
4.55269
4.50501
4.46847
4.25138
3.94865
4.02728
4.13909
4.14728
3.98777
3.80794
3.85989
3.98353
4.03094
3.9845
3.82945
3.71574
3.71052
3.74079
3.68615
3.57772
3.53492
3.43567
3.41483
3.35003
3.214
3.00027
2.7941
2.54091
2.28746
2.15362
2.13754
2.25073
2.35687
2.33354
2.15355
2.10634
1.91635
1.7027
1.50991
1.1476
0.67422
0.372467
0.191206
0.0722172
0.02565
0.00692104
0.000645498
0.000319988
0.000855196
0.00168226
0.00232396
0.000969049
0.00577812
0.0189142
0.0220187
0.00732631
0.00131273
0.00575365
0.0121721
0.0318656
0.0697997
0.126403
0.23344
0.349449
0.31127
0.344023
0.576068
0.904771
1.21082
1.45864
1.41044
1.01975
0.408854
0.403287
0.470381
0.782017
1.26548
1.52715
1.49894
1.2654
0.894903
0.884866
0.919286
1.08176
1.36263
1.47605
1.51752
1.51601
1.5318
1.5352
1.5247
1.5205
1.52266
1.52844
1.5182
1.46398
1.43097
1.38478
1.32905
1.34178
1.33154
1.27239
1.29436
1.23656
1.20966
1.22927
1.23509
1.2242
1.18795
1.15334
1.11347
1.07856
1.04043
0.98449
0.943996
0.876226
0.81883
0.76263
0.692265
0.580496
0.491451
0.440512
0.429936
0.522846
0.593278
0.553785
0.490334
0.419606
0.365748
0.414304
0.417889
0.33473
0.331437
0.310945
0.3201
0.322127
0.305498
0.248018
0.284379
0.314345
0.256149
0.285316
0.273523
0.169525
0.321155
0.330412
0.296891
