SNR of Background 1
13.6691
22.449
25.5552
27.7976
30.8028
33.4418
35.5259
37.489
35.5417
43.2119
45.7811
50.0475
53.6958
56.0475
58.063
59.4235
60.6212
62.0111
63.3004
64.5375
64.7706
65.3026
66.9463
67.8845
67.3767
68.8625
69.1265
68.4903
69.4174
71.5541
72.9639
73.3266
74.4327
74.6055
75.0337
75.4863
75.6332
75.6242
75.3373
75.112
74.8327
74.6271
74.5887
73.4032
73.842
74.0008
73.2776
72.2383
70.6228
69.1258
68.9557
68.108
67.668
67.487
66.5949
65.6296
64.3907
63.594
63.4616
63.7081
63.4851
63.2368
63.2895
64.2463
63.1915
69.3014
75.543
77.9991
80.5752
82.2141
82.9827
82.1699
83.5261
84.5457
86.2095
86.7393
87.2288
87.3241
87.1355
85.5008
72.3667
83.3532
85.4684
85.175
84.3806
83.6571
82.6311
81.9364
81.1412
80.5658
79.7796
77.0573
76.3887
76.616
75.7894
76.2954
76.4023
75.9222
74.2779
72.4282
73.357
72.3867
70.861
71.7634
70.9783
69.9031
68.8367
67.403
62.3324
59.6582
59.2321
56.4916
55.1921
56.222
53.5769
40.5735
27.9979
49.084
47.706
32.3899
51.5938
56.79
55.2834
52.7619
47.8923
37.608
23.899
24.3172
24.9802
27.7676
28.0181
30.8391
33.449
33.5043
35.8544
35.4108
37.3044
39.2039
39.1208
40.3555
41.211
39.347
38.9941
38.3807
31.2545
20.7899
17.9401
21.1846
27.9157
26.6798
30.2293
38.5043
45.5759
49.6282
50.2446
51.0513
53.3711
55.4457
55.1934
57.0086
60.0401
61.9082
63.164
64.3941
65.1134
66.2407
66.2453
64.973
61.5091
61.7496
66.0188
67.5224
68.7244
68.9263
67.2603
64.5135
61.7527
58.4358
52.3443
46.095
41.5769
21.8199
3.98738
0.244224
0.0313289
0.27782
0.494251
0.194331
0.362693
0.474644
0.774324
1.84227
3.6594
5.49392
7.63167
7.2023
9.01268
11.3401
15.1542
17.0984
14.7571
14.5786
17.6703
22.5423
30.8711
37.1168
39.3593
43.73
46.4725
48.829
50.7932
52.6407
54.0782
56.0212
57.4701
58.6708
59.1941
59.049
61.1802
63.3996
64.8581
65.3228
65.4463
67.1274
68.9537
70.3508
70.9319
70.8396
71.0122
71.4588
72.0565
71.9962
71.54
71.4886
70.7913
70.5139
69.8716
68.9404
67.7429
66.9749
65.8653
64.6182
63.2931
61.5387
60.4351
59.4653
58.8824
56.5292
55.7826
51.9843
46.3926
41.517
32.447
19.3536
9.75114
4.36687
1.34042
0.346167
0.0775778
0.00800131
0.00427377
0.00881918
0.0155101
0.0218376
0.0076476
0.0292563
0.0949235
0.117739
0.0429547
0.00925587
0.0343694
0.0688912
0.151089
0.323268
0.56111
1.01331
1.60899
1.5419
1.94383
3.6342
6.35609
9.27504
11.9517
12.544
9.89911
4.27831
4.43333
5.30893
9.03361
14.8794
18.3633
18.6352
16.2148
11.9457
12.0042
12.5969
14.8537
18.5939
20.2722
20.9398
21.3576
22.007
22.3754
22.4935
22.9411
23.4682
23.5776
23.7934
23.2894
23.1672
22.7792
22.1909
22.6448
22.7039
22.0125
22.7383
22.0836
21.5633
21.6725
21.3009
20.6777
19.6712
18.7726
17.467
16.2345
15.2524
13.9745
13.0972
12.2888
11.7698
11.1223
10.4606
9.6505
9.71448
9.52376
9.12099
8.5076
8.50487
7.69147
6.81174
6.10851
5.49683
5.55011
4.96154
3.55085
3.21919
3.04297
2.99093
2.76793
2.09594
1.37267
1.46166
1.55974
1.13215
0.971165
0.828471
0.371863
0.572239
0.531513
0.403757
SNR of Background 2
62.5035
75.3967
78.4422
80.2199
82.2767
83.8154
84.8615
85.8017
84.7339
88.5289
89.6338
91.1696
92.3078
92.9751
93.4945
93.838
94.1635
94.5338
94.849
95.1113
95.1581
95.2767
95.5998
95.7524
95.6127
95.8284
95.7626
95.4744
95.4719
95.7029
95.7986
95.7295
95.8716
95.8492
95.8867
95.947
95.9763
96.0211
96.0553
96.1455
96.2309
96.2952
96.35
96.1818
96.3222
96.4011
96.3091
96.1626
95.9207
95.7046
95.733
95.6171
95.5667
95.5762
95.4728
95.3767
95.2262
95.1491
95.2145
95.3486
95.3727
95.3584
95.3676
95.337
94.3949
94.632
95.1008
95.0737
95.074
94.9658
94.6742
93.7403
93.7774
93.7184
94.0406
93.9039
93.8299
93.6655
93.4262
92.4047
84.0456
90.8482
92.0076
91.742
91.1996
90.704
90.017
89.5316
88.9734
88.5557
87.9905
86.101
85.5868
85.6876
85.0568
85.3499
85.3773
85.0126
83.8152
82.4322
83.0592
82.3655
81.2308
81.8234
81.1572
80.3254
79.5373
78.4726
74.4761
72.3003
71.9826
69.6826
68.589
69.5306
67.2293
54.7909
40.9414
63.4525
62.3548
48.6392
71.5095
75.96
74.9525
73.0995
68.9751
58.1111
39.5033
39.1149
39.5372
43.1513
43.3051
46.7618
49.8459
49.7967
52.536
51.9831
54.1092
56.2398
56.3451
58.143
59.6235
58.0661
57.9003
57.2356
48.7371
34.5041
30.5647
36.0041
46.1869
45.0374
50.5038
60.9266
68.2224
71.4351
71.0579
70.818
72.1659
73.5028
72.8118
73.7471
75.8366
77.3309
78.6187
79.9191
80.7465
81.6935
81.7839
80.9915
78.6572
78.9416
81.9261
82.9362
83.8708
84.3127
83.6727
82.4477
81.4635
80.3914
77.3747
73.6916
70.5091
46.049
9.78205
0.574495
0.0356631
0.624267
1.56255
0.67015
1.20637
2.19831
3.59581
8.6863
17.5979
26.9971
37.1867
36.5797
45.0438
53.8795
64.282
68.2063
63.1217
62.5434
67.8263
73.433
80.6751
84.4337
85.2474
87.0896
87.9363
88.5244
88.8733
89.1411
89.2699
89.6674
89.9295
90.0798
89.8401
89.2747
89.7687
90.4688
90.8325
90.6884
90.3236
90.6494
91.1746
91.5693
91.6021
91.3233
91.1523
91.1789
91.3205
91.203
90.9261
90.8329
90.5603
90.5342
90.3648
89.9167
89.0684
88.1299
86.7351
85.0106
83.7353
83.6772
84.739
85.5011
85.6794
84.3693
84.0966
82.62
80.2273
77.8377
70.5419
53.0939
34.1332
19.0745
7.4724
2.67577
0.723041
0.068065
0.0336108
0.088696
0.174051
0.237278
0.0975322
0.579158
1.88389
2.16038
0.717887
0.128751
0.570112
1.2054
3.14469
6.89053
12.2892
21.892
31.5385
28.5169
31.0273
46.1303
61.3188
70.4961
75.4125
74.4859
64.6881
34.8691
34.6782
39.4423
56.4391
72.076
77.3498
77.0521
72.3718
61.6175
61.3028
62.6249
67.8986
74.6551
76.8127
77.2954
77.314
77.7757
77.9996
77.766
77.8645
78.0969
78.0913
78.1201
77.1086
76.441
75.4914
74.2904
74.4577
73.8492
72.4333
72.8183
71.3969
70.2865
70.25
69.5396
68.3621
66.4124
64.8489
62.606
60.332
58.4795
55.9053
53.7611
50.5555
48.0639
44.9957
41.2241
35.2418
31.0227
28.5663
28.292
33.7806
37.8215
36.1621
33.0698
29.2887
25.6902
28.3488
27.8595
22.6013
22.1607
20.6499
20.9435
20.7977
19.236
15.5924
17.1895
18.5869
14.8307
15.8661
14.9823
9.116
16.5463
16.3667
14.5202
SNR of Background Average
42.2566
57.3534
61.4969
64.0613
67.1495
69.559
71.258
72.8085
71.1065
77.3743
79.2884
82.0444
84.153
85.4167
86.4189
87.0873
87.7162
88.4352
89.0562
89.5836
89.682
89.9215
90.5774
90.8976
90.6305
91.0891
90.9909
90.4618
90.5155
91.0384
91.2906
91.2035
91.5141
91.4924
91.5858
91.7175
91.7775
91.8517
91.8899
92.0264
92.1533
92.2513
92.3444
91.9959
92.2626
92.407
92.2104
91.9039
91.4022
90.9515
90.9936
90.7518
90.6438
90.6513
90.4278
90.2144
89.8933
89.72
89.8291
90.0789
90.1132
90.078
90.0987
90.0905
88.4404
89.2381
90.4705
90.6814
90.9927
91.0896
90.8723
89.6925
90.0201
90.2004
90.9222
90.9454
91.0255
90.9201
90.6692
89.3383
78.601
87.4347
89.0258
88.7273
88.0504
87.4333
86.5707
85.9723
85.2864
84.7804
84.0943
81.7695
81.1633
81.3187
80.5746
80.9663
81.0258
80.595
79.1552
77.5131
78.2937
77.4536
76.1045
76.8522
76.106
75.1358
74.1977
72.9341
68.3275
65.8589
65.4824
62.9141
61.6946
62.7016
60.177
47.194
33.7932
55.9874
54.7334
39.7529
61.3833
66.4803
65.1789
62.8904
58.1428
47.0108
30.546
30.6006
31.1623
34.3696
34.5791
37.7455
40.633
40.6386
43.2302
42.7231
44.776
46.8403
46.852
48.4145
49.6294
47.8672
47.604
46.9461
38.9405
26.5674
23.212
27.4648
35.9231
34.7063
39.2973
49.0402
56.657
60.4754
60.5057
60.7161
62.5826
64.3311
63.7935
65.1767
67.8073
69.5572
70.9173
72.2847
73.1357
74.2379
74.3028
73.2481
70.2547
70.5456
74.3146
75.6159
76.7498
77.1506
76.0558
74.1201
72.3537
70.3106
65.7337
60.5751
56.4692
32.655
6.3283
0.376366
0.0330621
0.416437
0.922068
0.384744
0.700474
1.16548
1.90701
4.60981
9.3989
14.5915
20.6404
20.1041
25.5144
31.9134
40.9256
44.9076
39.8671
39.3512
44.8155
51.6367
61.8307
68.0044
69.5811
72.9881
74.7131
75.9964
76.8677
77.5997
78.0603
78.9794
79.6152
80.052
79.8468
79.1043
80.1733
81.5099
82.2652
82.1851
81.7725
82.528
83.5468
84.3155
84.4798
84.1372
83.9832
84.1168
84.4134
84.2696
83.8586
83.7452
83.2818
83.1862
82.847
82.1362
80.9407
79.7894
78.1417
76.2206
74.7088
74.0687
74.652
75.0829
75.0913
73.1235
72.6392
70.0772
66.0711
62.2783
52.8491
35.2979
20.2955
10.4425
3.81639
1.28078
0.335947
0.0320274
0.0160085
0.0407715
0.0789358
0.108032
0.0436031
0.249343
0.812031
0.93679
0.313117
0.0570579
0.248789
0.524092
1.35313
2.97549
5.34714
9.74895
14.5646
13.0803
14.5007
23.379
34.8339
43.972
50.0448
49.2291
39.0392
17.6631
17.6551
20.5563
32.5073
47.5892
54.3086
54.0597
48.3585
37.5149
37.3068
38.5591
43.7585
51.4784
54.3183
55.0612
55.2142
55.93
56.2947
56.071
56.3195
56.7418
56.7685
56.8676
55.6062
54.8592
53.7505
52.3505
52.6717
52.1013
50.5214
51.1406
49.606
48.4322
48.4418
47.6889
46.4565
44.4732
42.8844
40.6487
38.477
36.756
34.4565
32.6726
30.3238
28.6132
26.5675
24.2096
20.7699
18.8039
17.5713
17.2205
19.4394
21.4262
20.1578
18.1669
15.9896
13.9989
15.2415
14.6856
11.5115
11.1267
10.3613
10.4598
10.2677
9.1993
7.21454
7.9482
8.60749
6.75029
7.09638
6.63707
3.91712
7.15512
7.05454
6.19342
SNR of Target
62.5035
75.3967
78.4422
80.2199
82.2767
83.8154
84.8615
85.8017
84.7339
88.5289
89.6338
91.1696
92.3078
92.9751
93.4945
93.838
94.1635
94.5338
94.849
95.1113
95.1581
95.2767
95.5998
95.7524
95.6127
95.8284
95.7626
95.4744
95.4719
95.7029
95.7986
95.7295
95.8716
95.8492
95.8867
95.947
95.9763
96.0211
96.0553
96.1455
96.2309
96.2952
96.35
96.1818
96.3222
96.4011
96.3091
96.1626
95.9207
95.7046
95.733
95.6171
95.5667
95.5762
95.4728
95.3767
95.2262
95.1491
95.2145
95.3486
95.3727
95.3584
95.3676
95.337
94.3949
94.632
95.1008
95.0737
95.074
94.9658
94.6742
93.7403
93.7774
93.7184
94.0406
93.9039
93.8299
93.6655
93.4262
92.4047
84.0456
90.8482
92.0076
91.742
91.1996
90.704
90.017
89.5316
88.9734
88.5557
87.9905
86.101
85.5868
85.6876
85.0568
85.3499
85.3773
85.0126
83.8152
82.4322
83.0592
82.3655
81.2308
81.8234
81.1572
80.3254
79.5373
78.4726
74.4761
72.3003
71.9826
69.6826
68.589
69.5306
67.2293
54.7909
40.9414
63.4525
62.3548
48.6392
71.5095
75.96
74.9525
73.0995
68.9751
58.1111
39.5033
39.1149
39.5372
43.1513
43.3051
46.7618
49.8459
49.7967
52.536
51.9831
54.1092
56.2398
56.3451
58.143
59.6235
58.0661
57.9003
57.2356
48.7371
34.5041
30.5647
36.0041
46.1869
45.0374
50.5038
60.9266
68.2224
71.4351
71.0579
70.818
72.1659
73.5028
72.8118
73.7471
75.8366
77.3309
78.6187
79.9191
80.7465
81.6935
81.7839
80.9915
78.6572
78.9416
81.9261
82.9362
83.8708
84.3127
83.6727
82.4477
81.4635
80.3914
77.3747
73.6916
70.5091
46.049
9.78205
0.574495
0.0356631
0.624267
1.56255
0.67015
1.20637
2.19831
3.59581
8.6863
17.5979
26.9971
37.1867
36.5797
45.0438
53.8795
64.282
68.2063
63.1217
62.5434
67.8263
73.433
80.6751
84.4337
85.2474
87.0896
87.9363
88.5244
88.8733
89.1411
89.2699
89.6674
89.9295
90.0798
89.8401
89.2747
89.7687
90.4688
90.8325
90.6884
90.3236
90.6494
91.1746
91.5693
91.6021
91.3233
91.1523
91.1789
91.3205
91.203
90.9261
90.8329
90.5603
90.5342
90.3648
89.9167
89.0684
88.1299
86.7351
85.0106
83.7353
83.6772
84.739
85.5011
85.6794
84.3693
84.0966
82.62
80.2273
77.8377
70.5419
53.0939
34.1332
19.0745
7.4724
2.67577
0.723041
0.068065
0.0336108
0.088696
0.174051
0.237278
0.0975322
0.579158
1.88389
2.16038
0.717887
0.128751
0.570112
1.2054
3.14469
6.89053
12.2892
21.892
31.5385
28.5169
31.0273
46.1303
61.3188
70.4961
75.4125
74.4859
64.6881
34.8691
34.6782
39.4423
56.4391
72.076
77.3498
77.0521
72.3718
61.6175
61.3028
62.6249
67.8986
74.6551
76.8127
77.2954
77.314
77.7757
77.9996
77.766
77.8645
78.0969
78.0913
78.1201
77.1086
76.441
75.4914
74.2904
74.4577
73.8492
72.4333
72.8183
71.3969
70.2865
70.25
69.5396
68.3621
66.4124
64.8489
62.606
60.332
58.4795
55.9053
53.7611
50.5555
48.0639
44.9957
41.2241
35.2418
31.0227
28.5663
28.292
33.7806
37.8215
36.1621
33.0698
29.2887
25.6902
28.3488
27.8595
22.6013
22.1607
20.6499
20.9435
20.7977
19.236
15.5924
17.1895
18.5869
14.8307
15.8661
14.9823
9.116
16.5463
16.3667
14.5202
